# For publication of results, please cite:
# ...
# ... Michael Schantz Klausen, Martin Closter Jespersen, Henrik Nielsen, Kamilla Kjærgaard Jensen, 
# ... Vanessa Isabell Jurtz, Casper Kaae Sønderby, Morten Otto Alexander Sommer, Ole Winther, 
# ... Morten Nielsen, Bent Petersen, and Paolo Marcatili. 
# ... NetSurfP-2.0: Improved prediction of protein structural features by integrated deep learning.
# ... Proteins: Structure, Function, and Bioinformatics (Feb. 2019).
# ... https://doi.org/10.1002/prot.25674
# ...
#
# Column 1: Class assignment - B for buried or E for Exposed - Threshold: 25% exposure, but not based on RSA
# Column 2: Amino acid
# Column 3: Sequence name
# Column 4: Amino acid number
# Column 5: Relative Surface Accessibility - RSA
# Column 6: Absolute Surface Accessibility
# Column 7: Not used
# Column 8: Probability for Alpha-Helix
# Column 9: Probability for Beta-strand
# Column 10: Probability for Coil
E M  3M71A                  1    0.739 147.902   0.000   0.001   0.000   0.999
E N  3M71A                  2    0.855 125.148   0.000   0.002   0.005   0.993
E I  3M71A                  3    0.573 106.068   0.000   0.008   0.011   0.981
E T  3M71A                  4    0.739 102.552   0.000   0.010   0.020   0.969
E K  3M71A                  5    0.646 132.975   0.000   0.001   0.013   0.986
E P  3M71A                  6    0.489  69.454   0.000   0.001   0.019   0.980
E F  3M71A                  7    0.448  89.948   0.000   0.002   0.147   0.850
E P  3M71A                  8    0.495  70.186   0.000   0.002   0.135   0.864
B L  3M71A                  9    0.155  28.423   0.000   0.003   0.103   0.893
E P  3M71A                 10    0.319  45.210   0.000   0.004   0.033   0.964
E T  3M71A                 11    0.289  40.101   0.000   0.664   0.004   0.332
B G  3M71A                 12    0.197  15.471   0.000   0.774   0.001   0.225
E Y  3M71A                 13    0.265  56.557   0.000   0.754   0.002   0.244
B F  3M71A                 14    0.137  27.525   0.000   0.599   0.003   0.397
B G  3M71A                 15    0.077   6.078   0.000   0.833   0.001   0.166
B I  3M71A                 16    0.128  23.771   0.000   0.982   0.000   0.018
B P  3M71A                 17    0.063   8.909   0.000   0.986   0.000   0.014
B L  3M71A                 18    0.124  22.743   0.000   0.993   0.000   0.007
B G  3M71A                 19    0.109   8.555   0.000   0.998   0.000   0.002
B L  3M71A                 20    0.136  24.988   0.000   0.997   0.000   0.003
B A  3M71A                 21    0.077   8.521   0.000   0.999   0.000   0.001
B A  3M71A                 22    0.196  21.572   0.000   0.999   0.000   0.001
B L  3M71A                 23    0.226  41.331   0.000   0.998   0.000   0.002
B S  3M71A                 24    0.089  10.438   0.000   0.997   0.000   0.003
B L  3M71A                 25    0.208  38.169   0.000   0.992   0.000   0.008
B A  3M71A                 26    0.225  24.830   0.000   0.985   0.000   0.015
B W  3M71A                 27    0.224  53.870   0.000   0.979   0.000   0.021
E F  3M71A                 28    0.296  59.388   0.000   0.891   0.000   0.108
E H  3M71A                 29    0.556 101.187   0.000   0.675   0.000   0.325
E L  3M71A                 30    0.307  56.193   0.000   0.284   0.001   0.715
E E  3M71A                 31    0.617 107.807   0.000   0.265   0.002   0.734
E N  3M71A                 32    0.798 116.761   0.000   0.240   0.002   0.758
E L  3M71A                 33    0.422  77.338   0.000   0.365   0.008   0.627
E F  3M71A                 34    0.409  81.999   0.000   0.156   0.008   0.836
E P  3M71A                 35    0.635  90.037   0.000   0.737   0.001   0.262
E A  3M71A                 36    0.625  68.838   0.000   0.718   0.001   0.281
B A  3M71A                 37    0.171  18.868   0.000   0.827   0.001   0.172
E R  3M71A                 38    0.397  90.832   0.000   0.955   0.001   0.044
E M  3M71A                 39    0.585 117.045   0.000   0.975   0.000   0.025
E V  3M71A                 40    0.295  45.386   0.000   0.977   0.000   0.022
B S  3M71A                 41    0.020   2.338   0.000   0.997   0.000   0.003
E D  3M71A                 42    0.383  55.136   0.000   0.999   0.000   0.001
E V  3M71A                 43    0.488  74.981   0.000   0.997   0.000   0.003
B L  3M71A                 44    0.100  18.363   0.000   0.996   0.000   0.004
B G  3M71A                 45    0.057   4.482   0.000   0.997   0.000   0.003
E I  3M71A                 46    0.439  81.269   0.000   0.999   0.000   0.001
E V  3M71A                 47    0.355  54.632   0.000   0.998   0.000   0.002
B A  3M71A                 48    0.012   1.288   0.000   0.999   0.000   0.001
B S  3M71A                 49    0.188  22.000   0.000   0.999   0.000   0.001
E A  3M71A                 50    0.468  51.532   0.000   0.998   0.000   0.002
B V  3M71A                 51    0.176  27.023   0.000   0.998   0.000   0.002
B W  3M71A                 52    0.066  15.949   0.000   0.999   0.000   0.001
E I  3M71A                 53    0.386  71.437   0.000   0.999   0.000   0.001
E L  3M71A                 54    0.455  83.354   0.000   0.998   0.000   0.002
B F  3M71A                 55    0.087  17.460   0.000   0.996   0.000   0.004
B I  3M71A                 56    0.109  20.172   0.000   0.998   0.000   0.002
E L  3M71A                 57    0.487  89.090   0.000   0.997   0.000   0.003
E M  3M71A                 58    0.259  51.756   0.000   0.996   0.000   0.004
B Y  3M71A                 59    0.066  14.162   0.000   0.994   0.000   0.006
E A  3M71A                 60    0.254  28.031   0.000   0.995   0.000   0.005
E Y  3M71A                 61    0.545 116.389   0.000   0.992   0.000   0.008
B K  3M71A                 62    0.156  32.149   0.000   0.987   0.000   0.013
B L  3M71A                 63    0.103  18.775   0.000   0.981   0.000   0.019
E R  3M71A                 64    0.627 143.534   0.000   0.883   0.000   0.116
E Y  3M71A                 65    0.600 128.143   0.000   0.846   0.000   0.154
E Y  3M71A                 66    0.292  62.425   0.000   0.071   0.001   0.929
E F  3M71A                 67    0.436  87.534   0.000   0.902   0.001   0.097
E E  3M71A                 68    0.721 126.035   0.000   0.954   0.000   0.046
E E  3M71A                 69    0.342  59.703   0.000   0.947   0.000   0.052
B V  3M71A                 70    0.079  12.188   0.000   0.970   0.000   0.029
E R  3M71A                 71    0.497 113.908   0.000   0.971   0.000   0.028
E A  3M71A                 72    0.443  48.797   0.000   0.956   0.000   0.044
B E  3M71A                 73    0.126  22.093   0.000   0.947   0.000   0.053
B Y  3M71A                 74    0.215  46.044   0.000   0.756   0.001   0.243
E H  3M71A                 75    0.610 110.956   0.000   0.382   0.000   0.617
E S  3M71A                 76    0.269  31.515   0.000   0.002   0.001   0.997
E P  3M71A                 77    0.301  42.713   0.000   0.894   0.000   0.106
E V  3M71A                 78    0.283  43.476   0.000   0.943   0.001   0.057
E R  3M71A                 79    0.320  73.224   0.000   0.937   0.002   0.061
B F  3M71A                 80    0.055  11.010   0.000   0.932   0.001   0.067
B S  3M71A                 81    0.071   8.358   0.000   0.900   0.002   0.098
B F  3M71A                 82    0.203  40.702   0.000   0.834   0.001   0.165
B I  3M71A                 83    0.223  41.311   0.000   0.783   0.001   0.216
B A  3M71A                 84    0.045   4.909   0.000   0.745   0.001   0.255
B L  3M71A                 85    0.046   8.439   0.000   0.910   0.000   0.090
B I  3M71A                 86    0.183  33.893   0.000   0.995   0.000   0.005
B P  3M71A                 87    0.072  10.197   0.000   0.999   0.000   0.001
B I  3M71A                 88    0.076  14.079   0.000   0.999   0.000   0.001
B T  3M71A                 89    0.095  13.134   0.000   0.998   0.000   0.002
B T  3M71A                 90    0.123  17.128   0.000   0.998   0.000   0.002
B M  3M71A                 91    0.091  18.130   0.000   0.999   0.000   0.001
B L  3M71A                 92    0.138  25.246   0.000   0.998   0.000   0.002
B V  3M71A                 93    0.180  27.702   0.000   0.992   0.000   0.008
B G  3M71A                 94    0.060   4.685   0.000   0.986   0.000   0.014
B D  3M71A                 95    0.111  16.041   0.000   0.978   0.000   0.022
B I  3M71A                 96    0.243  44.877   0.000   0.938   0.001   0.062
E L  3M71A                 97    0.394  72.087   0.000   0.821   0.001   0.178
E Y  3M71A                 98    0.425  90.852   0.000   0.330   0.001   0.669
E R  3M71A                 99    0.737 168.811   0.000   0.175   0.003   0.822
E W  3M71A                100    0.521 125.310   0.000   0.136   0.012   0.852
E N  3M71A                101    0.460  67.323   0.000   0.011   0.001   0.988
E P  3M71A                102    0.392  55.607   0.000   0.870   0.000   0.129
E L  3M71A                103    0.594 108.702   0.000   0.956   0.000   0.043
E I  3M71A                104    0.328  60.662   0.000   0.981   0.000   0.018
B A  3M71A                105    0.016   1.772   0.000   0.998   0.000   0.002
E E  3M71A                106    0.344  60.156   0.000   0.999   0.000   0.001
E V  3M71A                107    0.489  75.185   0.000   0.999   0.000   0.001
B L  3M71A                108    0.134  24.604   0.000   0.999   0.000   0.001
B I  3M71A                109    0.036   6.728   0.000   0.999   0.000   0.001
E W  3M71A                110    0.419 100.806   0.000   0.999   0.000   0.001
E I  3M71A                111    0.426  78.857   0.000   0.998   0.000   0.002
B G  3M71A                112    0.015   1.152   0.000   0.999   0.000   0.001
B T  3M71A                113    0.088  12.163   0.000   0.999   0.000   0.001
E I  3M71A                114    0.496  91.721   0.000   0.998   0.000   0.002
B G  3M71A                115    0.209  16.448   0.000   0.998   0.000   0.002
B Q  3M71A                116    0.023   4.112   0.000   0.998   0.000   0.002
E L  3M71A                117    0.251  46.022   0.000   0.998   0.000   0.002
E L  3M71A                118    0.505  92.556   0.000   0.996   0.000   0.004
B F  3M71A                119    0.157  31.467   0.000   0.986   0.000   0.014
B S  3M71A                120    0.021   2.434   0.000   0.986   0.000   0.014
E T  3M71A                121    0.389  53.961   0.000   0.976   0.000   0.024
E L  3M71A                122    0.416  76.096   0.000   0.959   0.000   0.041
B R  3M71A                123    0.129  29.601   0.000   0.980   0.000   0.020
B V  3M71A                124    0.130  20.030   0.000   0.985   0.000   0.015
E S  3M71A                125    0.386  45.264   0.000   0.982   0.000   0.017
E E  3M71A                126    0.271  47.348   0.000   0.989   0.000   0.011
B L  3M71A                127    0.148  27.038   0.000   0.984   0.000   0.016
E W  3M71A                128    0.459 110.435   0.000   0.890   0.002   0.109
E Q  3M71A                129    0.608 108.565   0.000   0.677   0.001   0.321
E G  3M71A                130    0.551  43.380   0.000   0.160   0.002   0.838
E G  3M71A                131    0.482  37.968   0.000   0.007   0.001   0.991
E V  3M71A                132    0.570  87.550   0.000   0.006   0.024   0.970
B F  3M71A                133    0.216  43.422   0.000   0.011   0.092   0.897
E E  3M71A                134    0.604 105.499   0.000   0.008   0.075   0.917
E Q  3M71A                135    0.418  74.675   0.000   0.404   0.041   0.555
E K  3M71A                136    0.671 138.042   0.000   0.467   0.014   0.519
E S  3M71A                137    0.335  39.317   0.000   0.629   0.026   0.346
B T  3M71A                138    0.094  13.017   0.000   0.020   0.143   0.837
B H  3M71A                139    0.215  39.049   0.000   0.005   0.009   0.985
B P  3M71A                140    0.152  21.636   0.000   0.801   0.001   0.198
B S  3M71A                141    0.096  11.215   0.000   0.939   0.000   0.061
B F  3M71A                142    0.121  24.371   0.000   0.923   0.000   0.077
B Y  3M71A                143    0.101  21.629   0.000   0.873   0.000   0.127
B L  3M71A                144    0.182  33.375   0.000   0.938   0.000   0.061
B P  3M71A                145    0.086  12.189   0.000   0.969   0.000   0.031
B A  3M71A                146    0.076   8.333   0.000   0.976   0.000   0.024
B V  3M71A                147    0.136  20.878   0.000   0.973   0.000   0.026
B A  3M71A                148    0.057   6.299   0.000   0.982   0.000   0.018
B A  3M71A                149    0.036   4.008   0.000   0.990   0.000   0.010
B N  3M71A                150    0.071  10.450   0.000   0.991   0.000   0.009
B F  3M71A                151    0.170  34.169   0.000   0.972   0.001   0.028
B T  3M71A                152    0.056   7.777   0.000   0.956   0.001   0.044
B S  3M71A                153    0.018   2.148   0.000   0.964   0.000   0.036
B A  3M71A                154    0.069   7.557   0.000   0.945   0.001   0.054
B S  3M71A                155    0.158  18.560   0.000   0.847   0.002   0.151
B S  3M71A                156    0.045   5.230   0.000   0.862   0.001   0.137
B L  3M71A                157    0.047   8.587   0.000   0.939   0.001   0.061
E A  3M71A                158    0.303  33.365   0.000   0.944   0.001   0.055
E L  3M71A                159    0.486  89.060   0.000   0.882   0.001   0.117
E L  3M71A                160    0.332  60.850   0.000   0.444   0.001   0.555
E G  3M71A                161    0.521  40.987   0.000   0.059   0.002   0.939
E Y  3M71A                162    0.393  83.910   0.000   0.131   0.007   0.862
E H  3M71A                163    0.475  86.395   0.000   0.854   0.001   0.145
E D  3M71A                164    0.689  99.219   0.000   0.948   0.000   0.051
E L  3M71A                165    0.270  49.462   0.000   0.967   0.000   0.033
B G  3M71A                166    0.008   0.626   0.000   0.997   0.000   0.003
E Y  3M71A                167    0.356  76.118   0.000   0.998   0.000   0.002
E L  3M71A                168    0.441  80.799   0.000   0.998   0.000   0.002
B F  3M71A                169    0.066  13.164   0.000   0.998   0.000   0.002
B F  3M71A                170    0.045   9.114   0.000   0.998   0.000   0.002
E G  3M71A                171    0.266  20.926   0.000   0.997   0.000   0.003
E A  3M71A                172    0.361  39.730   0.000   0.998   0.000   0.002
B G  3M71A                173    0.006   0.481   0.000   0.999   0.000   0.001
B M  3M71A                174    0.149  29.891   0.000   0.998   0.000   0.002
E I  3M71A                175    0.440  81.325   0.000   0.996   0.000   0.004
B A  3M71A                176    0.160  17.617   0.000   0.996   0.000   0.004
B W  3M71A                177    0.071  17.148   0.000   0.996   0.000   0.004
E I  3M71A                178    0.378  69.974   0.000   0.985   0.000   0.015
E I  3M71A                179    0.458  84.818   0.000   0.940   0.000   0.059
B F  3M71A                180    0.099  19.869   0.000   0.907   0.000   0.093
B E  3M71A                181    0.124  21.624   0.000   0.991   0.000   0.009
E P  3M71A                182    0.252  35.814   0.000   0.997   0.000   0.003
E V  3M71A                183    0.291  44.800   0.000   0.998   0.000   0.002
B L  3M71A                184    0.084  15.408   0.000   0.999   0.000   0.001
B L  3M71A                185    0.183  33.506   0.000   0.997   0.000   0.003
E Q  3M71A                186    0.423  75.607   0.000   0.991   0.000   0.009
B H  3M71A                187    0.247  44.879   0.000   0.988   0.000   0.012
B L  3M71A                188    0.134  24.536   0.000   0.960   0.000   0.040
E R  3M71A                189    0.512 117.354   0.000   0.866   0.001   0.133
E I  3M71A                190    0.586 108.367   0.000   0.676   0.001   0.323
E S  3M71A                191    0.350  41.057   0.000   0.090   0.002   0.907
E S  3M71A                192    0.741  86.894   0.000   0.006   0.003   0.991
B L  3M71A                193    0.183  33.589   0.000   0.001   0.016   0.983
E E  3M71A                194    0.553  96.557   0.000   0.001   0.001   0.998
E P  3M71A                195    0.592  83.976   0.000   0.881   0.000   0.119
E Q  3M71A                196    0.580 103.563   0.000   0.922   0.001   0.077
B F  3M71A                197    0.205  41.125   0.000   0.918   0.001   0.081
E R  3M71A                198    0.289  66.130   0.000   0.960   0.002   0.038
B A  3M71A                199    0.142  15.616   0.000   0.970   0.001   0.029
B T  3M71A                200    0.086  11.989   0.000   0.970   0.001   0.029
B M  3M71A                201    0.105  21.110   0.000   0.967   0.001   0.032
B G  3M71A                202    0.113   8.900   0.000   0.931   0.002   0.068
B I  3M71A                203    0.174  32.181   0.000   0.954   0.002   0.044
B V  3M71A                204    0.113  17.388   0.000   0.908   0.004   0.088
B L  3M71A                205    0.143  26.244   0.000   0.834   0.002   0.164
B A  3M71A                206    0.058   6.445   0.000   0.973   0.000   0.027
B P  3M71A                207    0.049   6.950   0.000   0.992   0.000   0.008
B A  3M71A                208    0.115  12.698   0.000   0.993   0.000   0.007
B F  3M71A                209    0.147  29.527   0.000   0.997   0.000   0.003
B V  3M71A                210    0.092  14.175   0.000   0.998   0.000   0.002
B C  3M71A                211    0.042   5.847   0.000   0.998   0.000   0.002
B V  3M71A                212    0.162  24.942   0.000   0.999   0.000   0.001
B S  3M71A                213    0.148  17.353   0.000   0.999   0.000   0.001
B A  3M71A                214    0.024   2.696   0.000   0.999   0.000   0.001
B Y  3M71A                215    0.220  46.983   0.000   0.997   0.000   0.003
E L  3M71A                216    0.283  51.788   0.000   0.989   0.000   0.011
B S  3M71A                217    0.238  27.887   0.000   0.968   0.000   0.032
B I  3M71A                218    0.213  39.478   0.000   0.828   0.002   0.170
E N  3M71A                219    0.426  62.325   0.000   0.288   0.005   0.707
E H  3M71A                220    0.716 130.311   0.000   0.172   0.002   0.827
E G  3M71A                221    0.544  42.792   0.000   0.072   0.002   0.926
E E  3M71A                222    0.666 116.350   0.000   0.125   0.012   0.863
B V  3M71A                223    0.182  27.989   0.000   0.334   0.015   0.651
E D  3M71A                224    0.366  52.694   0.000   0.407   0.003   0.590
E T  3M71A                225    0.562  77.915   0.000   0.958   0.001   0.041
E L  3M71A                226    0.332  60.829   0.000   0.991   0.000   0.009
B A  3M71A                227    0.020   2.190   0.000   0.998   0.000   0.002
E K  3M71A                228    0.324  66.638   0.000   0.999   0.000   0.001
E I  3M71A                229    0.419  77.453   0.000   0.998   0.000   0.002
B L  3M71A                230    0.107  19.608   0.000   0.998   0.000   0.002
B W  3M71A                231    0.127  30.487   0.000   0.997   0.000   0.003
E G  3M71A                232    0.262  20.635   0.000   0.996   0.000   0.004
E Y  3M71A                233    0.295  63.051   0.000   0.996   0.000   0.004
B G  3M71A                234    0.024   1.921   0.000   0.998   0.000   0.002
E F  3M71A                235    0.282  56.598   0.000   0.996   0.000   0.004
E L  3M71A                236    0.412  75.468   0.000   0.994   0.000   0.006
B Q  3M71A                237    0.138  24.642   0.000   0.993   0.000   0.007
B L  3M71A                238    0.158  29.017   0.000   0.996   0.000   0.004
E F  3M71A                239    0.462  92.814   0.000   0.995   0.000   0.005
E F  3M71A                240    0.341  68.359   0.000   0.995   0.000   0.005
B L  3M71A                241    0.080  14.614   0.000   0.993   0.000   0.007
E L  3M71A                242    0.302  55.341   0.000   0.972   0.000   0.028
E R  3M71A                243    0.633 144.868   0.000   0.848   0.000   0.152
E L  3M71A                244    0.268  48.983   0.000   0.635   0.000   0.365
B F  3M71A                245    0.224  44.974   0.000   0.784   0.000   0.215
E P  3M71A                246    0.500  70.931   0.000   0.900   0.000   0.100
E W  3M71A                247    0.534 128.326   0.000   0.924   0.001   0.075
B I  3M71A                248    0.144  26.568   0.000   0.938   0.002   0.061
E V  3M71A                249    0.361  55.500   0.000   0.896   0.003   0.100
E E  3M71A                250    0.751 131.225   0.000   0.802   0.002   0.197
E K  3M71A                251    0.551 113.304   0.000   0.433   0.005   0.562
E G  3M71A                252    0.418  32.898   0.000   0.021   0.009   0.970
B L  3M71A                253    0.199  36.490   0.000   0.012   0.151   0.837
E N  3M71A                254    0.376  55.048   0.000   0.011   0.126   0.863
B I  3M71A                255    0.206  38.110   0.000   0.332   0.048   0.620
B G  3M71A                256    0.126   9.900   0.000   0.537   0.011   0.452
B L  3M71A                257    0.138  25.301   0.000   0.872   0.002   0.126
B W  3M71A                258    0.147  35.320   0.000   0.897   0.003   0.100
B A  3M71A                259    0.038   4.160   0.000   0.955   0.001   0.044
B F  3M71A                260    0.129  25.976   0.000   0.899   0.002   0.099
B S  3M71A                261    0.067   7.817   0.000   0.871   0.003   0.126
B F  3M71A                262    0.076  15.222   0.000   0.970   0.001   0.029
B G  3M71A                263    0.035   2.791   0.000   0.978   0.001   0.021
B L  3M71A                264    0.164  29.963   0.000   0.993   0.000   0.006
B A  3M71A                265    0.066   7.290   0.000   0.999   0.000   0.001
B S  3M71A                266    0.058   6.816   0.000   0.999   0.000   0.001
B M  3M71A                267    0.066  13.130   0.000   0.998   0.000   0.002
B A  3M71A                268    0.060   6.623   0.000   0.998   0.000   0.002
B N  3M71A                269    0.155  22.651   0.000   0.997   0.000   0.003
B S  3M71A                270    0.035   4.107   0.000   0.996   0.000   0.004
B A  3M71A                271    0.039   4.273   0.000   0.993   0.000   0.007
B T  3M71A                272    0.213  29.612   0.000   0.991   0.000   0.008
B A  3M71A                273    0.244  26.902   0.000   0.981   0.000   0.019
B F  3M71A                274    0.213  42.778   0.000   0.918   0.001   0.081
E Y  3M71A                275    0.276  58.927   0.000   0.722   0.004   0.275
E H  3M71A                276    0.615 111.782   0.000   0.477   0.003   0.520
E G  3M71A                277    0.507  39.891   0.000   0.249   0.002   0.749
E N  3M71A                278    0.669  97.926   0.000   0.141   0.004   0.855
E V  3M71A                279    0.624  95.850   0.000   0.434   0.002   0.565
E L  3M71A                280    0.257  47.027   0.000   0.595   0.003   0.402
E Q  3M71A                281    0.407  72.773   0.000   0.950   0.000   0.050
E G  3M71A                282    0.557  43.801   0.000   0.957   0.000   0.043
E V  3M71A                283    0.325  50.010   0.000   0.980   0.000   0.020
B S  3M71A                284    0.018   2.140   0.000   0.995   0.000   0.005
E I  3M71A                285    0.305  56.403   0.000   0.998   0.000   0.002
E F  3M71A                286    0.541 108.618   0.000   0.998   0.000   0.002
B A  3M71A                287    0.090   9.943   0.000   0.999   0.000   0.001
B F  3M71A                288    0.082  16.497   0.000   0.999   0.000   0.001
E V  3M71A                289    0.431  66.171   0.000   0.999   0.000   0.001
E F  3M71A                290    0.441  88.449   0.000   0.999   0.000   0.001
B S  3M71A                291    0.057   6.720   0.000   0.998   0.000   0.002
B N  3M71A                292    0.176  25.762   0.000   0.998   0.000   0.002
E V  3M71A                293    0.463  71.174   0.000   0.998   0.000   0.002
B M  3M71A                294    0.232  46.437   0.000   0.998   0.000   0.002
B I  3M71A                295    0.095  17.548   0.000   0.999   0.000   0.001
B G  3M71A                296    0.249  19.609   0.000   0.999   0.000   0.001
E L  3M71A                297    0.478  87.437   0.000   0.998   0.000   0.002
B L  3M71A                298    0.122  22.315   0.000   0.997   0.000   0.003
B V  3M71A                299    0.114  17.460   0.000   0.998   0.000   0.002
E L  3M71A                300    0.477  87.397   0.000   0.996   0.000   0.004
E M  3M71A                301    0.327  65.436   0.000   0.989   0.000   0.010
B T  3M71A                302    0.034   4.659   0.000   0.987   0.000   0.013
E I  3M71A                303    0.275  50.814   0.000   0.992   0.000   0.007
E Y  3M71A                304    0.549 117.277   0.000   0.990   0.000   0.010
B K  3M71A                305    0.152  31.312   0.000   0.991   0.000   0.009
B L  3M71A                306    0.186  34.107   0.000   0.981   0.000   0.018
E T  3M71A                307    0.631  87.481   0.000   0.906   0.000   0.093
E K  3M71A                308    0.588 120.902   0.000   0.340   0.001   0.659
E G  3M71A                309    0.414  32.559   0.000   0.007   0.000   0.993
E Q  3M71A                310    0.588 105.086   0.000   0.017   0.035   0.948
E F  3M71A                311    0.298  59.815   0.000   0.036   0.043   0.920
E F  3M71A                312    0.319  64.111   0.000   0.013   0.149   0.838
E L  3M71A                313    0.516  94.418   0.000   0.006   0.092   0.903
E K  3M71A                314    0.813 167.217   0.000   0.000   0.001   0.999
