# For publication of results, please cite:
# ...
# ... Michael Schantz Klausen, Martin Closter Jespersen, Henrik Nielsen, Kamilla Kjærgaard Jensen, 
# ... Vanessa Isabell Jurtz, Casper Kaae Sønderby, Morten Otto Alexander Sommer, Ole Winther, 
# ... Morten Nielsen, Bent Petersen, and Paolo Marcatili. 
# ... NetSurfP-2.0: Improved prediction of protein structural features by integrated deep learning.
# ... Proteins: Structure, Function, and Bioinformatics (Feb. 2019).
# ... https://doi.org/10.1002/prot.25674
# ...
#
# Column 1: Class assignment - B for buried or E for Exposed - Threshold: 25% exposure, but not based on RSA
# Column 2: Amino acid
# Column 3: Sequence name
# Column 4: Amino acid number
# Column 5: Relative Surface Accessibility - RSA
# Column 6: Absolute Surface Accessibility
# Column 7: Not used
# Column 8: Probability for Alpha-Helix
# Column 9: Probability for Beta-strand
# Column 10: Probability for Coil
E P  2WNKA                  1    0.807 114.509   0.000   0.001   0.000   0.999
E E  2WNKA                  2    0.758 132.433   0.000   0.025   0.029   0.945
E A  2WNKA                  3    0.583  64.211   0.000   0.039   0.101   0.860
E T  2WNKA                  4    0.409  56.699   0.000   0.014   0.287   0.699
E S  2WNKA                  5    0.499  58.501   0.000   0.004   0.808   0.188
B C  2WNKA                  6    0.114  15.996   0.000   0.023   0.531   0.446
E E  2WNKA                  7    0.622 108.721   0.000   0.015   0.387   0.598
E T  2WNKA                  8    0.495  68.623   0.000   0.028   0.253   0.719
E E  2WNKA                  9    0.756 132.088   0.000   0.022   0.075   0.903
E G  2WNKA                 10    0.591  46.503   0.000   0.015   0.023   0.962
E S  2WNKA                 11    0.491  57.529   0.000   0.007   0.050   0.942
E S  2WNKA                 12    0.409  47.891   0.000   0.003   0.450   0.547
B I  2WNKA                 13    0.082  15.239   0.000   0.001   0.912   0.087
E S  2WNKA                 14    0.420  49.255   0.000   0.000   0.966   0.034
B F  2WNKA                 15    0.046   9.307   0.000   0.000   0.981   0.019
E T  2WNKA                 16    0.407  56.488   0.000   0.000   0.978   0.022
B V  2WNKA                 17    0.033   5.097   0.000   0.002   0.861   0.137
E E  2WNKA                 18    0.551  96.294   0.000   0.014   0.216   0.770
E K  2WNKA                 19    0.540 111.134   0.000   0.033   0.171   0.796
E A  2WNKA                 20    0.613  67.563   0.000   0.018   0.027   0.955
E G  2WNKA                 21    0.518  40.755   0.000   0.036   0.050   0.914
E H  2WNKA                 22    0.408  74.179   0.000   0.006   0.069   0.925
E V  2WNKA                 23    0.268  41.186   0.000   0.001   0.780   0.220
B V  2WNKA                 24    0.015   2.359   0.000   0.000   0.991   0.009
E R  2WNKA                 25    0.364  83.254   0.000   0.000   0.997   0.003
B F  2WNKA                 26    0.013   2.625   0.000   0.000   0.993   0.007
E N  2WNKA                 27    0.351  51.390   0.000   0.000   0.971   0.029
B C  2WNKA                 28    0.022   3.035   0.000   0.000   0.317   0.683
B P  2WNKA                 29    0.183  25.912   0.000   0.004   0.189   0.807
E S  2WNKA                 30    0.640  74.968   0.000   0.019   0.009   0.972
E T  2WNKA                 31    0.595  82.575   0.000   0.033   0.013   0.954
B L  2WNKA                 32    0.083  15.123   0.000   0.047   0.141   0.812
E E  2WNKA                 33    0.626 109.309   0.000   0.049   0.113   0.838
E E  2WNKA                 34    0.488  85.247   0.000   0.032   0.729   0.239
B I  2WNKA                 35    0.060  11.168   0.000   0.006   0.849   0.145
E K  2WNKA                 36    0.348  71.586   0.000   0.001   0.586   0.414
B P  2WNKA                 37    0.120  17.015   0.000   0.009   0.266   0.725
E A  2WNKA                 38    0.321  35.327   0.000   0.017   0.101   0.883
E Y  2WNKA                 39    0.334  71.478   0.000   0.039   0.228   0.733
E E  2WNKA                 40    0.580 101.270   0.000   0.029   0.147   0.824
E A  2WNKA                 41    0.634  69.855   0.000   0.058   0.063   0.879
E G  2WNKA                 42    0.733  57.724   0.000   0.043   0.015   0.942
E D  2WNKA                 43    0.665  95.833   0.000   0.056   0.047   0.897
E S  2WNKA                 44    0.458  53.649   0.000   0.075   0.165   0.760
E T  2WNKA                 45    0.406  56.245   0.000   0.027   0.255   0.718
E K  2WNKA                 46    0.433  89.006   0.000   0.014   0.743   0.243
B V  2WNKA                 47    0.137  21.108   0.000   0.005   0.807   0.188
B C  2WNKA                 48    0.087  12.273   0.000   0.004   0.779   0.217
E T  2WNKA                 49    0.511  70.842   0.000   0.006   0.380   0.614
E T  2WNKA                 50    0.300  41.624   0.000   0.013   0.069   0.918
E A  2WNKA                 51    0.733  80.733   0.000   0.027   0.004   0.968
E D  2WNKA                 52    0.696 100.239   0.000   0.021   0.006   0.973
B C  2WNKA                 53    0.103  14.476   0.000   0.016   0.050   0.934
E S  2WNKA                 54    0.658  77.169   0.000   0.007   0.088   0.906
E N  2WNKA                 55    0.645  94.488   0.000   0.005   0.300   0.695
E E  2WNKA                 56    0.559  97.577   0.000   0.002   0.866   0.132
B A  2WNKA                 57    0.142  15.658   0.000   0.001   0.978   0.022
E A  2WNKA                 58    0.313  34.471   0.000   0.000   0.980   0.019
B L  2WNKA                 59    0.011   1.990   0.000   0.949   0.001   0.050
E K  2WNKA                 60    0.425  87.323   0.000   0.990   0.000   0.010
E D  2WNKA                 61    0.690  99.360   0.000   0.991   0.000   0.009
B V  2WNKA                 62    0.080  12.238   0.000   0.905   0.001   0.095
B L  2WNKA                 63    0.034   6.191   0.000   0.274   0.196   0.530
E K  2WNKA                 64    0.586 120.584   0.000   0.085   0.150   0.765
E S  2WNKA                 65    0.629  73.755   0.000   0.106   0.121   0.773
B A  2WNKA                 66    0.127  13.995   0.000   0.008   0.152   0.840
E S  2WNKA                 67    0.494  57.947   0.000   0.001   0.925   0.074
E L  2WNKA                 68    0.324  59.291   0.000   0.008   0.945   0.048
E A  2WNKA                 69    0.366  40.336   0.000   0.009   0.930   0.062
E Q  2WNKA                 70    0.605 108.052   0.000   0.006   0.946   0.048
E A  2WNKA                 71    0.291  32.098   0.000   0.011   0.817   0.172
E E  2WNKA                 72    0.662 115.653   0.000   0.003   0.927   0.069
E G  2WNKA                 73    0.387  30.458   0.000   0.004   0.774   0.222
E S  2WNKA                 74    0.703  82.447   0.000   0.006   0.716   0.278
E G  2WNKA                 75    0.325  25.585   0.000   0.018   0.141   0.842
E P  2WNKA                 76    0.618  87.701   0.000   0.078   0.031   0.891
E S  2WNKA                 77    0.696  81.529   0.000   0.078   0.053   0.870
E G  2WNKA                 78    0.555  43.694   0.000   0.082   0.053   0.865
E G  2WNKA                 79    0.384  30.194   0.000   0.053   0.094   0.853
E N  2WNKA                 80    0.430  62.951   0.000   0.011   0.259   0.729
E D  2WNKA                 81    0.355  51.153   0.000   0.001   0.798   0.201
B F  2WNKA                 82    0.068  13.722   0.000   0.000   0.993   0.007
B T  2WNKA                 83    0.224  31.042   0.000   0.000   0.998   0.002
B L  2WNKA                 84    0.007   1.302   0.000   0.000   0.998   0.002
E T  2WNKA                 85    0.271  37.547   0.000   0.000   0.998   0.002
B V  2WNKA                 86    0.014   2.101   0.000   0.000   0.937   0.063
E D  2WNKA                 87    0.619  89.182   0.000   0.006   0.128   0.866
E A  2WNKA                 88    0.509  56.043   0.000   0.006   0.086   0.908
B L  2WNKA                 89    0.134  24.569   0.000   0.001   0.056   0.944
B P  2WNKA                 90    0.171  24.253   0.000   0.003   0.031   0.966
E E  2WNKA                 91    0.723 126.322   0.000   0.017   0.026   0.957
E A  2WNKA                 92    0.418  46.060   0.000   0.009   0.222   0.769
E E  2WNKA                 93    0.560  97.909   0.000   0.009   0.251   0.739
B T  2WNKA                 94    0.215  29.805   0.000   0.000   0.943   0.057
B S  2WNKA                 95    0.217  25.397   0.000   0.000   0.987   0.013
B V  2WNKA                 96    0.007   1.026   0.000   0.000   0.994   0.006
B F  2WNKA                 97    0.071  14.198   0.000   0.000   0.996   0.004
B F  2WNKA                 98    0.008   1.683   0.000   0.000   0.997   0.003
B L  2WNKA                 99    0.070  12.751   0.000   0.000   0.990   0.010
B C  2WNKA                100    0.036   5.052   0.000   0.000   0.964   0.036
E Q  2WNKA                101    0.328  58.581   0.000   0.001   0.908   0.092
E R  2WNKA                102    0.388  88.902   0.000   0.001   0.615   0.384
E T  2WNKA                103    0.647  89.770   0.000   0.018   0.054   0.928
E G  2WNKA                104    0.806  63.464   0.000   0.010   0.006   0.984
E A  2WNKA                105    0.563  62.033   0.000   0.028   0.004   0.968
E S  2WNKA                106    0.652  76.461   0.000   0.019   0.003   0.978
E R  2WNKA                107    0.612 140.119   0.000   0.099   0.007   0.894
E S  2WNKA                108    0.650  76.151   0.000   0.074   0.007   0.920
E A  2WNKA                109    0.547  60.317   0.000   0.052   0.009   0.939
E R  2WNKA                110    0.554 126.809   0.000   0.026   0.020   0.955
E R  2WNKA                111    0.582 133.276   0.000   0.019   0.036   0.944
E L  2WNKA                112    0.543  99.408   0.000   0.016   0.021   0.963
E G  2WNKA                113    0.638  50.197   0.000   0.009   0.010   0.980
E T  2WNKA                114    0.634  87.880   0.000   0.016   0.030   0.954
E A  2WNKA                115    0.660  72.768   0.000   0.006   0.031   0.963
E V  2WNKA                116    0.512  78.759   0.000   0.001   0.022   0.977
E P  2WNKA                117    0.508  72.098   0.000   0.009   0.018   0.973
E S  2WNKA                118    0.617  72.309   0.000   0.015   0.023   0.962
E D  2WNKA                119    0.606  87.376   0.000   0.010   0.031   0.959
E K  2WNKA                120    0.472  96.997   0.000   0.003   0.463   0.534
B C  2WNKA                121    0.028   3.901   0.000   0.003   0.870   0.127
B G  2WNKA                122    0.062   4.882   0.000   0.000   0.975   0.025
B V  2WNKA                123    0.005   0.730   0.000   0.000   0.996   0.004
E H  2WNKA                124    0.277  50.393   0.000   0.000   0.997   0.003
B I  2WNKA                125    0.007   1.263   0.000   0.000   0.997   0.003
B L  2WNKA                126    0.238  43.632   0.000   0.000   0.987   0.013
B V  2WNKA                127    0.014   2.215   0.000   0.000   0.965   0.035
E K  2WNKA                128    0.405  83.362   0.000   0.001   0.676   0.323
B A  2WNKA                129    0.141  15.591   0.000   0.001   0.253   0.747
E A  2WNKA                130    0.333  36.727   0.000   0.000   0.075   0.924
E P  2WNKA                131    0.389  55.164   0.000   0.002   0.035   0.963
E Q  2WNKA                132    0.738 131.801   0.000   0.001   0.030   0.968
E A  2WNKA                133    0.430  47.351   0.000   0.002   0.019   0.980
B P  2WNKA                134    0.224  31.788   0.000   0.001   0.029   0.970
E V  2WNKA                135    0.455  70.001   0.000   0.000   0.944   0.056
B C  2WNKA                136    0.074  10.329   0.000   0.001   0.922   0.077
E S  2WNKA                137    0.388  45.439   0.000   0.002   0.840   0.158
E A  2WNKA                138    0.250  27.603   0.000   0.014   0.546   0.440
E Q  2WNKA                139    0.651 116.208   0.000   0.014   0.048   0.938
E D  2WNKA                140    0.841 121.144   0.000   0.019   0.019   0.963
E H  2WNKA                141    0.487  88.518   0.000   0.006   0.475   0.519
E T  2WNKA                142    0.484  67.120   0.000   0.002   0.679   0.319
B L  2WNKA                143    0.108  19.777   0.000   0.000   0.950   0.050
E E  2WNKA                144    0.538  93.982   0.000   0.000   0.982   0.017
B L  2WNKA                145    0.038   6.937   0.000   0.000   0.986   0.014
E Q  2WNKA                146    0.495  88.432   0.000   0.000   0.983   0.017
B I  2WNKA                147    0.036   6.634   0.000   0.000   0.925   0.075
E T  2WNKA                148    0.306  42.380   0.000   0.001   0.572   0.427
E A  2WNKA                149    0.294  32.402   0.000   0.043   0.122   0.835
E A  2WNKA                150    0.630  69.382   0.000   0.030   0.018   0.953
E N  2WNKA                151    0.601  88.007   0.000   0.053   0.029   0.918
E S  2WNKA                152    0.363  42.595   0.000   0.003   0.020   0.977
E D  2WNKA                153    0.378  54.531   0.000   0.002   0.726   0.273
B T  2WNKA                154    0.033   4.592   0.000   0.000   0.986   0.014
B S  2WNKA                155    0.172  20.137   0.000   0.000   0.997   0.003
B F  2WNKA                156    0.011   2.294   0.000   0.000   0.996   0.004
B V  2WNKA                157    0.186  28.597   0.000   0.000   0.984   0.016
B C  2WNKA                158    0.052   7.322   0.000   0.000   0.700   0.300
B G  2WNKA                159    0.225  17.691   0.000   0.013   0.095   0.892
E G  2WNKA                160    0.569  44.817   0.000   0.008   0.008   0.984
E T  2WNKA                161    0.662  91.864   0.000   0.011   0.013   0.976
B F  2WNKA                162    0.178  35.686   0.000   0.020   0.075   0.905
E N  2WNKA                163    0.533  78.081   0.000   0.025   0.127   0.847
E V  2WNKA                164    0.300  46.099   0.000   0.008   0.694   0.297
B I  2WNKA                165    0.047   8.609   0.000   0.002   0.716   0.282
E K  2WNKA                166    0.428  88.095   0.000   0.001   0.416   0.583
B P  2WNKA                167    0.096  13.676   0.000   0.169   0.180   0.651
E A  2WNKA                168    0.487  53.625   0.000   0.143   0.030   0.827
E N  2WNKA                169    0.650  95.191   0.000   0.204   0.052   0.743
B A  2WNKA                170    0.151  16.592   0.000   0.091   0.089   0.819
E A  2WNKA                171    0.577  63.610   0.000   0.126   0.124   0.749
E K  2WNKA                172    0.481  98.853   0.000   0.111   0.643   0.246
B V  2WNKA                173    0.186  28.601   0.000   0.018   0.838   0.144
B L  2WNKA                174    0.091  16.654   0.000   0.004   0.910   0.086
E Q  2WNKA                175    0.486  86.849   0.000   0.002   0.745   0.253
E G  2WNKA                176    0.251  19.784   0.000   0.017   0.102   0.881
E D  2WNKA                177    0.812 116.979   0.000   0.025   0.011   0.964
E S  2WNKA                178    0.566  66.373   0.000   0.017   0.017   0.966
B C  2WNKA                179    0.118  16.580   0.000   0.020   0.112   0.868
E E  2WNKA                180    0.712 124.379   0.000   0.008   0.252   0.740
E T  2WNKA                181    0.491  68.130   0.000   0.003   0.546   0.450
E E  2WNKA                182    0.634 110.682   0.000   0.001   0.872   0.127
B V  2WNKA                183    0.162  24.903   0.000   0.000   0.982   0.018
E D  2WNKA                184    0.491  70.825   0.000   0.000   0.976   0.023
B L  2WNKA                185    0.011   1.951   0.000   0.933   0.000   0.067
E V  2WNKA                186    0.310  47.632   0.000   0.987   0.000   0.012
E S  2WNKA                187    0.682  79.952   0.000   0.976   0.000   0.024
B L  2WNKA                188    0.104  19.008   0.000   0.767   0.003   0.230
B V  2WNKA                189    0.046   7.140   0.000   0.004   0.022   0.974
E P  2WNKA                190    0.483  68.596   0.000   0.012   0.009   0.979
E H  2WNKA                191    0.618 112.375   0.000   0.019   0.028   0.953
B A  2WNKA                192    0.080   8.803   0.000   0.006   0.127   0.867
E S  2WNKA                193    0.506  59.279   0.000   0.001   0.973   0.027
E R  2WNKA                194    0.430  98.571   0.000   0.001   0.975   0.024
E S  2WNKA                195    0.488  57.242   0.000   0.002   0.934   0.064
E A  2WNKA                196    0.576  63.506   0.000   0.006   0.813   0.180
E L  2WNKA                197    0.355  65.016   0.000   0.026   0.568   0.406
E E  2WNKA                198    0.747 130.452   0.000   0.068   0.255   0.678
E Q  2WNKA                199    0.752 134.387   0.000   0.074   0.187   0.739
E S  2WNKA                200    0.517  60.536   0.000   0.061   0.041   0.899
E G  2WNKA                201    0.307  24.185   0.000   0.003   0.016   0.981
B L  2WNKA                202    0.136  24.908   0.000   0.000   0.583   0.417
B I  2WNKA                203    0.034   6.198   0.000   0.000   0.986   0.014
E K  2WNKA                204    0.308  63.417   0.000   0.000   0.995   0.005
B L  2WNKA                205    0.011   2.030   0.000   0.000   0.997   0.003
E S  2WNKA                206    0.282  33.054   0.000   0.000   0.996   0.004
B V  2WNKA                207    0.021   3.206   0.000   0.000   0.937   0.063
E T  2WNKA                208    0.578  80.176   0.000   0.005   0.124   0.871
E D  2WNKA                209    0.686  98.899   0.000   0.009   0.083   0.907
B L  2WNKA                210    0.121  22.124   0.000   0.001   0.048   0.952
B P  2WNKA                211    0.125  17.697   0.000   0.001   0.017   0.982
E Q  2WNKA                212    0.802 143.155   0.000   0.005   0.010   0.986
E Q  2WNKA                213    0.608 108.586   0.000   0.003   0.082   0.915
E Q  2WNKA                214    0.597 106.583   0.000   0.009   0.139   0.852
B Q  2WNKA                215    0.197  35.232   0.000   0.000   0.971   0.029
E K  2WNKA                216    0.379  78.058   0.000   0.000   0.986   0.013
B L  2WNKA                217    0.013   2.358   0.000   0.000   0.985   0.015
B C  2WNKA                218    0.040   5.679   0.000   0.000   0.995   0.005
B Y  2WNKA                219    0.028   5.943   0.000   0.000   0.995   0.005
E R  2WNKA                220    0.259  59.274   0.000   0.000   0.988   0.012
B C  2WNKA                221    0.041   5.728   0.000   0.000   0.960   0.039
E E  2WNKA                222    0.355  62.033   0.000   0.001   0.748   0.250
E D  2WNKA                223    0.424  61.167   0.000   0.003   0.358   0.639
E S  2WNKA                224    0.659  77.219   0.000   0.007   0.017   0.976
E S  2WNKA                225    0.680  79.686   0.000   0.012   0.015   0.973
E Q  2WNKA                226    0.568 101.482   0.000   0.020   0.026   0.954
E K  2WNKA                227    0.643 132.343   0.000   0.005   0.029   0.966
E A  2WNKA                228    0.324  35.727   0.000   0.003   0.304   0.693
B C  2WNKA                229    0.027   3.807   0.000   0.001   0.876   0.123
E K  2WNKA                230    0.358  73.553   0.000   0.000   0.974   0.026
B V  2WNKA                231    0.007   1.096   0.000   0.000   0.998   0.002
B L  2WNKA                232    0.120  21.947   0.000   0.000   0.999   0.001
B V  2WNKA                233    0.009   1.356   0.000   0.000   0.997   0.003
E T  2WNKA                234    0.267  36.988   0.000   0.000   0.989   0.011
B V  2WNKA                235    0.029   4.405   0.000   0.000   0.962   0.038
E S  2WNKA                236    0.416  48.780   0.000   0.001   0.636   0.363
E A  2WNKA                237    0.478  52.675   0.000   0.002   0.194   0.804
E S  2WNKA                238    0.920 107.838   0.000   0.000   0.000   1.000
