# For publication of results, please cite:
# ...
# ... Michael Schantz Klausen, Martin Closter Jespersen, Henrik Nielsen, Kamilla Kjærgaard Jensen, 
# ... Vanessa Isabell Jurtz, Casper Kaae Sønderby, Morten Otto Alexander Sommer, Ole Winther, 
# ... Morten Nielsen, Bent Petersen, and Paolo Marcatili. 
# ... NetSurfP-2.0: Improved prediction of protein structural features by integrated deep learning.
# ... Proteins: Structure, Function, and Bioinformatics (Feb. 2019).
# ... https://doi.org/10.1002/prot.25674
# ...
#
# Column 1: Class assignment - B for buried or E for Exposed - Threshold: 25% exposure, but not based on RSA
# Column 2: Amino acid
# Column 3: Sequence name
# Column 4: Amino acid number
# Column 5: Relative Surface Accessibility - RSA
# Column 6: Absolute Surface Accessibility
# Column 7: Not used
# Column 8: Probability for Alpha-Helix
# Column 9: Probability for Beta-strand
# Column 10: Probability for Coil
E M  1UWZB                  1    0.570 114.139   0.000   0.003   0.000   0.997
E N  1UWZB                  2    0.659  96.544   0.000   0.079   0.002   0.918
E R  1UWZB                  3    0.411  94.010   0.000   0.930   0.000   0.070
E Q  1UWZB                  4    0.643 114.875   0.000   0.981   0.000   0.019
E E  1UWZB                  5    0.541  94.466   0.000   0.990   0.000   0.010
B L  1UWZB                  6    0.072  13.249   0.000   0.995   0.000   0.005
B I  1UWZB                  7    0.146  26.927   0.000   0.998   0.000   0.002
E T  1UWZB                  8    0.522  72.434   0.000   0.999   0.000   0.001
E E  1UWZB                  9    0.323  56.379   0.000   0.998   0.000   0.002
B A  1UWZB                 10    0.019   2.119   0.000   0.998   0.000   0.002
E L  1UWZB                 11    0.319  58.440   0.000   0.997   0.000   0.003
E K  1UWZB                 12    0.563 115.811   0.000   0.991   0.000   0.009
B A  1UWZB                 13    0.068   7.504   0.000   0.986   0.000   0.014
E R  1UWZB                 14    0.285  65.260   0.000   0.981   0.000   0.019
E D  1UWZB                 15    0.739 106.487   0.000   0.937   0.000   0.062
E M  1UWZB                 16    0.546 109.193   0.000   0.766   0.001   0.233
B A  1UWZB                 17    0.139  15.266   0.000   0.247   0.065   0.688
E Y  1UWZB                 18    0.535 114.377   0.000   0.033   0.455   0.512
B A  1UWZB                 19    0.165  18.195   0.000   0.019   0.056   0.926
E P  1UWZB                 20    0.566  80.263   0.000   0.147   0.003   0.850
E Y  1UWZB                 21    0.688 147.015   0.000   0.128   0.014   0.859
E S  1UWZB                 22    0.298  34.941   0.000   0.176   0.015   0.809
E K  1UWZB                 23    0.688 141.420   0.000   0.011   0.007   0.982
B F  1UWZB                 24    0.231  46.274   0.000   0.001   0.085   0.914
E Q  1UWZB                 25    0.390  69.607   0.000   0.000   0.495   0.505
B V  1UWZB                 26    0.038   5.804   0.000   0.000   0.885   0.115
B G  1UWZB                 27    0.018   1.403   0.000   0.000   0.988   0.012
B A  1UWZB                 28    0.007   0.717   0.000   0.000   0.999   0.001
B A  1UWZB                 29    0.017   1.883   0.000   0.000   1.000   0.000
B L  1UWZB                 30    0.006   1.107   0.000   0.000   1.000   0.000
B L  1UWZB                 31    0.099  18.212   0.000   0.000   1.000   0.000
B T  1UWZB                 32    0.025   3.410   0.000   0.000   0.837   0.163
E K  1UWZB                 33    0.586 120.542   0.000   0.001   0.002   0.998
E D  1UWZB                 34    0.682  98.305   0.000   0.001   0.000   0.999
E G  1UWZB                 35    0.462  36.321   0.000   0.002   0.001   0.997
E K  1UWZB                 36    0.492 101.166   0.000   0.000   0.021   0.979
B V  1UWZB                 37    0.249  38.290   0.000   0.000   0.995   0.005
B Y  1UWZB                 38    0.121  25.867   0.000   0.000   0.999   0.001
E R  1UWZB                 39    0.327  74.945   0.000   0.000   0.994   0.006
B G  1UWZB                 40    0.052   4.115   0.000   0.000   0.986   0.014
B C  1UWZB                 41    0.106  14.942   0.000   0.000   0.979   0.021
B N  1UWZB                 42    0.106  15.553   0.000   0.000   0.864   0.136
E I  1UWZB                 43    0.268  49.507   0.000   0.093   0.374   0.534
E E  1UWZB                 44    0.349  60.974   0.000   0.140   0.150   0.711
E N  1UWZB                 45    0.289  42.342   0.000   0.291   0.124   0.586
E A  1UWZB                 46    0.364  40.149   0.000   0.398   0.036   0.566
E A  1UWZB                 47    0.504  55.595   0.000   0.297   0.027   0.675
E Y  1UWZB                 48    0.581 124.258   0.000   0.133   0.018   0.849
E S  1UWZB                 49    0.629  73.696   0.000   0.038   0.007   0.955
E M  1UWZB                 50    0.631 126.221   0.000   0.057   0.010   0.934
E C  1UWZB                 51    0.496  69.568   0.000   0.047   0.019   0.934
E N  1UWZB                 52    0.445  65.144   0.000   0.070   0.020   0.910
B C  1UWZB                 53    0.193  27.147   0.000   0.034   0.013   0.953
B A  1UWZB                 54    0.106  11.699   0.000   0.992   0.000   0.008
B E  1UWZB                 55    0.047   8.273   0.000   0.997   0.000   0.003
B A  1UWZB                 56    0.189  20.795   0.000   0.999   0.000   0.001
E T  1UWZB                 57    0.297  41.168   0.000   0.999   0.000   0.001
B A  1UWZB                 58    0.010   1.140   0.000   0.999   0.000   0.001
B L  1UWZB                 59    0.046   8.427   0.000   0.999   0.000   0.001
E F  1UWZB                 60    0.531 106.530   0.000   0.999   0.000   0.001
E K  1UWZB                 61    0.378  77.852   0.000   0.997   0.000   0.003
B A  1UWZB                 62    0.010   1.125   0.000   0.997   0.000   0.003
E V  1UWZB                 63    0.291  44.776   0.000   0.991   0.000   0.009
E S  1UWZB                 64    0.753  88.308   0.000   0.942   0.000   0.058
E E  1UWZB                 65    0.596 104.120   0.000   0.216   0.000   0.784
E G  1UWZB                 66    0.657  51.700   0.000   0.005   0.000   0.994
E D  1UWZB                 67    0.545  78.537   0.000   0.001   0.001   0.998
E T  1UWZB                 68    0.474  65.763   0.000   0.009   0.004   0.986
E E  1UWZB                 69    0.590 103.102   0.000   0.011   0.043   0.946
B F  1UWZB                 70    0.063  12.684   0.000   0.001   0.517   0.482
E Q  1UWZB                 71    0.444  79.278   0.000   0.000   0.570   0.429
B M  1UWZB                 72    0.071  14.186   0.000   0.000   0.987   0.013
B L  1UWZB                 73    0.022   3.959   0.000   0.000   0.999   0.001
B A  1UWZB                 74    0.010   1.115   0.000   0.000   0.998   0.002
B V  1UWZB                 75    0.008   1.189   0.000   0.000   0.992   0.008
B A  1UWZB                 76    0.054   6.003   0.000   0.000   0.952   0.048
B A  1UWZB                 77    0.046   5.074   0.000   0.000   0.718   0.282
E D  1UWZB                 78    0.521  75.126   0.000   0.000   0.082   0.918
E T  1UWZB                 79    0.341  47.275   0.000   0.001   0.056   0.944
E P  1UWZB                 80    0.745 105.753   0.000   0.000   0.004   0.996
E G  1UWZB                 81    0.402  31.637   0.000   0.003   0.123   0.874
E P  1UWZB                 82    0.393  55.750   0.000   0.001   0.116   0.884
B V  1UWZB                 83    0.138  21.212   0.000   0.002   0.441   0.557
E S  1UWZB                 84    0.440  51.510   0.000   0.001   0.057   0.942
B P  1UWZB                 85    0.138  19.518   0.000   0.008   0.052   0.940
B C  1UWZB                 86    0.244  34.303   0.000   0.032   0.009   0.959
E G  1UWZB                 87    0.407  32.002   0.000   0.768   0.000   0.232
E A  1UWZB                 88    0.351  38.722   0.000   0.986   0.000   0.014
B C  1UWZB                 89    0.017   2.408   0.000   0.992   0.000   0.008
B R  1UWZB                 90    0.235  53.820   0.000   0.996   0.000   0.004
E Q  1UWZB                 91    0.489  87.328   0.000   0.997   0.000   0.002
B V  1UWZB                 92    0.139  21.291   0.000   0.995   0.000   0.005
B I  1UWZB                 93    0.022   4.043   0.000   0.993   0.000   0.007
E S  1UWZB                 94    0.397  46.566   0.000   0.970   0.000   0.030
E E  1UWZB                 95    0.658 114.970   0.000   0.867   0.000   0.133
E L  1UWZB                 96    0.257  47.006   0.000   0.760   0.000   0.240
B C  1UWZB                 97    0.121  16.982   0.000   0.024   0.020   0.956
E T  1UWZB                 98    0.524  72.690   0.000   0.011   0.017   0.972
E K  1UWZB                 99    0.673 138.523   0.000   0.015   0.005   0.980
E D  1UWZB                100    0.720 103.742   0.000   0.011   0.020   0.969
B V  1UWZB                101    0.098  15.081   0.000   0.002   0.328   0.670
B I  1UWZB                102    0.209  38.587   0.000   0.000   0.962   0.038
B V  1UWZB                103    0.018   2.708   0.000   0.000   0.997   0.003
B V  1UWZB                104    0.048   7.420   0.000   0.000   0.999   0.001
B L  1UWZB                105    0.026   4.802   0.000   0.000   0.990   0.010
B T  1UWZB                106    0.091  12.653   0.000   0.000   0.960   0.040
B N  1UWZB                107    0.235  34.370   0.000   0.008   0.185   0.807
E L  1UWZB                108    0.550 100.774   0.000   0.007   0.007   0.986
E Q  1UWZB                109    0.817 145.835   0.000   0.008   0.001   0.991
E G  1UWZB                110    0.391  30.797   0.000   0.006   0.003   0.991
E Q  1UWZB                111    0.646 115.295   0.000   0.001   0.071   0.929
E I  1UWZB                112    0.354  65.579   0.000   0.000   0.982   0.018
E K  1UWZB                113    0.483  99.318   0.000   0.000   0.995   0.005
E E  1UWZB                114    0.541  94.594   0.000   0.000   0.995   0.005
B M  1UWZB                115    0.166  33.263   0.000   0.000   0.969   0.031
B T  1UWZB                116    0.224  31.012   0.000   0.000   0.912   0.088
B V  1UWZB                117    0.042   6.512   0.000   0.954   0.000   0.045
E E  1UWZB                118    0.552  96.352   0.000   0.981   0.000   0.019
E E  1UWZB                119    0.623 108.870   0.000   0.971   0.000   0.029
B L  1UWZB                120    0.134  24.543   0.000   0.782   0.001   0.217
B L  1UWZB                121    0.147  26.927   0.000   0.007   0.007   0.986
E P  1UWZB                122    0.551  78.147   0.000   0.020   0.002   0.978
E G  1UWZB                123    0.654  51.473   0.000   0.030   0.005   0.966
E A  1UWZB                124    0.327  35.992   0.000   0.055   0.015   0.930
E F  1UWZB                125    0.254  51.071   0.000   0.031   0.049   0.920
E S  1UWZB                126    0.384  44.977   0.000   0.013   0.032   0.956
E S  1UWZB                127    0.542  63.536   0.000   0.797   0.001   0.201
E E  1UWZB                128    0.737 128.716   0.000   0.799   0.001   0.200
E D  1UWZB                129    0.348  50.173   0.000   0.833   0.004   0.163
B L  1UWZB                130    0.241  44.076   0.000   0.559   0.017   0.424
E H  1UWZB                131    0.653 118.726   0.000   0.241   0.014   0.745
E D  1UWZB                132    0.634  91.368   0.000   0.137   0.006   0.857
E E  1UWZB                133    0.712 124.309   0.000   0.200   0.008   0.792
E R  1UWZB                134    0.661 151.439   0.000   0.174   0.017   0.809
E K  1UWZB                135    0.643 132.263   0.000   0.093   0.029   0.878
E L  1UWZB                136    0.759 139.038   0.000   0.000   0.000   0.999
