# For publication of results, please cite:
# ...
# ... Michael Schantz Klausen, Martin Closter Jespersen, Henrik Nielsen, Kamilla Kjærgaard Jensen, 
# ... Vanessa Isabell Jurtz, Casper Kaae Sønderby, Morten Otto Alexander Sommer, Ole Winther, 
# ... Morten Nielsen, Bent Petersen, and Paolo Marcatili. 
# ... NetSurfP-2.0: Improved prediction of protein structural features by integrated deep learning.
# ... Proteins: Structure, Function, and Bioinformatics (Feb. 2019).
# ... https://doi.org/10.1002/prot.25674
# ...
#
# Column 1: Class assignment - B for buried or E for Exposed - Threshold: 25% exposure, but not based on RSA
# Column 2: Amino acid
# Column 3: Sequence name
# Column 4: Amino acid number
# Column 5: Relative Surface Accessibility - RSA
# Column 6: Absolute Surface Accessibility
# Column 7: Not used
# Column 8: Probability for Alpha-Helix
# Column 9: Probability for Beta-strand
# Column 10: Probability for Coil
E K  3LW5L                  1    0.892 183.576   0.000   0.000   0.000   1.000
E P  3LW5L                  2    0.769 109.166   0.000   0.014   0.002   0.984
E T  3LW5L                  3    0.827 114.702   0.000   0.016   0.006   0.978
E Y  3LW5L                  4    0.693 148.027   0.000   0.059   0.048   0.893
E Q  3LW5L                  5    0.740 132.092   0.000   0.033   0.053   0.914
E V  3LW5L                  6    0.633  97.259   0.000   0.019   0.060   0.921
E I  3LW5L                  7    0.542 100.229   0.000   0.009   0.081   0.910
E Q  3LW5L                  8    0.658 117.529   0.000   0.002   0.045   0.953
E P  3LW5L                  9    0.514  72.965   0.000   0.013   0.039   0.948
E I  3LW5L                 10    0.614 113.675   0.000   0.059   0.030   0.911
E N  3LW5L                 11    0.844 123.498   0.000   0.056   0.006   0.938
E G  3LW5L                 12    0.686  54.024   0.000   0.033   0.004   0.963
E D  3LW5L                 13    0.447  64.445   0.000   0.003   0.029   0.968
E P  3LW5L                 14    0.450  63.784   0.000   0.107   0.009   0.884
E F  3LW5L                 15    0.489  98.223   0.000   0.054   0.019   0.927
E I  3LW5L                 16    0.511  94.578   0.000   0.051   0.034   0.915
E G  3LW5L                 17    0.413  32.507   0.000   0.040   0.040   0.920
E S  3LW5L                 18    0.432  50.593   0.000   0.023   0.058   0.919
E L  3LW5L                 19    0.526  96.254   0.000   0.087   0.008   0.905
E E  3LW5L                 20    0.759 132.570   0.000   0.064   0.011   0.925
E T  3LW5L                 21    0.263  36.435   0.000   0.015   0.010   0.975
E P  3LW5L                 22    0.467  66.233   0.000   0.066   0.079   0.855
B V  3LW5L                 23    0.239  36.798   0.000   0.259   0.030   0.712
E T  3LW5L                 24    0.428  59.424   0.000   0.184   0.019   0.797
E S  3LW5L                 25    0.633  74.210   0.000   0.180   0.006   0.814
B S  3LW5L                 26    0.235  27.534   0.000   0.059   0.002   0.940
E P  3LW5L                 27    0.658  93.438   0.000   0.959   0.000   0.041
E L  3LW5L                 28    0.522  95.547   0.000   0.970   0.000   0.030
B I  3LW5L                 29    0.178  32.959   0.000   0.989   0.000   0.011
E A  3LW5L                 30    0.346  38.144   0.000   0.994   0.000   0.006
E W  3LW5L                 31    0.551 132.427   0.000   0.994   0.000   0.005
E Y  3LW5L                 32    0.370  79.032   0.000   0.991   0.000   0.009
E L  3LW5L                 33    0.254  46.461   0.000   0.958   0.001   0.041
E S  3LW5L                 34    0.588  68.955   0.000   0.636   0.001   0.363
E N  3LW5L                 35    0.596  87.190   0.000   0.316   0.001   0.683
B L  3LW5L                 36    0.228  41.736   0.000   0.033   0.011   0.955
E P  3LW5L                 37    0.417  59.140   0.000   0.215   0.030   0.755
E A  3LW5L                 38    0.350  38.603   0.000   0.210   0.072   0.718
E Y  3LW5L                 39    0.452  96.542   0.000   0.146   0.107   0.748
E R  3LW5L                 40    0.452 103.613   0.000   0.049   0.170   0.781
E T  3LW5L                 41    0.746 103.459   0.000   0.019   0.041   0.940
E A  3LW5L                 42    0.693  76.353   0.000   0.028   0.011   0.961
B V  3LW5L                 43    0.212  32.595   0.000   0.006   0.018   0.976
E S  3LW5L                 44    0.404  47.352   0.000   0.006   0.002   0.992
E P  3LW5L                 45    0.474  67.243   0.000   0.937   0.000   0.062
E L  3LW5L                 46    0.592 108.421   0.000   0.947   0.000   0.052
E L  3LW5L                 47    0.347  63.541   0.000   0.950   0.001   0.049
E R  3LW5L                 48    0.264  60.397   0.000   0.931   0.002   0.067
B G  3LW5L                 49    0.192  15.097   0.000   0.922   0.002   0.076
E I  3LW5L                 50    0.332  61.438   0.000   0.970   0.001   0.028
E E  3LW5L                 51    0.267  46.566   0.000   0.989   0.001   0.010
E V  3LW5L                 52    0.254  39.079   0.000   0.990   0.001   0.010
B G  3LW5L                 53    0.204  16.048   0.000   0.993   0.001   0.007
E L  3LW5L                 54    0.313  57.222   0.000   0.989   0.001   0.010
B A  3LW5L                 55    0.211  23.307   0.000   0.982   0.000   0.018
E H  3LW5L                 56    0.361  65.675   0.000   0.960   0.001   0.039
B G  3LW5L                 57    0.194  15.248   0.000   0.982   0.000   0.017
E Y  3LW5L                 58    0.366  78.191   0.000   0.972   0.001   0.026
E L  3LW5L                 59    0.326  59.776   0.000   0.975   0.001   0.024
E L  3LW5L                 60    0.383  70.157   0.000   0.925   0.001   0.074
E V  3LW5L                 61    0.386  59.297   0.000   0.927   0.001   0.072
B G  3LW5L                 62    0.217  17.099   0.000   0.939   0.000   0.061
B P  3LW5L                 63    0.250  35.471   0.000   0.927   0.002   0.071
E F  3LW5L                 64    0.417  83.777   0.000   0.947   0.004   0.049
E V  3LW5L                 65    0.370  56.853   0.000   0.940   0.006   0.054
E K  3LW5L                 66    0.500 102.798   0.000   0.845   0.028   0.127
E A  3LW5L                 67    0.388  42.757   0.000   0.517   0.017   0.465
E G  3LW5L                 68    0.319  25.117   0.000   0.474   0.012   0.513
E P  3LW5L                 69    0.430  61.030   0.000   0.437   0.009   0.553
E L  3LW5L                 70    0.288  52.715   0.000   0.395   0.023   0.582
E R  3LW5L                 71    0.473 108.419   0.000   0.176   0.018   0.806
E N  3LW5L                 72    0.685 100.348   0.000   0.044   0.009   0.948
B T  3LW5L                 73    0.238  33.040   0.000   0.190   0.018   0.791
E E  3LW5L                 74    0.843 147.353   0.000   0.877   0.001   0.122
E I  3LW5L                 75    0.455  84.241   0.000   0.838   0.001   0.161
B A  3LW5L                 76    0.054   5.919   0.000   0.982   0.000   0.018
B G  3LW5L                 77    0.198  15.600   0.000   0.989   0.000   0.011
E Q  3LW5L                 78    0.551  98.364   0.000   0.995   0.000   0.005
B A  3LW5L                 79    0.207  22.796   0.000   0.993   0.000   0.007
B G  3LW5L                 80    0.073   5.765   0.000   0.997   0.000   0.003
E S  3LW5L                 81    0.412  48.311   0.000   0.996   0.000   0.004
E L  3LW5L                 82    0.540  98.833   0.000   0.996   0.000   0.004
B A  3LW5L                 83    0.189  20.783   0.000   0.997   0.000   0.002
B A  3LW5L                 84    0.188  20.735   0.000   0.998   0.000   0.002
E G  3LW5L                 85    0.342  26.939   0.000   0.999   0.000   0.001
E G  3LW5L                 86    0.344  27.051   0.000   0.999   0.000   0.001
E L  3LW5L                 87    0.441  80.764   0.000   0.999   0.000   0.001
E V  3LW5L                 88    0.297  45.716   0.000   1.000   0.000   0.000
E V  3LW5L                 89    0.408  62.667   0.000   1.000   0.000   0.000
E I  3LW5L                 90    0.497  91.993   0.000   1.000   0.000   0.000
E L  3LW5L                 91    0.401  73.388   0.000   1.000   0.000   0.000
E S  3LW5L                 92    0.256  29.986   0.000   0.999   0.000   0.001
E L  3LW5L                 93    0.509  93.262   0.000   0.999   0.000   0.001
E C  3LW5L                 94    0.385  54.009   0.000   0.998   0.000   0.002
E L  3LW5L                 95    0.263  48.073   0.000   0.996   0.000   0.004
E T  3LW5L                 96    0.291  40.410   0.000   0.991   0.000   0.009
E I  3LW5L                 97    0.478  88.410   0.000   0.960   0.001   0.039
E Y  3LW5L                 98    0.516 110.170   0.000   0.846   0.000   0.154
B G  3LW5L                 99    0.227  17.876   0.000   0.654   0.002   0.344
E I  3LW5L                100    0.382  70.674   0.000   0.464   0.030   0.506
E S  3LW5L                101    0.408  47.851   0.000   0.375   0.073   0.553
E S  3LW5L                102    0.384  44.970   0.000   0.252   0.062   0.687
E F  3LW5L                103    0.397  79.766   0.000   0.133   0.089   0.779
E N  3LW5L                104    0.599  87.642   0.000   0.077   0.064   0.859
E E  3LW5L                105    0.785 137.111   0.000   0.066   0.019   0.915
E G  3LW5L                106    0.744  58.544   0.000   0.016   0.004   0.980
E A  3LW5L                107    0.347  38.283   0.000   0.010   0.040   0.950
E P  3LW5L                108    0.519  73.717   0.000   0.030   0.046   0.924
E S  3LW5L                109    0.565  66.237   0.000   0.062   0.055   0.883
E T  3LW5L                110    0.583  80.839   0.000   0.040   0.108   0.851
E A  3LW5L                111    0.368  40.566   0.000   0.021   0.038   0.941
E P  3LW5L                112    0.384  54.507   0.000   0.076   0.029   0.895
E S  3LW5L                113    0.574  67.325   0.000   0.164   0.091   0.745
E L  3LW5L                114    0.460  84.234   0.000   0.253   0.113   0.634
E T  3LW5L                115    0.469  65.091   0.000   0.170   0.147   0.683
E L  3LW5L                116    0.465  85.149   0.000   0.199   0.118   0.683
E T  3LW5L                117    0.542  75.245   0.000   0.102   0.146   0.753
E G  3LW5L                118    0.492  38.753   0.000   0.093   0.104   0.803
E R  3LW5L                119    0.576 131.809   0.000   0.096   0.115   0.790
E K  3LW5L                120    0.654 134.452   0.000   0.103   0.086   0.811
E K  3LW5L                121    0.607 124.776   0.000   0.051   0.070   0.880
E E  3LW5L                122    0.569  99.439   0.000   0.015   0.016   0.970
E P  3LW5L                123    0.398  56.511   0.000   0.351   0.008   0.640
E D  3LW5L                124    0.713 102.774   0.000   0.438   0.009   0.553
E Q  3LW5L                125    0.614 109.686   0.000   0.630   0.007   0.363
E L  3LW5L                126    0.293  53.683   0.000   0.501   0.010   0.489
E Q  3LW5L                127    0.502  89.690   0.000   0.123   0.011   0.866
E T  3LW5L                128    0.399  55.325   0.000   0.020   0.028   0.952
E A  3LW5L                129    0.631  69.589   0.000   0.893   0.001   0.106
E D  3LW5L                130    0.716 103.182   0.000   0.936   0.001   0.063
B G  3LW5L                131    0.074   5.841   0.000   0.985   0.000   0.014
E W  3LW5L                132    0.369  88.667   0.000   0.981   0.001   0.018
E A  3LW5L                133    0.388  42.721   0.000   0.983   0.000   0.017
E K  3LW5L                134    0.430  88.440   0.000   0.983   0.000   0.017
B F  3LW5L                135    0.194  38.977   0.000   0.964   0.001   0.035
B T  3LW5L                136    0.214  29.717   0.000   0.976   0.001   0.023
E G  3LW5L                137    0.311  24.458   0.000   0.988   0.000   0.011
B G  3LW5L                138    0.166  13.098   0.000   0.996   0.000   0.004
E F  3LW5L                139    0.268  53.760   0.000   0.995   0.000   0.004
E F  3LW5L                140    0.554 111.155   0.000   0.993   0.000   0.006
E F  3LW5L                141    0.564 113.110   0.000   0.990   0.000   0.010
B G  3LW5L                142    0.092   7.256   0.000   0.995   0.000   0.005
B G  3LW5L                143    0.139  10.925   0.000   0.998   0.000   0.002
E I  3LW5L                144    0.496  91.681   0.000   0.994   0.000   0.006
E S  3LW5L                145    0.297  34.831   0.000   0.993   0.000   0.007
B G  3LW5L                146    0.071   5.605   0.000   0.999   0.000   0.001
E V  3LW5L                147    0.272  41.738   0.000   0.999   0.000   0.001
E I  3LW5L                148    0.539  99.712   0.000   0.999   0.000   0.001
E W  3LW5L                149    0.399  95.981   0.000   0.999   0.000   0.001
B A  3LW5L                150    0.093  10.235   0.000   0.999   0.000   0.001
E Y  3LW5L                151    0.494 105.650   0.000   0.999   0.000   0.001
E F  3LW5L                152    0.553 110.911   0.000   0.997   0.000   0.003
E L  3LW5L                153    0.310  56.693   0.000   0.985   0.000   0.015
B L  3LW5L                154    0.225  41.221   0.000   0.962   0.000   0.038
E Y  3LW5L                155    0.688 147.053   0.000   0.728   0.002   0.269
E V  3LW5L                156    0.622  95.668   0.000   0.650   0.001   0.348
E L  3LW5L                157    0.468  85.616   0.000   0.110   0.008   0.882
E D  3LW5L                158    0.881 126.985   0.000   0.015   0.004   0.980
E L  3LW5L                159    0.413  75.707   0.000   0.002   0.016   0.981
E P  3LW5L                160    0.698  99.082   0.000   0.001   0.004   0.996
E Y  3LW5L                161    0.818 174.832   0.000   0.000   0.000   0.999
