# For publication of results, please cite:
# ...
# ... Michael Schantz Klausen, Martin Closter Jespersen, Henrik Nielsen, Kamilla Kjærgaard Jensen, 
# ... Vanessa Isabell Jurtz, Casper Kaae Sønderby, Morten Otto Alexander Sommer, Ole Winther, 
# ... Morten Nielsen, Bent Petersen, and Paolo Marcatili. 
# ... NetSurfP-2.0: Improved prediction of protein structural features by integrated deep learning.
# ... Proteins: Structure, Function, and Bioinformatics (Feb. 2019).
# ... https://doi.org/10.1002/prot.25674
# ...
#
# Column 1: Class assignment - B for buried or E for Exposed - Threshold: 25% exposure, but not based on RSA
# Column 2: Amino acid
# Column 3: Sequence name
# Column 4: Amino acid number
# Column 5: Relative Surface Accessibility - RSA
# Column 6: Absolute Surface Accessibility
# Column 7: Not used
# Column 8: Probability for Alpha-Helix
# Column 9: Probability for Beta-strand
# Column 10: Probability for Coil
E G  2KZSA                  1    0.969  76.265   0.000   0.000   0.000   1.000
E S  2KZSA                  2    0.859 100.648   0.000   0.008   0.001   0.991
E H  2KZSA                  3    0.827 150.480   0.000   0.016   0.002   0.983
E M  2KZSA                  4    0.790 158.105   0.000   0.025   0.001   0.974
E G  2KZSA                  5    0.799  62.860   0.000   0.039   0.002   0.959
E K  2KZSA                  6    0.737 151.586   0.000   0.056   0.013   0.931
E K  2KZSA                  7    0.644 132.468   0.000   0.110   0.084   0.806
E C  2KZSA                  8    0.535  75.098   0.000   0.115   0.106   0.779
E Y  2KZSA                  9    0.545 116.461   0.000   0.186   0.131   0.683
E K  2KZSA                 10    0.614 126.377   0.000   0.308   0.097   0.595
E L  2KZSA                 11    0.454  83.095   0.000   0.223   0.135   0.641
E E  2KZSA                 12    0.692 120.812   0.000   0.182   0.058   0.760
E N  2KZSA                 13    0.397  58.074   0.000   0.394   0.019   0.587
E E  2KZSA                 14    0.579 101.183   0.000   0.933   0.003   0.064
E K  2KZSA                 15    0.645 132.704   0.000   0.965   0.004   0.031
B L  2KZSA                 16    0.208  38.166   0.000   0.985   0.002   0.013
B F  2KZSA                 17    0.183  36.753   0.000   0.997   0.000   0.003
E E  2KZSA                 18    0.518  90.486   0.000   0.999   0.000   0.001
E E  2KZSA                 19    0.490  85.531   0.000   0.999   0.000   0.001
B F  2KZSA                 20    0.143  28.660   0.000   0.999   0.000   0.001
B L  2KZSA                 21    0.185  33.814   0.000   0.999   0.000   0.001
E E  2KZSA                 22    0.635 110.848   0.000   0.999   0.000   0.001
E L  2KZSA                 23    0.345  63.221   0.000   0.997   0.000   0.003
B C  2KZSA                 24    0.043   6.063   0.000   0.991   0.000   0.009
E K  2KZSA                 25    0.468  96.216   0.000   0.973   0.000   0.027
E M  2KZSA                 26    0.610 121.995   0.000   0.945   0.000   0.055
E Q  2KZSA                 27    0.368  65.723   0.000   0.875   0.000   0.124
B T  2KZSA                 28    0.118  16.360   0.000   0.734   0.003   0.263
E A  2KZSA                 29    0.673  74.200   0.000   0.281   0.001   0.718
E D  2KZSA                 30    0.829 119.461   0.000   0.341   0.000   0.659
E H  2KZSA                 31    0.268  48.675   0.000   0.002   0.001   0.997
E P  2KZSA                 32    0.660  93.706   0.000   0.533   0.000   0.466
E E  2KZSA                 33    0.724 126.496   0.000   0.705   0.001   0.295
B V  2KZSA                 34    0.122  18.729   0.000   0.882   0.001   0.117
B V  2KZSA                 35    0.189  29.042   0.000   0.994   0.000   0.006
E P  2KZSA                 36    0.473  67.187   0.000   0.996   0.000   0.004
E F  2KZSA                 37    0.418  83.845   0.000   0.996   0.000   0.004
B L  2KZSA                 38    0.117  21.373   0.000   0.991   0.000   0.009
E Y  2KZSA                 39    0.488 104.338   0.000   0.966   0.000   0.033
E N  2KZSA                 40    0.620  90.735   0.000   0.893   0.000   0.107
E R  2KZSA                 41    0.371  85.033   0.000   0.889   0.000   0.111
E Q  2KZSA                 42    0.338  60.355   0.000   0.838   0.001   0.161
E Q  2KZSA                 43    0.784 139.964   0.000   0.672   0.000   0.328
E R  2KZSA                 44    0.735 168.342   0.000   0.569   0.001   0.430
B A  2KZSA                 45    0.239  26.292   0.000   0.136   0.008   0.855
E H  2KZSA                 46    0.559 101.599   0.000   0.154   0.004   0.842
E S  2KZSA                 47    0.713  83.609   0.000   0.932   0.000   0.067
E L  2KZSA                 48    0.587 107.497   0.000   0.936   0.001   0.063
E F  2KZSA                 49    0.279  56.023   0.000   0.971   0.000   0.028
E L  2KZSA                 50    0.352  64.488   0.000   0.897   0.002   0.101
E A  2KZSA                 51    0.571  62.902   0.000   0.744   0.001   0.255
E S  2KZSA                 52    0.293  34.305   0.000   0.286   0.002   0.713
E A  2KZSA                 53    0.566  62.388   0.000   0.992   0.000   0.008
E E  2KZSA                 54    0.622 108.740   0.000   0.995   0.000   0.005
B F  2KZSA                 55    0.192  38.532   0.000   0.995   0.000   0.005
E C  2KZSA                 56    0.292  41.014   0.000   0.999   0.000   0.001
E N  2KZSA                 57    0.610  89.370   0.000   0.997   0.000   0.003
E I  2KZSA                 58    0.277  51.265   0.000   0.997   0.000   0.002
B L  2KZSA                 59    0.183  33.458   0.000   0.998   0.000   0.002
E S  2KZSA                 60    0.440  51.539   0.000   0.997   0.000   0.003
E R  2KZSA                 61    0.619 141.658   0.000   0.994   0.000   0.006
B V  2KZSA                 62    0.151  23.162   0.000   0.990   0.000   0.010
B L  2KZSA                 63    0.236  43.279   0.000   0.986   0.000   0.014
E S  2KZSA                 64    0.533  62.409   0.000   0.986   0.000   0.014
E R  2KZSA                 65    0.506 115.842   0.000   0.977   0.000   0.023
B A  2KZSA                 66    0.086   9.516   0.000   0.964   0.000   0.036
E R  2KZSA                 67    0.652 149.207   0.000   0.872   0.000   0.128
E S  2KZSA                 68    0.757  88.690   0.000   0.671   0.000   0.329
E R  2KZSA                 69    0.514 117.720   0.000   0.027   0.000   0.972
E P  2KZSA                 70    0.582  82.621   0.000   0.795   0.001   0.204
E A  2KZSA                 71    0.621  68.464   0.000   0.845   0.001   0.154
E K  2KZSA                 72    0.468  96.283   0.000   0.933   0.002   0.064
B L  2KZSA                 73    0.207  37.932   0.000   0.910   0.015   0.075
E Y  2KZSA                 74    0.520 111.092   0.000   0.937   0.014   0.049
E V  2KZSA                 75    0.382  58.768   0.000   0.944   0.028   0.028
E Y  2KZSA                 76    0.323  69.020   0.000   0.908   0.053   0.039
B I  2KZSA                 77    0.154  28.565   0.000   0.984   0.006   0.011
E N  2KZSA                 78    0.535  78.379   0.000   0.985   0.003   0.012
E E  2KZSA                 79    0.499  87.117   0.000   0.987   0.002   0.010
B L  2KZSA                 80    0.165  30.262   0.000   0.989   0.003   0.009
B C  2KZSA                 81    0.166  23.263   0.000   0.981   0.003   0.016
E T  2KZSA                 82    0.541  75.065   0.000   0.981   0.002   0.017
E V  2KZSA                 83    0.365  56.154   0.000   0.980   0.001   0.019
B L  2KZSA                 84    0.172  31.420   0.000   0.958   0.001   0.041
E K  2KZSA                 85    0.543 111.634   0.000   0.950   0.001   0.049
E A  2KZSA                 86    0.611  67.381   0.000   0.874   0.000   0.126
E H  2KZSA                 87    0.529  96.145   0.000   0.525   0.001   0.474
E S  2KZSA                 88    0.453  53.045   0.000   0.506   0.005   0.489
E A  2KZSA                 89    0.716  78.902   0.000   0.372   0.008   0.620
E K  2KZSA                 90    0.765 157.324   0.000   0.185   0.005   0.811
E K  2KZSA                 91    0.709 145.893   0.000   0.089   0.014   0.897
E K  2KZSA                 92    0.769 158.234   0.000   0.048   0.012   0.941
E L  2KZSA                 93    0.789 144.406   0.000   0.026   0.002   0.972
E N  2KZSA                 94    0.969 141.895   0.000   0.000   0.000   1.000
