# For publication of results, please cite:
# ...
# ... Michael Schantz Klausen, Martin Closter Jespersen, Henrik Nielsen, Kamilla Kjærgaard Jensen, 
# ... Vanessa Isabell Jurtz, Casper Kaae Sønderby, Morten Otto Alexander Sommer, Ole Winther, 
# ... Morten Nielsen, Bent Petersen, and Paolo Marcatili. 
# ... NetSurfP-2.0: Improved prediction of protein structural features by integrated deep learning.
# ... Proteins: Structure, Function, and Bioinformatics (Feb. 2019).
# ... https://doi.org/10.1002/prot.25674
# ...
#
# Column 1: Class assignment - B for buried or E for Exposed - Threshold: 25% exposure, but not based on RSA
# Column 2: Amino acid
# Column 3: Sequence name
# Column 4: Amino acid number
# Column 5: Relative Surface Accessibility - RSA
# Column 6: Absolute Surface Accessibility
# Column 7: Not used
# Column 8: Probability for Alpha-Helix
# Column 9: Probability for Beta-strand
# Column 10: Probability for Coil
E M  2NR9A                  1    0.773 154.769   0.000   0.010   0.000   0.990
E E  2NR9A                  2    0.756 132.134   0.000   0.232   0.002   0.766
E N  2NR9A                  3    0.701 102.673   0.000   0.347   0.002   0.651
E F  2NR9A                  4    0.505 101.365   0.000   0.729   0.001   0.270
E L  2NR9A                  5    0.494  90.479   0.000   0.781   0.002   0.216
E A  2NR9A                  6    0.493  54.375   0.000   0.748   0.003   0.249
E Q  2NR9A                  7    0.566 101.120   0.000   0.739   0.002   0.259
E Q  2NR9A                  8    0.345  61.681   0.000   0.742   0.003   0.255
B G  2NR9A                  9    0.243  19.090   0.000   0.605   0.002   0.393
E K  2NR9A                 10    0.651 133.925   0.000   0.966   0.000   0.034
E I  2NR9A                 11    0.292  53.965   0.000   0.985   0.000   0.015
B T  2NR9A                 12    0.038   5.230   0.000   0.997   0.000   0.003
E L  2NR9A                 13    0.434  79.475   0.000   0.999   0.000   0.001
E I  2NR9A                 14    0.578 107.010   0.000   0.999   0.000   0.001
B L  2NR9A                 15    0.092  16.860   0.000   0.999   0.000   0.001
B T  2NR9A                 16    0.120  16.575   0.000   1.000   0.000   0.000
E A  2NR9A                 17    0.561  61.810   0.000   0.999   0.000   0.001
E L  2NR9A                 18    0.448  82.082   0.000   0.999   0.000   0.001
B C  2NR9A                 19    0.017   2.327   0.000   0.999   0.000   0.001
E V  2NR9A                 20    0.328  50.360   0.000   0.999   0.000   0.001
E L  2NR9A                 21    0.578 105.802   0.000   0.999   0.000   0.001
B I  2NR9A                 22    0.148  27.434   0.000   0.999   0.000   0.001
B Y  2NR9A                 23    0.117  24.998   0.000   0.998   0.000   0.002
E I  2NR9A                 24    0.433  80.020   0.000   0.993   0.000   0.007
E A  2NR9A                 25    0.292  32.127   0.000   0.980   0.000   0.020
E Q  2NR9A                 26    0.262  46.757   0.000   0.945   0.000   0.054
E Q  2NR9A                 27    0.471  84.088   0.000   0.829   0.001   0.170
E L  2NR9A                 28    0.667 122.178   0.000   0.290   0.001   0.709
E G  2NR9A                 29    0.672  52.853   0.000   0.044   0.001   0.955
E F  2NR9A                 30    0.385  77.300   0.000   0.087   0.005   0.908
E E  2NR9A                 31    0.649 113.450   0.000   0.363   0.005   0.632
E D  2NR9A                 32    0.697 100.374   0.000   0.417   0.006   0.577
E D  2NR9A                 33    0.427  61.502   0.000   0.405   0.014   0.581
E I  2NR9A                 34    0.251  46.413   0.000   0.800   0.006   0.194
E M  2NR9A                 35    0.348  69.593   0.000   0.945   0.002   0.053
E Y  2NR9A                 36    0.365  78.101   0.000   0.957   0.002   0.041
B L  2NR9A                 37    0.130  23.876   0.000   0.932   0.002   0.067
E M  2NR9A                 38    0.288  57.582   0.000   0.670   0.006   0.325
E H  2NR9A                 39    0.520  94.560   0.000   0.353   0.004   0.643
E Y  2NR9A                 40    0.267  57.125   0.000   0.022   0.004   0.974
E P  2NR9A                 41    0.435  61.788   0.000   0.211   0.006   0.782
E A  2NR9A                 42    0.421  46.354   0.000   0.572   0.006   0.421
E Y  2NR9A                 43    0.436  93.157   0.000   0.509   0.009   0.481
E E  2NR9A                 44    0.438  76.468   0.000   0.684   0.003   0.313
E E  2NR9A                 45    0.497  86.815   0.000   0.657   0.006   0.337
E Q  2NR9A                 46    0.530  94.639   0.000   0.581   0.004   0.415
E D  2NR9A                 47    0.571  82.228   0.000   0.297   0.003   0.700
E S  2NR9A                 48    0.405  47.492   0.000   0.246   0.005   0.749
E E  2NR9A                 49    0.357  62.359   0.000   0.416   0.025   0.559
E V  2NR9A                 50    0.263  40.371   0.000   0.823   0.012   0.165
B W  2NR9A                 51    0.211  50.802   0.000   0.916   0.009   0.076
B R  2NR9A                 52    0.170  38.830   0.000   0.974   0.005   0.020
B Y  2NR9A                 53    0.231  49.397   0.000   0.977   0.001   0.022
B I  2NR9A                 54    0.207  38.267   0.000   0.931   0.004   0.065
B S  2NR9A                 55    0.022   2.526   0.000   0.943   0.002   0.056
B H  2NR9A                 56    0.070  12.786   0.000   0.928   0.001   0.071
B T  2NR9A                 57    0.153  21.222   0.000   0.896   0.001   0.103
B L  2NR9A                 58    0.171  31.238   0.000   0.816   0.001   0.183
B V  2NR9A                 59    0.066  10.140   0.000   0.477   0.006   0.517
B H  2NR9A                 60    0.128  23.226   0.000   0.050   0.009   0.941
E L  2NR9A                 61    0.284  51.995   0.000   0.031   0.003   0.967
E S  2NR9A                 62    0.283  33.208   0.000   0.009   0.001   0.990
E N  2NR9A                 63    0.644  94.293   0.000   0.945   0.000   0.055
E L  2NR9A                 64    0.426  77.979   0.000   0.982   0.000   0.018
B H  2NR9A                 65    0.035   6.321   0.000   0.997   0.000   0.003
B I  2NR9A                 66    0.065  11.989   0.000   0.999   0.000   0.001
E L  2NR9A                 67    0.357  65.336   0.000   0.997   0.000   0.003
B F  2NR9A                 68    0.204  40.995   0.000   0.995   0.000   0.005
B N  2NR9A                 69    0.011   1.628   0.000   0.998   0.000   0.002
B L  2NR9A                 70    0.060  11.000   0.000   0.995   0.000   0.005
E S  2NR9A                 71    0.290  33.970   0.000   0.990   0.000   0.010
B W  2NR9A                 72    0.114  27.399   0.000   0.992   0.000   0.007
B F  2NR9A                 73    0.043   8.652   0.000   0.993   0.000   0.007
E F  2NR9A                 74    0.283  56.728   0.000   0.982   0.000   0.018
E I  2NR9A                 75    0.312  57.704   0.000   0.951   0.000   0.049
B F  2NR9A                 76    0.098  19.642   0.000   0.907   0.000   0.092
B G  2NR9A                 77    0.012   0.972   0.000   0.992   0.000   0.008
B G  2NR9A                 78    0.151  11.867   0.000   0.995   0.000   0.005
B M  2NR9A                 79    0.246  49.303   0.000   0.996   0.000   0.004
B I  2NR9A                 80    0.051   9.470   0.000   0.997   0.000   0.003
B E  2NR9A                 81    0.076  13.347   0.000   0.999   0.000   0.001
E R  2NR9A                 82    0.643 147.246   0.000   0.996   0.000   0.004
E T  2NR9A                 83    0.567  78.692   0.000   0.988   0.000   0.012
E F  2NR9A                 84    0.404  81.156   0.000   0.968   0.000   0.032
E G  2NR9A                 85    0.281  22.137   0.000   0.056   0.001   0.943
E S  2NR9A                 86    0.334  39.088   0.000   0.877   0.001   0.123
E V  2NR9A                 87    0.644  98.960   0.000   0.986   0.000   0.013
E K  2NR9A                 88    0.425  87.411   0.000   0.997   0.000   0.003
B L  2NR9A                 89    0.025   4.641   0.000   0.999   0.000   0.001
B L  2NR9A                 90    0.234  42.919   0.000   1.000   0.000   0.000
E M  2NR9A                 91    0.448  89.580   0.000   1.000   0.000   0.000
B L  2NR9A                 92    0.125  22.805   0.000   1.000   0.000   0.000
B Y  2NR9A                 93    0.027   5.743   0.000   1.000   0.000   0.000
E V  2NR9A                 94    0.294  45.237   0.000   1.000   0.000   0.000
E V  2NR9A                 95    0.438  67.308   0.000   1.000   0.000   0.000
B A  2NR9A                 96    0.022   2.458   0.000   0.999   0.000   0.001
B S  2NR9A                 97    0.019   2.235   0.000   0.999   0.000   0.001
E A  2NR9A                 98    0.305  33.598   0.000   0.999   0.000   0.001
E I  2NR9A                 99    0.393  72.633   0.000   0.999   0.000   0.001
B T  2NR9A                100    0.018   2.564   0.000   0.999   0.000   0.001
B G  2NR9A                101    0.018   1.427   0.000   0.999   0.000   0.001
E Y  2NR9A                102    0.441  94.164   0.000   0.997   0.000   0.003
E V  2NR9A                103    0.339  52.054   0.000   0.995   0.000   0.005
B Q  2NR9A                104    0.052   9.243   0.000   0.994   0.000   0.006
B N  2NR9A                105    0.141  20.593   0.000   0.977   0.001   0.022
E Y  2NR9A                106    0.624 133.324   0.000   0.949   0.001   0.050
E V  2NR9A                107    0.503  77.280   0.000   0.819   0.001   0.180
E S  2NR9A                108    0.328  38.437   0.000   0.557   0.007   0.435
E G  2NR9A                109    0.388  30.542   0.000   0.014   0.014   0.972
E P  2NR9A                110    0.481  68.281   0.000   0.021   0.010   0.969
B A  2NR9A                111    0.203  22.320   0.000   0.022   0.257   0.721
B F  2NR9A                112    0.171  34.305   0.000   0.014   0.639   0.347
B F  2NR9A                113    0.124  24.839   0.000   0.010   0.680   0.310
B G  2NR9A                114    0.040   3.151   0.000   0.044   0.082   0.874
B L  2NR9A                115    0.137  25.095   0.000   0.804   0.007   0.189
B S  2NR9A                116    0.031   3.613   0.000   0.972   0.002   0.026
B G  2NR9A                117    0.008   0.602   0.000   0.997   0.000   0.003
B V  2NR9A                118    0.122  18.816   0.000   0.999   0.000   0.001
B V  2NR9A                119    0.158  24.224   0.000   1.000   0.000   0.000
B Y  2NR9A                120    0.030   6.452   0.000   0.999   0.000   0.001
B A  2NR9A                121    0.013   1.470   0.000   0.999   0.000   0.001
B V  2NR9A                122    0.200  30.796   0.000   0.999   0.000   0.001
B L  2NR9A                123    0.171  31.246   0.000   0.999   0.000   0.001
B G  2NR9A                124    0.017   1.370   0.000   0.999   0.000   0.001
B Y  2NR9A                125    0.101  21.571   0.000   0.995   0.000   0.005
B V  2NR9A                126    0.185  28.494   0.000   0.978   0.001   0.022
B F  2NR9A                127    0.209  41.973   0.000   0.957   0.000   0.043
B I  2NR9A                128    0.124  22.938   0.000   0.877   0.001   0.122
E R  2NR9A                129    0.301  68.999   0.000   0.613   0.013   0.375
E D  2NR9A                130    0.392  56.545   0.000   0.455   0.010   0.536
E K  2NR9A                131    0.569 117.065   0.000   0.649   0.004   0.348
E L  2NR9A                132    0.403  73.880   0.000   0.515   0.010   0.475
E N  2NR9A                133    0.460  67.358   0.000   0.291   0.012   0.697
E H  2NR9A                134    0.493  89.633   0.000   0.335   0.014   0.650
E H  2NR9A                135    0.647 117.699   0.000   0.320   0.012   0.668
E L  2NR9A                136    0.455  83.328   0.000   0.376   0.018   0.607
E F  2NR9A                137    0.400  80.328   0.000   0.237   0.039   0.725
E D  2NR9A                138    0.754 108.693   0.000   0.153   0.018   0.828
B L  2NR9A                139    0.219  40.024   0.000   0.057   0.024   0.918
E P  2NR9A                140    0.464  65.824   0.000   0.180   0.014   0.806
E E  2NR9A                141    0.741 129.425   0.000   0.808   0.001   0.191
E G  2NR9A                142    0.314  24.689   0.000   0.813   0.001   0.186
B F  2NR9A                143    0.173  34.668   0.000   0.953   0.001   0.046
E F  2NR9A                144    0.409  82.010   0.000   0.990   0.000   0.010
E T  2NR9A                145    0.429  59.481   0.000   0.992   0.000   0.008
B M  2NR9A                146    0.118  23.592   0.000   0.998   0.000   0.002
B L  2NR9A                147    0.170  31.047   0.000   0.999   0.000   0.001
E L  2NR9A                148    0.402  73.611   0.000   0.998   0.000   0.002
E V  2NR9A                149    0.341  52.419   0.000   0.998   0.000   0.002
B G  2NR9A                150    0.045   3.565   0.000   0.998   0.000   0.002
B I  2NR9A                151    0.224  41.438   0.000   0.998   0.000   0.002
E A  2NR9A                152    0.432  47.659   0.000   0.992   0.000   0.008
B L  2NR9A                153    0.214  39.176   0.000   0.984   0.000   0.016
B G  2NR9A                154    0.067   5.258   0.000   0.985   0.000   0.015
E F  2NR9A                155    0.469  94.135   0.000   0.889   0.001   0.110
E I  2NR9A                156    0.416  76.905   0.000   0.764   0.001   0.235
B S  2NR9A                157    0.179  21.002   0.000   0.660   0.001   0.338
E P  2NR9A                158    0.528  74.884   0.000   0.778   0.001   0.221
E L  2NR9A                159    0.623 114.059   0.000   0.791   0.005   0.204
E F  2NR9A                160    0.440  88.357   0.000   0.685   0.004   0.311
E G  2NR9A                161    0.435  34.226   0.000   0.164   0.006   0.830
E V  2NR9A                162    0.388  59.571   0.000   0.361   0.018   0.621
E E  2NR9A                163    0.639 111.547   0.000   0.370   0.038   0.592
B M  2NR9A                164    0.152  30.356   0.000   0.503   0.088   0.409
B G  2NR9A                165    0.057   4.460   0.000   0.662   0.013   0.325
E N  2NR9A                166    0.320  46.795   0.000   0.957   0.000   0.043
E A  2NR9A                167    0.297  32.773   0.000   0.982   0.001   0.017
B A  2NR9A                168    0.014   1.590   0.000   0.997   0.000   0.003
B H  2NR9A                169    0.033   5.961   0.000   0.999   0.000   0.001
E I  2NR9A                170    0.334  61.808   0.000   0.998   0.000   0.002
B S  2NR9A                171    0.189  22.180   0.000   0.998   0.000   0.002
B G  2NR9A                172    0.004   0.317   0.000   1.000   0.000   0.000
B L  2NR9A                173    0.161  29.567   0.000   1.000   0.000   0.000
E I  2NR9A                174    0.449  83.054   0.000   1.000   0.000   0.000
B V  2NR9A                175    0.170  26.160   0.000   1.000   0.000   0.000
B G  2NR9A                176    0.008   0.645   0.000   1.000   0.000   0.000
E L  2NR9A                177    0.298  54.578   0.000   0.999   0.000   0.001
E I  2NR9A                178    0.489  90.521   0.000   0.998   0.000   0.002
B W  2NR9A                179    0.184  44.280   0.000   0.996   0.000   0.004
B G  2NR9A                180    0.031   2.401   0.000   0.993   0.000   0.007
E F  2NR9A                181    0.462  92.737   0.000   0.947   0.001   0.052
E I  2NR9A                182    0.547 101.271   0.000   0.897   0.001   0.102
E D  2NR9A                183    0.320  46.078   0.000   0.810   0.000   0.190
E S  2NR9A                184    0.284  33.292   0.000   0.785   0.002   0.213
E K  2NR9A                185    0.623 128.141   0.000   0.722   0.003   0.275
E L  2NR9A                186    0.580 106.208   0.000   0.628   0.004   0.368
E R  2NR9A                187    0.486 111.258   0.000   0.504   0.005   0.491
E K  2NR9A                188    0.567 116.577   0.000   0.379   0.006   0.615
E N  2NR9A                189    0.704 103.104   0.000   0.277   0.001   0.722
E S  2NR9A                190    0.578  67.756   0.000   0.251   0.003   0.746
E L  2NR9A                191    0.600 109.790   0.000   0.133   0.004   0.864
E E  2NR9A                192    0.761 132.956   0.000   0.085   0.006   0.910
E L  2NR9A                193    0.627 114.788   0.000   0.081   0.007   0.912
E V  2NR9A                194    0.634  97.427   0.000   0.001   0.003   0.996
E P  2NR9A                195    0.784 111.221   0.000   0.001   0.001   0.998
E R  2NR9A                196    0.900 206.178   0.000   0.000   0.000   1.000
