# For publication of results, please cite:
# ...
# ... Michael Schantz Klausen, Martin Closter Jespersen, Henrik Nielsen, Kamilla Kjærgaard Jensen, 
# ... Vanessa Isabell Jurtz, Casper Kaae Sønderby, Morten Otto Alexander Sommer, Ole Winther, 
# ... Morten Nielsen, Bent Petersen, and Paolo Marcatili. 
# ... NetSurfP-2.0: Improved prediction of protein structural features by integrated deep learning.
# ... Proteins: Structure, Function, and Bioinformatics (Feb. 2019).
# ... https://doi.org/10.1002/prot.25674
# ...
#
# Column 1: Class assignment - B for buried or E for Exposed - Threshold: 25% exposure, but not based on RSA
# Column 2: Amino acid
# Column 3: Sequence name
# Column 4: Amino acid number
# Column 5: Relative Surface Accessibility - RSA
# Column 6: Absolute Surface Accessibility
# Column 7: Not used
# Column 8: Probability for Alpha-Helix
# Column 9: Probability for Beta-strand
# Column 10: Probability for Coil
E V  2YADB                  1    0.866 133.090   0.000   0.000   0.001   0.999
E T  2YADB                  2    0.774 107.314   0.000   0.003   0.125   0.872
E T  2YADB                  3    0.668  92.680   0.000   0.005   0.326   0.669
E A  2YADB                  4    0.462  50.938   0.000   0.008   0.408   0.584
E T  2YADB                  5    0.689  95.619   0.000   0.008   0.438   0.554
E F  2YADB                  6    0.419  84.113   0.000   0.006   0.350   0.643
E S  2YADB                  7    0.649  76.092   0.000   0.011   0.228   0.760
E I  2YADB                  8    0.592 109.609   0.000   0.019   0.105   0.877
E G  2YADB                  9    0.742  58.364   0.000   0.012   0.021   0.967
E S  2YADB                 10    0.528  61.834   0.000   0.012   0.097   0.892
E T  2YADB                 11    0.527  73.058   0.000   0.005   0.446   0.548
B G  2YADB                 12    0.222  17.473   0.000   0.001   0.812   0.187
B L  2YADB                 13    0.245  44.839   0.000   0.001   0.924   0.075
B V  2YADB                 14    0.169  26.049   0.000   0.001   0.975   0.024
B V  2YADB                 15    0.156  24.054   0.000   0.001   0.984   0.015
E Y  2YADB                 16    0.338  72.269   0.000   0.001   0.992   0.007
E D  2YADB                 17    0.256  36.858   0.000   0.000   0.975   0.025
E Y  2YADB                 18    0.503 107.470   0.000   0.059   0.016   0.925
E Q  2YADB                 19    0.777 138.793   0.000   0.081   0.006   0.913
E Q  2YADB                 20    0.504  90.006   0.000   0.064   0.003   0.933
E L  2YADB                 21    0.418  76.479   0.000   0.001   0.024   0.974
B L  2YADB                 22    0.137  25.013   0.000   0.000   0.971   0.029
B I  2YADB                 23    0.147  27.136   0.000   0.000   0.999   0.001
B A  2YADB                 24    0.059   6.461   0.000   0.000   0.998   0.002
B Y  2YADB                 25    0.221  47.323   0.000   0.000   0.996   0.003
E K  2YADB                 26    0.352  72.444   0.000   0.000   0.932   0.068
E P  2YADB                 27    0.303  42.959   0.000   0.000   0.841   0.159
E A  2YADB                 28    0.315  34.732   0.000   0.002   0.424   0.574
E P  2YADB                 29    0.749 106.272   0.000   0.009   0.026   0.965
E G  2YADB                 30    0.667  52.512   0.000   0.005   0.018   0.978
E T  2YADB                 31    0.480  66.518   0.000   0.005   0.321   0.674
B C  2YADB                 32    0.222  31.145   0.000   0.001   0.838   0.161
B C  2YADB                 33    0.101  14.239   0.000   0.002   0.919   0.079
E Y  2YADB                 34    0.382  81.615   0.000   0.001   0.957   0.042
B I  2YADB                 35    0.092  16.957   0.000   0.001   0.916   0.082
E K  2YADB                 36    0.522 107.406   0.000   0.003   0.724   0.273
B I  2YADB                 37    0.129  23.890   0.000   0.001   0.378   0.620
E A  2YADB                 38    0.333  36.669   0.000   0.001   0.043   0.956
E P  2YADB                 39    0.460  65.228   0.000   0.670   0.005   0.325
E E  2YADB                 40    0.869 151.798   0.000   0.593   0.001   0.405
E S  2YADB                 41    0.440  51.541   0.000   0.735   0.010   0.255
B I  2YADB                 42    0.119  21.967   0.000   0.058   0.031   0.912
E P  2YADB                 43    0.512  72.698   0.000   0.145   0.003   0.852
E S  2YADB                 44    0.394  46.230   0.000   0.124   0.037   0.839
B L  2YADB                 45    0.234  42.784   0.000   0.966   0.001   0.033
E E  2YADB                 46    0.639 111.637   0.000   0.992   0.000   0.008
E A  2YADB                 47    0.328  36.136   0.000   0.992   0.000   0.008
B L  2YADB                 48    0.141  25.874   0.000   0.991   0.000   0.009
E T  2YADB                 49    0.256  35.507   0.000   0.991   0.000   0.009
E R  2YADB                 50    0.623 142.728   0.000   0.981   0.000   0.019
E K  2YADB                 51    0.435  89.389   0.000   0.968   0.000   0.032
B V  2YADB                 52    0.165  25.323   0.000   0.921   0.001   0.078
E H  2YADB                 53    0.624 113.486   0.000   0.743   0.002   0.255
E N  2YADB                 54    0.769 112.627   0.000   0.520   0.001   0.479
E F  2YADB                 55    0.461  92.538   0.000   0.276   0.001   0.722
E Q  2YADB                 56    0.723 129.198   0.000   0.092   0.003   0.905
E E  2YADB                 57    0.637 111.271   0.000   0.093   0.008   0.899
E C  2YADB                 58    0.411  57.680   0.000   0.406   0.018   0.577
E S  2YADB                 59    0.740  86.771   0.000   0.592   0.012   0.396
E F  2YADB                 60    0.452  90.646   0.000   0.717   0.013   0.270
B L  2YADB                 61    0.237  43.406   0.000   0.744   0.009   0.248
E G  2YADB                 62    0.453  35.618   0.000   0.591   0.031   0.377
E A  2YADB                 63    0.434  47.862   0.000   0.788   0.038   0.174
B V  2YADB                 64    0.095  14.641   0.000   0.752   0.045   0.202
E S  2YADB                 65    0.486  56.963   0.000   0.808   0.047   0.145
E T  2YADB                 66    0.627  86.996   0.000   0.811   0.078   0.111
E L  2YADB                 67    0.282  51.611   0.000   0.702   0.113   0.185
B C  2YADB                 68    0.127  17.810   0.000   0.443   0.081   0.476
E G  2YADB                 69    0.518  40.737   0.000   0.098   0.029   0.874
E E  2YADB                 70    0.850 148.578   0.000   0.038   0.007   0.955
E V  2YADB                 71    0.260  39.987   0.000   0.003   0.053   0.945
E P  2YADB                 72    0.458  64.975   0.000   0.005   0.244   0.750
E L  2YADB                 73    0.288  52.757   0.000   0.039   0.783   0.178
E Y  2YADB                 74    0.392  83.693   0.000   0.030   0.890   0.079
E Y  2YADB                 75    0.478 102.211   0.000   0.019   0.799   0.182
E I  2YADB                 76    0.601 111.263   0.000   0.001   0.004   0.995
