# For publication of results, please cite:
# ...
# ... Michael Schantz Klausen, Martin Closter Jespersen, Henrik Nielsen, Kamilla Kjærgaard Jensen, 
# ... Vanessa Isabell Jurtz, Casper Kaae Sønderby, Morten Otto Alexander Sommer, Ole Winther, 
# ... Morten Nielsen, Bent Petersen, and Paolo Marcatili. 
# ... NetSurfP-2.0: Improved prediction of protein structural features by integrated deep learning.
# ... Proteins: Structure, Function, and Bioinformatics (Feb. 2019).
# ... https://doi.org/10.1002/prot.25674
# ...
#
# Column 1: Class assignment - B for buried or E for Exposed - Threshold: 25% exposure, but not based on RSA
# Column 2: Amino acid
# Column 3: Sequence name
# Column 4: Amino acid number
# Column 5: Relative Surface Accessibility - RSA
# Column 6: Absolute Surface Accessibility
# Column 7: Not used
# Column 8: Probability for Alpha-Helix
# Column 9: Probability for Beta-strand
# Column 10: Probability for Coil
E M  1LDIA                  1    0.862 172.516   0.000   0.001   0.000   0.999
E S  1LDIA                  2    0.851  99.746   0.000   0.006   0.000   0.994
E Q  1LDIA                  3    0.785 140.222   0.000   0.041   0.001   0.958
E T  1LDIA                  4    0.738 102.361   0.000   0.080   0.005   0.915
E S  1LDIA                  5    0.681  79.848   0.000   0.104   0.008   0.888
E T  1LDIA                  6    0.590  81.899   0.000   0.305   0.004   0.692
E L  1LDIA                  7    0.382  69.928   0.000   0.870   0.001   0.128
E K  1LDIA                  8    0.651 133.862   0.000   0.927   0.000   0.073
E G  1LDIA                  9    0.331  26.048   0.000   0.952   0.001   0.047
B Q  1LDIA                 10    0.165  29.501   0.000   0.990   0.000   0.010
B C  1LDIA                 11    0.148  20.748   0.000   0.996   0.000   0.004
E I  1LDIA                 12    0.490  90.617   0.000   0.996   0.000   0.004
B A  1LDIA                 13    0.135  14.843   0.000   0.997   0.000   0.003
B E  1LDIA                 14    0.018   3.169   0.000   0.999   0.000   0.001
B F  1LDIA                 15    0.217  43.539   0.000   0.999   0.000   0.001
E L  1LDIA                 16    0.453  82.929   0.000   0.999   0.000   0.001
B G  1LDIA                 17    0.058   4.540   0.000   0.999   0.000   0.001
B T  1LDIA                 18    0.024   3.359   0.000   0.999   0.000   0.001
B G  1LDIA                 19    0.172  13.514   0.000   1.000   0.000   0.000
E L  1LDIA                 20    0.363  66.488   0.000   1.000   0.000   0.000
B L  1LDIA                 21    0.115  21.100   0.000   1.000   0.000   0.000
B I  1LDIA                 22    0.056  10.385   0.000   1.000   0.000   0.000
E F  1LDIA                 23    0.306  61.488   0.000   0.999   0.000   0.001
E F  1LDIA                 24    0.273  54.804   0.000   0.999   0.000   0.001
B G  1LDIA                 25    0.043   3.359   0.000   0.999   0.000   0.001
B V  1LDIA                 26    0.106  16.232   0.000   0.999   0.000   0.001
B G  1LDIA                 27    0.130  10.204   0.000   0.998   0.000   0.002
B C  1LDIA                 28    0.071   9.909   0.000   0.997   0.000   0.003
B V  1LDIA                 29    0.048   7.349   0.000   0.997   0.000   0.003
B A  1LDIA                 30    0.159  17.469   0.000   0.986   0.000   0.014
B A  1LDIA                 31    0.205  22.593   0.000   0.958   0.000   0.042
B L  1LDIA                 32    0.142  26.083   0.000   0.909   0.001   0.090
E K  1LDIA                 33    0.501 103.026   0.000   0.898   0.005   0.097
E V  1LDIA                 34    0.556  85.393   0.000   0.857   0.009   0.134
E A  1LDIA                 35    0.487  53.719   0.000   0.441   0.007   0.552
E G  1LDIA                 36    0.763  60.018   0.000   0.032   0.002   0.967
E A  1LDIA                 37    0.381  42.023   0.000   0.069   0.016   0.915
E S  1LDIA                 38    0.736  86.304   0.000   0.071   0.021   0.908
E F  1LDIA                 39    0.521 104.637   0.000   0.196   0.036   0.768
E G  1LDIA                 40    0.371  29.211   0.000   0.212   0.013   0.774
E Q  1LDIA                 41    0.331  59.165   0.000   0.840   0.004   0.156
E W  1LDIA                 42    0.462 111.183   0.000   0.930   0.003   0.067
E E  1LDIA                 43    0.421  73.596   0.000   0.983   0.001   0.016
B I  1LDIA                 44    0.101  18.703   0.000   0.994   0.000   0.006
B S  1LDIA                 45    0.018   2.072   0.000   0.997   0.000   0.003
E V  1LDIA                 46    0.333  51.204   0.000   0.998   0.000   0.002
E I  1LDIA                 47    0.359  66.487   0.000   0.998   0.000   0.002
B W  1LDIA                 48    0.099  23.753   0.000   0.999   0.000   0.001
B G  1LDIA                 49    0.027   2.092   0.000   0.999   0.000   0.001
E L  1LDIA                 50    0.383  70.149   0.000   0.999   0.000   0.001
B G  1LDIA                 51    0.191  15.040   0.000   1.000   0.000   0.000
B V  1LDIA                 52    0.075  11.471   0.000   0.999   0.000   0.001
B A  1LDIA                 53    0.085   9.404   0.000   0.999   0.000   0.001
E M  1LDIA                 54    0.354  70.827   0.000   0.999   0.000   0.001
B A  1LDIA                 55    0.178  19.631   0.000   0.998   0.000   0.002
B I  1LDIA                 56    0.047   8.713   0.000   0.998   0.000   0.002
B Y  1LDIA                 57    0.245  52.274   0.000   0.991   0.000   0.009
E L  1LDIA                 58    0.388  70.964   0.000   0.936   0.001   0.064
B T  1LDIA                 59    0.208  28.789   0.000   0.753   0.000   0.247
B A  1LDIA                 60    0.097  10.673   0.000   0.559   0.001   0.439
E G  1LDIA                 61    0.393  30.893   0.000   0.275   0.003   0.722
B V  1LDIA                 62    0.213  32.784   0.000   0.207   0.017   0.775
B S  1LDIA                 63    0.098  11.477   0.000   0.134   0.019   0.847
B G  1LDIA                 64    0.068   5.384   0.000   0.071   0.007   0.922
B A  1LDIA                 65    0.022   2.427   0.000   0.132   0.016   0.852
B H  1LDIA                 66    0.079  14.407   0.000   0.083   0.122   0.795
B L  1LDIA                 67    0.050   9.216   0.000   0.178   0.091   0.731
B N  1LDIA                 68    0.027   3.922   0.000   0.299   0.013   0.689
B P  1LDIA                 69    0.032   4.482   0.000   0.927   0.002   0.071
B A  1LDIA                 70    0.051   5.621   0.000   0.983   0.001   0.016
B V  1LDIA                 71    0.034   5.166   0.000   0.998   0.000   0.002
B T  1LDIA                 72    0.014   1.898   0.000   1.000   0.000   0.000
B I  1LDIA                 73    0.141  26.009   0.000   0.999   0.000   0.001
B A  1LDIA                 74    0.043   4.725   0.000   0.999   0.000   0.001
B L  1LDIA                 75    0.029   5.251   0.000   0.999   0.000   0.001
B W  1LDIA                 76    0.152  36.567   0.000   0.996   0.000   0.004
E L  1LDIA                 77    0.297  54.458   0.000   0.957   0.000   0.042
B F  1LDIA                 78    0.237  47.617   0.000   0.244   0.000   0.756
E A  1LDIA                 79    0.556  61.322   0.000   0.038   0.000   0.962
E C  1LDIA                 80    0.336  47.176   0.000   0.014   0.002   0.984
B F  1LDIA                 81    0.098  19.599   0.000   0.002   0.037   0.960
E D  1LDIA                 82    0.556  80.082   0.000   0.004   0.010   0.987
E K  1LDIA                 83    0.744 153.013   0.000   0.749   0.001   0.250
E R  1LDIA                 84    0.776 177.649   0.000   0.791   0.001   0.208
B K  1LDIA                 85    0.232  47.650   0.000   0.883   0.000   0.117
B V  1LDIA                 86    0.069  10.572   0.000   0.967   0.000   0.033
E I  1LDIA                 87    0.561 103.699   0.000   0.996   0.000   0.004
B P  1LDIA                 88    0.235  33.357   0.000   0.998   0.000   0.002
B F  1LDIA                 89    0.026   5.267   0.000   1.000   0.000   0.000
B I  1LDIA                 90    0.204  37.654   0.000   1.000   0.000   0.000
E V  1LDIA                 91    0.502  77.138   0.000   1.000   0.000   0.000
B S  1LDIA                 92    0.070   8.190   0.000   1.000   0.000   0.000
B Q  1LDIA                 93    0.013   2.239   0.000   1.000   0.000   0.000
E V  1LDIA                 94    0.290  44.547   0.000   0.999   0.000   0.001
E A  1LDIA                 95    0.443  48.847   0.000   0.999   0.000   0.001
B G  1LDIA                 96    0.020   1.564   0.000   1.000   0.000   0.000
B A  1LDIA                 97    0.016   1.776   0.000   1.000   0.000   0.000
E F  1LDIA                 98    0.402  80.612   0.000   1.000   0.000   0.000
E C  1LDIA                 99    0.413  58.042   0.000   0.999   0.000   0.001
B A  1LDIA                100    0.022   2.415   0.000   1.000   0.000   0.000
B A  1LDIA                101    0.044   4.877   0.000   0.999   0.000   0.001
E A  1LDIA                102    0.397  43.714   0.000   0.999   0.000   0.001
E L  1LDIA                103    0.443  81.120   0.000   0.999   0.000   0.001
B V  1LDIA                104    0.060   9.285   0.000   0.997   0.000   0.003
E Y  1LDIA                105    0.262  55.944   0.000   0.994   0.000   0.006
E G  1LDIA                106    0.458  36.063   0.000   0.981   0.000   0.019
E L  1LDIA                107    0.451  82.607   0.000   0.948   0.000   0.052
B Y  1LDIA                108    0.169  36.061   0.000   0.791   0.002   0.207
E Y  1LDIA                109    0.422  90.287   0.000   0.871   0.003   0.126
E N  1LDIA                110    0.621  90.913   0.000   0.880   0.002   0.118
E L  1LDIA                111    0.298  54.574   0.000   0.865   0.006   0.129
E F  1LDIA                112    0.265  53.230   0.000   0.769   0.041   0.190
E F  1LDIA                113    0.372  74.738   0.000   0.626   0.092   0.282
E D  1LDIA                114    0.441  63.516   0.000   0.382   0.147   0.471
E F  1LDIA                115    0.354  71.127   0.000   0.522   0.096   0.382
E E  1LDIA                116    0.512  89.479   0.000   0.532   0.086   0.383
E Q  1LDIA                117    0.578 103.200   0.000   0.595   0.040   0.365
E T  1LDIA                118    0.386  53.577   0.000   0.488   0.049   0.463
E H  1LDIA                119    0.488  88.850   0.000   0.308   0.059   0.632
E H  1LDIA                120    0.482  87.717   0.000   0.284   0.140   0.576
E I  1LDIA                121    0.301  55.683   0.000   0.280   0.223   0.496
E V  1LDIA                122    0.336  51.668   0.000   0.232   0.284   0.484
E R  1LDIA                123    0.548 125.604   0.000   0.163   0.215   0.622
E G  1LDIA                124    0.465  36.561   0.000   0.029   0.081   0.890
E S  1LDIA                125    0.448  52.473   0.000   0.043   0.104   0.853
E V  1LDIA                126    0.384  58.957   0.000   0.431   0.076   0.493
E E  1LDIA                127    0.718 125.441   0.000   0.487   0.045   0.468
E S  1LDIA                128    0.443  51.929   0.000   0.514   0.076   0.410
E V  1LDIA                129    0.280  43.078   0.000   0.383   0.101   0.516
E D  1LDIA                130    0.482  69.434   0.000   0.310   0.088   0.602
E L  1LDIA                131    0.287  52.516   0.000   0.378   0.076   0.546
B A  1LDIA                132    0.222  24.431   0.000   0.336   0.066   0.598
B G  1LDIA                133    0.110   8.629   0.000   0.334   0.146   0.520
B T  1LDIA                134    0.137  18.968   0.000   0.245   0.239   0.516
B F  1LDIA                135    0.175  35.196   0.000   0.196   0.280   0.524
B S  1LDIA                136    0.086  10.030   0.000   0.118   0.345   0.537
B T  1LDIA                137    0.121  16.799   0.000   0.032   0.326   0.642
E Y  1LDIA                138    0.343  73.322   0.000   0.002   0.208   0.790
E P  1LDIA                139    0.274  38.862   0.000   0.001   0.183   0.816
B N  1LDIA                140    0.228  33.430   0.000   0.001   0.027   0.972
E P  1LDIA                141    0.586  83.203   0.000   0.003   0.002   0.995
E H  1LDIA                142    0.735 133.697   0.000   0.007   0.002   0.991
B I  1LDIA                143    0.122  22.588   0.000   0.008   0.033   0.959
E N  1LDIA                144    0.512  74.889   0.000   0.007   0.017   0.976
E F  1LDIA                145    0.475  95.348   0.000   0.993   0.000   0.007
E V  1LDIA                146    0.688 105.734   0.000   0.998   0.000   0.002
E Q  1LDIA                147    0.330  58.898   0.000   0.999   0.000   0.001
B A  1LDIA                148    0.006   0.654   0.000   1.000   0.000   0.000
E F  1LDIA                149    0.255  51.083   0.000   0.999   0.000   0.001
E A  1LDIA                150    0.480  52.951   0.000   0.999   0.000   0.001
B V  1LDIA                151    0.133  20.415   0.000   0.999   0.000   0.001
B E  1LDIA                152    0.011   1.851   0.000   1.000   0.000   0.000
B M  1LDIA                153    0.240  47.941   0.000   1.000   0.000   0.000
E V  1LDIA                154    0.477  73.361   0.000   1.000   0.000   0.000
B I  1LDIA                155    0.135  24.934   0.000   1.000   0.000   0.000
B T  1LDIA                156    0.013   1.788   0.000   1.000   0.000   0.000
E A  1LDIA                157    0.296  32.572   0.000   1.000   0.000   0.000
E I  1LDIA                158    0.418  77.256   0.000   1.000   0.000   0.000
B L  1LDIA                159    0.118  21.608   0.000   0.999   0.000   0.001
B M  1LDIA                160    0.077  15.397   0.000   0.999   0.000   0.001
E G  1LDIA                161    0.274  21.571   0.000   0.999   0.000   0.001
E L  1LDIA                162    0.302  55.338   0.000   0.999   0.000   0.001
B I  1LDIA                163    0.065  11.979   0.000   0.998   0.000   0.002
B L  1LDIA                164    0.156  28.509   0.000   0.988   0.000   0.011
E A  1LDIA                165    0.344  37.963   0.000   0.920   0.001   0.079
E L  1LDIA                166    0.273  49.933   0.000   0.729   0.001   0.269
B T  1LDIA                167    0.141  19.532   0.000   0.418   0.070   0.512
E D  1LDIA                168    0.360  51.843   0.000   0.120   0.175   0.705
E D  1LDIA                169    0.607  87.466   0.000   0.092   0.041   0.867
E G  1LDIA                170    0.583  45.905   0.000   0.020   0.018   0.962
E N  1LDIA                171    0.693 101.440   0.000   0.022   0.010   0.968
E G  1LDIA                172    0.494  38.859   0.000   0.024   0.022   0.954
E V  1LDIA                173    0.404  62.077   0.000   0.005   0.134   0.861
E P  1LDIA                174    0.400  56.763   0.000   0.011   0.303   0.686
E R  1LDIA                175    0.486 111.344   0.000   0.039   0.155   0.806
E G  1LDIA                176    0.319  25.134   0.000   0.157   0.042   0.801
E P  1LDIA                177    0.484  68.749   0.000   0.288   0.007   0.705
E L  1LDIA                178    0.380  69.524   0.000   0.689   0.006   0.305
B A  1LDIA                179    0.093  10.202   0.000   0.991   0.000   0.009
B P  1LDIA                180    0.058   8.292   0.000   0.993   0.000   0.007
E L  1LDIA                181    0.303  55.435   0.000   0.999   0.000   0.001
E L  1LDIA                182    0.397  72.642   0.000   0.999   0.000   0.001
B I  1LDIA                183    0.089  16.460   0.000   0.999   0.000   0.001
B G  1LDIA                184    0.026   2.055   0.000   1.000   0.000   0.000
E L  1LDIA                185    0.373  68.297   0.000   1.000   0.000   0.000
E L  1LDIA                186    0.294  53.851   0.000   1.000   0.000   0.000
B I  1LDIA                187    0.070  13.020   0.000   0.999   0.000   0.001
B A  1LDIA                188    0.094  10.313   0.000   0.999   0.000   0.001
E V  1LDIA                189    0.356  54.759   0.000   0.998   0.000   0.002
B I  1LDIA                190    0.199  36.846   0.000   0.996   0.000   0.004
B G  1LDIA                191    0.022   1.745   0.000   0.997   0.000   0.003
B A  1LDIA                192    0.166  18.332   0.000   0.979   0.000   0.021
E S  1LDIA                193    0.285  33.435   0.000   0.836   0.002   0.162
B M  1LDIA                194    0.112  22.441   0.000   0.743   0.000   0.256
B G  1LDIA                195    0.047   3.668   0.000   0.954   0.000   0.046
E P  1LDIA                196    0.284  40.317   0.000   0.840   0.000   0.159
E L  1LDIA                197    0.334  61.129   0.000   0.854   0.004   0.142
B T  1LDIA                198    0.058   8.007   0.000   0.827   0.002   0.171
B G  1LDIA                199    0.088   6.933   0.000   0.011   0.007   0.982
B F  1LDIA                200    0.058  11.588   0.000   0.008   0.076   0.916
B A  1LDIA                201    0.021   2.364   0.000   0.013   0.255   0.733
B M  1LDIA                202    0.042   8.357   0.000   0.014   0.325   0.661
B N  1LDIA                203    0.054   7.874   0.000   0.017   0.072   0.910
B P  1LDIA                204    0.032   4.479   0.000   0.684   0.027   0.289
B A  1LDIA                205    0.042   4.634   0.000   0.861   0.010   0.129
B R  1LDIA                206    0.143  32.763   0.000   0.921   0.006   0.073
B D  1LDIA                207    0.031   4.464   0.000   0.922   0.002   0.075
B F  1LDIA                208    0.098  19.648   0.000   0.902   0.001   0.097
B G  1LDIA                209    0.042   3.278   0.000   0.992   0.000   0.008
B P  1LDIA                210    0.041   5.778   0.000   0.997   0.000   0.003
B K  1LDIA                211    0.098  20.246   0.000   0.999   0.000   0.001
B V  1LDIA                212    0.169  26.022   0.000   0.998   0.000   0.002
B F  1LDIA                213    0.212  42.488   0.000   0.992   0.000   0.008
B A  1LDIA                214    0.034   3.761   0.000   0.986   0.000   0.014
E W  1LDIA                215    0.273  65.670   0.000   0.968   0.001   0.031
E L  1LDIA                216    0.365  66.753   0.000   0.926   0.001   0.073
E A  1LDIA                217    0.287  31.573   0.000   0.461   0.002   0.537
E G  1LDIA                218    0.488  38.398   0.000   0.065   0.001   0.933
E W  1LDIA                219    0.348  83.586   0.000   0.161   0.014   0.825
E G  1LDIA                220    0.305  23.975   0.000   0.317   0.014   0.669
E N  1LDIA                221    0.643  94.167   0.000   0.428   0.015   0.557
E V  1LDIA                222    0.348  53.559   0.000   0.427   0.097   0.477
B A  1LDIA                223    0.250  27.504   0.000   0.401   0.089   0.510
E F  1LDIA                224    0.288  57.750   0.000   0.210   0.137   0.653
E T  1LDIA                225    0.515  71.463   0.000   0.117   0.105   0.779
E G  1LDIA                226    0.587  46.178   0.000   0.109   0.023   0.868
E G  1LDIA                227    0.550  43.282   0.000   0.123   0.020   0.858
E R  1LDIA                228    0.612 140.050   0.000   0.128   0.044   0.828
E D  1LDIA                229    0.542  78.158   0.000   0.129   0.029   0.842
E I  1LDIA                230    0.303  56.119   0.000   0.470   0.028   0.502
E P  1LDIA                231    0.369  52.313   0.000   0.515   0.010   0.475
B Y  1LDIA                232    0.191  40.882   0.000   0.665   0.014   0.321
B F  1LDIA                233    0.120  24.106   0.000   0.699   0.011   0.290
E L  1LDIA                234    0.351  64.265   0.000   0.738   0.004   0.258
B V  1LDIA                235    0.116  17.875   0.000   0.989   0.000   0.011
B P  1LDIA                236    0.036   5.070   0.000   0.991   0.001   0.008
E L  1LDIA                237    0.272  49.826   0.000   0.987   0.000   0.013
E F  1LDIA                238    0.427  85.639   0.000   0.979   0.000   0.021
B G  1LDIA                239    0.019   1.500   0.000   0.999   0.000   0.001
B P  1LDIA                240    0.034   4.841   0.000   0.999   0.000   0.001
E I  1LDIA                241    0.323  59.665   0.000   0.999   0.000   0.001
E V  1LDIA                242    0.369  56.651   0.000   1.000   0.000   0.000
B G  1LDIA                243    0.013   1.029   0.000   1.000   0.000   0.000
B A  1LDIA                244    0.021   2.340   0.000   1.000   0.000   0.000
E I  1LDIA                245    0.397  73.452   0.000   1.000   0.000   0.000
E V  1LDIA                246    0.415  63.808   0.000   1.000   0.000   0.000
B G  1LDIA                247    0.014   1.078   0.000   1.000   0.000   0.000
B A  1LDIA                248    0.050   5.485   0.000   0.999   0.000   0.001
E F  1LDIA                249    0.457  91.633   0.000   0.998   0.000   0.002
E A  1LDIA                250    0.341  37.563   0.000   0.998   0.000   0.002
B Y  1LDIA                251    0.106  22.718   0.000   0.998   0.000   0.002
E R  1LDIA                252    0.313  71.575   0.000   0.993   0.000   0.007
E K  1LDIA                253    0.643 132.209   0.000   0.984   0.000   0.016
E L  1LDIA                254    0.544  99.693   0.000   0.955   0.000   0.045
E I  1LDIA                255    0.300  55.451   0.000   0.676   0.001   0.323
E G  1LDIA                256    0.534  42.013   0.000   0.179   0.003   0.818
E R  1LDIA                257    0.622 142.359   0.000   0.079   0.008   0.913
E H  1LDIA                258    0.760 138.316   0.000   0.048   0.008   0.943
E L  1LDIA                259    0.316  57.841   0.000   0.005   0.014   0.981
E P  1LDIA                260    0.578  81.987   0.000   0.006   0.013   0.981
E C  1LDIA                261    0.462  64.838   0.000   0.067   0.023   0.911
E D  1LDIA                262    0.762 109.795   0.000   0.084   0.018   0.898
E I  1LDIA                263    0.444  82.189   0.000   0.124   0.029   0.847
E C  1LDIA                264    0.428  60.033   0.000   0.075   0.044   0.881
E V  1LDIA                265    0.527  80.999   0.000   0.074   0.068   0.858
E V  1LDIA                266    0.553  85.065   0.000   0.039   0.038   0.922
E E  1LDIA                267    0.695 121.488   0.000   0.031   0.026   0.944
E E  1LDIA                268    0.690 120.489   0.000   0.030   0.011   0.959
E K  1LDIA                269    0.689 141.830   0.000   0.019   0.003   0.978
E E  1LDIA                270    0.684 119.517   0.000   0.012   0.001   0.986
E T  1LDIA                271    0.662  91.872   0.000   0.007   0.001   0.992
E T  1LDIA                272    0.698  96.750   0.000   0.003   0.001   0.996
E T  1LDIA                273    0.610  84.608   0.000   0.001   0.000   0.999
E P  1LDIA                274    0.636  90.189   0.000   0.004   0.000   0.996
E S  1LDIA                275    0.681  79.810   0.000   0.006   0.000   0.994
E E  1LDIA                276    0.688 120.220   0.000   0.009   0.000   0.991
E Q  1LDIA                277    0.628 112.219   0.000   0.007   0.000   0.993
E K  1LDIA                278    0.644 132.539   0.000   0.006   0.000   0.994
E A  1LDIA                279    0.711  78.391   0.000   0.006   0.000   0.994
E S  1LDIA                280    0.800  93.771   0.000   0.001   0.000   0.999
E L  1LDIA                281    0.842 154.209   0.000   0.000   0.000   1.000
