# For publication of results, please cite:
# ...
# ... Michael Schantz Klausen, Martin Closter Jespersen, Henrik Nielsen, Kamilla Kjærgaard Jensen, 
# ... Vanessa Isabell Jurtz, Casper Kaae Sønderby, Morten Otto Alexander Sommer, Ole Winther, 
# ... Morten Nielsen, Bent Petersen, and Paolo Marcatili. 
# ... NetSurfP-2.0: Improved prediction of protein structural features by integrated deep learning.
# ... Proteins: Structure, Function, and Bioinformatics (Feb. 2019).
# ... https://doi.org/10.1002/prot.25674
# ...
#
# Column 1: Class assignment - B for buried or E for Exposed - Threshold: 25% exposure, but not based on RSA
# Column 2: Amino acid
# Column 3: Sequence name
# Column 4: Amino acid number
# Column 5: Relative Surface Accessibility - RSA
# Column 6: Absolute Surface Accessibility
# Column 7: Not used
# Column 8: Probability for Alpha-Helix
# Column 9: Probability for Beta-strand
# Column 10: Probability for Coil
E G  3GZFC                  1    0.765  60.188   0.000   0.000   0.000   0.999
E L  3GZFC                  2    0.321  58.730   0.000   0.009   0.196   0.794
E F  3GZFC                  3    0.333  66.872   0.000   0.004   0.546   0.450
E E  3GZFC                  4    0.625 109.194   0.000   0.004   0.746   0.251
E G  3GZFC                  5    0.681  53.616   0.000   0.010   0.013   0.978
E D  3GZFC                  6    0.867 124.956   0.000   0.012   0.007   0.981
E K  3GZFC                  7    0.558 114.742   0.000   0.013   0.551   0.437
E F  3GZFC                  8    0.454  91.041   0.000   0.005   0.652   0.343
E V  3GZFC                  9    0.274  42.099   0.000   0.009   0.526   0.464
E G  3GZFC                 10    0.387  30.447   0.000   0.007   0.243   0.750
E S  3GZFC                 11    0.374  43.835   0.000   0.006   0.063   0.931
E F  3GZFC                 12    0.311  62.485   0.000   0.951   0.001   0.048
E E  3GZFC                 13    0.659 115.080   0.000   0.965   0.002   0.034
E S  3GZFC                 14    0.411  48.146   0.000   0.963   0.001   0.035
B A  3GZFC                 15    0.116  12.820   0.000   0.947   0.002   0.051
B A  3GZFC                 16    0.177  19.532   0.000   0.883   0.004   0.113
E M  3GZFC                 17    0.474  94.814   0.000   0.557   0.009   0.434
E G  3GZFC                 18    0.299  23.526   0.000   0.219   0.029   0.752
B T  3GZFC                 19    0.195  26.983   0.000   0.032   0.289   0.679
B F  3GZFC                 20    0.168  33.702   0.000   0.035   0.516   0.449
E V  3GZFC                 21    0.282  43.368   0.000   0.007   0.590   0.402
B I  3GZFC                 22    0.086  15.844   0.000   0.002   0.556   0.442
E D  3GZFC                 23    0.376  54.157   0.000   0.003   0.306   0.692
E M  3GZFC                 24    0.286  57.221   0.000   0.966   0.000   0.034
E R  3GZFC                 25    0.659 150.817   0.000   0.975   0.001   0.025
B S  3GZFC                 26    0.188  21.977   0.000   0.993   0.000   0.007
B Y  3GZFC                 27    0.059  12.552   0.000   0.996   0.000   0.004
E E  3GZFC                 28    0.424  73.999   0.000   0.997   0.000   0.003
E T  3GZFC                 29    0.522  72.378   0.000   0.995   0.001   0.004
B L  3GZFC                 30    0.088  16.161   0.000   0.982   0.001   0.018
B V  3GZFC                 31    0.156  24.054   0.000   0.948   0.001   0.051
E N  3GZFC                 32    0.740 108.266   0.000   0.749   0.000   0.251
E S  3GZFC                 33    0.593  69.524   0.000   0.469   0.000   0.531
B T  3GZFC                 34    0.212  29.396   0.000   0.015   0.002   0.982
E S  3GZFC                 35    0.516  60.509   0.000   0.014   0.003   0.983
E L  3GZFC                 36    0.480  87.915   0.000   0.963   0.000   0.037
E D  3GZFC                 37    0.834 120.181   0.000   0.979   0.000   0.021
E R  3GZFC                 38    0.492 112.625   0.000   0.985   0.000   0.015
B I  3GZFC                 39    0.065  12.093   0.000   0.992   0.000   0.008
E K  3GZFC                 40    0.502 103.234   0.000   0.994   0.000   0.006
E S  3GZFC                 41    0.535  62.736   0.000   0.988   0.000   0.012
B Y  3GZFC                 42    0.198  42.268   0.000   0.990   0.000   0.010
B A  3GZFC                 43    0.109  11.965   0.000   0.981   0.001   0.019
E N  3GZFC                 44    0.627  91.864   0.000   0.879   0.001   0.120
E S  3GZFC                 45    0.351  41.116   0.000   0.784   0.001   0.215
B F  3GZFC                 46    0.192  38.616   0.000   0.898   0.002   0.100
E N  3GZFC                 47    0.479  70.100   0.000   0.829   0.002   0.169
E K  3GZFC                 48    0.581 119.603   0.000   0.773   0.004   0.222
E Y  3GZFC                 49    0.331  70.838   0.000   0.591   0.013   0.396
E K  3GZFC                 50    0.548 112.716   0.000   0.514   0.024   0.462
E Y  3GZFC                 51    0.558 119.171   0.000   0.465   0.048   0.487
E Y  3GZFC                 52    0.411  87.747   0.000   0.399   0.063   0.538
E T  3GZFC                 53    0.509  70.565   0.000   0.162   0.051   0.787
E G  3GZFC                 54    0.575  45.282   0.000   0.022   0.018   0.960
E S  3GZFC                 55    0.783  91.804   0.000   0.029   0.009   0.962
E M  3GZFC                 56    0.304  60.795   0.000   0.030   0.015   0.956
E G  3GZFC                 57    0.421  33.163   0.000   0.049   0.005   0.946
E E  3GZFC                 58    0.655 114.379   0.000   0.915   0.000   0.084
E A  3GZFC                 59    0.476  52.495   0.000   0.962   0.001   0.037
E D  3GZFC                 60    0.348  50.136   0.000   0.971   0.001   0.029
B Y  3GZFC                 61    0.120  25.641   0.000   0.995   0.000   0.005
E R  3GZFC                 62    0.330  75.603   0.000   0.998   0.000   0.002
B M  3GZFC                 63    0.247  49.410   0.000   0.999   0.000   0.001
B A  3GZFC                 64    0.046   5.107   0.000   0.999   0.000   0.001
B C  3GZFC                 65    0.015   2.039   0.000   0.999   0.000   0.001
B Y  3GZFC                 66    0.143  30.506   0.000   0.999   0.000   0.001
B A  3GZFC                 67    0.069   7.573   0.000   0.998   0.000   0.002
B H  3GZFC                 68    0.143  26.099   0.000   0.998   0.000   0.002
B L  3GZFC                 69    0.043   7.786   0.000   0.998   0.000   0.002
B G  3GZFC                 70    0.042   3.339   0.000   0.999   0.000   0.001
E K  3GZFC                 71    0.344  70.705   0.000   0.998   0.000   0.002
B A  3GZFC                 72    0.080   8.782   0.000   0.997   0.000   0.003
B L  3GZFC                 73    0.076  13.848   0.000   0.988   0.000   0.012
E M  3GZFC                 74    0.254  50.899   0.000   0.979   0.000   0.020
E D  3GZFC                 75    0.449  64.715   0.000   0.922   0.001   0.077
B Y  3GZFC                 76    0.190  40.645   0.000   0.913   0.002   0.085
E S  3GZFC                 77    0.271  31.711   0.000   0.875   0.002   0.123
E V  3GZFC                 78    0.717 110.139   0.000   0.785   0.003   0.212
E S  3GZFC                 79    0.575  67.383   0.000   0.415   0.002   0.583
E R  3GZFC                 80    0.684 156.561   0.000   0.053   0.002   0.945
E N  3GZFC                 81    0.633  92.737   0.000   0.016   0.010   0.973
E D  3GZFC                 82    0.549  79.051   0.000   0.027   0.030   0.943
E K  3GZFC                 83    0.474  97.515   0.000   0.037   0.409   0.554
B L  3GZFC                 84    0.235  43.112   0.000   0.045   0.488   0.467
E Y  3GZFC                 85    0.315  67.382   0.000   0.026   0.402   0.572
E T  3GZFC                 86    0.542  75.228   0.000   0.001   0.138   0.861
E P  3GZFC                 87    0.297  42.173   0.000   0.002   0.007   0.991
E P  3GZFC                 88    0.331  47.033   0.000   0.009   0.013   0.978
E T  3GZFC                 89    0.728 100.965   0.000   0.012   0.132   0.857
E V  3GZFC                 90    0.380  58.435   0.000   0.023   0.183   0.794
E S  3GZFC                 91    0.567  66.480   0.000   0.021   0.331   0.649
E V  3GZFC                 92    0.444  68.202   0.000   0.030   0.298   0.672
E N  3GZFC                 93    0.710 104.005   0.000   0.031   0.187   0.782
E S  3GZFC                 94    0.544  63.717   0.000   0.028   0.152   0.820
E T  3GZFC                 95    0.742 102.973   0.000   0.010   0.091   0.899
E L  3GZFC                 96    0.720 131.842   0.000   0.000   0.000   1.000
