# For publication of results, please cite:
# ...
# ... Michael Schantz Klausen, Martin Closter Jespersen, Henrik Nielsen, Kamilla Kjærgaard Jensen, 
# ... Vanessa Isabell Jurtz, Casper Kaae Sønderby, Morten Otto Alexander Sommer, Ole Winther, 
# ... Morten Nielsen, Bent Petersen, and Paolo Marcatili. 
# ... NetSurfP-2.0: Improved prediction of protein structural features by integrated deep learning.
# ... Proteins: Structure, Function, and Bioinformatics (Feb. 2019).
# ... https://doi.org/10.1002/prot.25674
# ...
#
# Column 1: Class assignment - B for buried or E for Exposed - Threshold: 25% exposure, but not based on RSA
# Column 2: Amino acid
# Column 3: Sequence name
# Column 4: Amino acid number
# Column 5: Relative Surface Accessibility - RSA
# Column 6: Absolute Surface Accessibility
# Column 7: Not used
# Column 8: Probability for Alpha-Helix
# Column 9: Probability for Beta-strand
# Column 10: Probability for Coil
E S  2II9B                  1    0.946 110.842   0.000   0.000   0.000   1.000
E L  2II9B                  2    0.703 128.712   0.000   0.014   0.017   0.969
E S  2II9B                  3    0.647  75.843   0.000   0.016   0.024   0.960
E I  2II9B                  4    0.569 105.230   0.000   0.008   0.041   0.951
E G  2II9B                  5    0.497  39.110   0.000   0.008   0.150   0.843
E R  2II9B                  6    0.558 127.756   0.000   0.009   0.246   0.745
E T  2II9B                  7    0.371  51.437   0.000   0.002   0.696   0.302
E C  2II9B                  8    0.283  39.735   0.000   0.000   0.914   0.085
E W  2II9B                  9    0.267  64.240   0.000   0.001   0.949   0.050
E A  2II9B                 10    0.274  30.176   0.000   0.001   0.933   0.066
B I  2II9B                 11    0.241  44.664   0.000   0.002   0.744   0.254
E A  2II9B                 12    0.391  43.040   0.000   0.015   0.468   0.517
E E  2II9B                 13    0.590 102.986   0.000   0.042   0.476   0.482
E G  2II9B                 14    0.319  25.081   0.000   0.015   0.665   0.319
E Y  2II9B                 15    0.633 135.233   0.000   0.007   0.633   0.360
B I  2II9B                 16    0.190  35.192   0.000   0.000   0.320   0.680
E P  2II9B                 17    0.345  48.996   0.000   0.001   0.025   0.974
E P  2II9B                 18    0.482  68.381   0.000   0.051   0.016   0.933
E E  2II9B                 19    0.568  99.299   0.000   0.037   0.048   0.915
B T  2II9B                 20    0.156  21.687   0.000   0.024   0.714   0.262
B V  2II9B                 21    0.089  13.637   0.000   0.001   0.967   0.032
B C  2II9B                 22    0.106  14.828   0.000   0.000   0.994   0.006
B I  2II9B                 23    0.088  16.313   0.000   0.000   0.995   0.005
B L  2II9B                 24    0.202  36.943   0.000   0.001   0.949   0.050
B N  2II9B                 25    0.183  26.765   0.000   0.000   0.763   0.237
B A  2II9B                 26    0.209  23.038   0.000   0.001   0.033   0.966
B G  2II9B                 27    0.200  15.702   0.000   0.000   0.023   0.976
E D  2II9B                 28    0.869 125.218   0.000   0.000   0.001   0.999
E E  2II9B                 29    0.665 116.153   0.000   0.000   0.004   0.996
E D  2II9B                 30    0.610  87.889   0.000   0.001   0.024   0.976
B A  2II9B                 31    0.036   3.972   0.000   0.000   0.953   0.047
E H  2II9B                 32    0.451  82.099   0.000   0.000   0.985   0.015
B V  2II9B                 33    0.018   2.765   0.000   0.000   0.993   0.007
E E  2II9B                 34    0.397  69.319   0.000   0.000   0.997   0.003
B I  2II9B                 35    0.016   2.984   0.000   0.000   0.999   0.001
B T  2II9B                 36    0.182  25.205   0.000   0.000   0.999   0.001
B I  2II9B                 37    0.022   4.018   0.000   0.000   0.998   0.002
B Y  2II9B                 38    0.230  49.170   0.000   0.000   0.989   0.011
B Y  2II9B                 39    0.122  25.976   0.000   0.000   0.850   0.150
E S  2II9B                 40    0.496  58.135   0.000   0.001   0.032   0.967
E D  2II9B                 41    0.823 118.581   0.000   0.002   0.004   0.994
E K  2II9B                 42    0.509 104.794   0.000   0.003   0.026   0.972
E E  2II9B                 43    0.810 141.513   0.000   0.001   0.029   0.971
E P  2II9B                 44    0.501  71.156   0.000   0.001   0.421   0.577
E V  2II9B                 45    0.397  60.963   0.000   0.002   0.341   0.658
E G  2II9B                 46    0.402  31.657   0.000   0.001   0.391   0.608
E P  2II9B                 47    0.648  91.938   0.000   0.000   0.203   0.797
E Y  2II9B                 48    0.306  65.485   0.000   0.000   0.934   0.065
E R  2II9B                 49    0.636 145.545   0.000   0.000   0.973   0.027
B L  2II9B                 50    0.169  30.960   0.000   0.000   0.991   0.009
E T  2II9B                 51    0.500  69.380   0.000   0.000   0.993   0.007
B V  2II9B                 52    0.030   4.650   0.000   0.000   0.975   0.025
E P  2II9B                 53    0.448  63.557   0.000   0.001   0.715   0.284
B A  2II9B                 54    0.248  27.314   0.000   0.241   0.053   0.706
E R  2II9B                 55    0.716 163.889   0.000   0.259   0.101   0.639
E R  2II9B                 56    0.487 111.565   0.000   0.276   0.306   0.418
E T  2II9B                 57    0.349  48.341   0.000   0.005   0.809   0.186
E K  2II9B                 58    0.510 104.963   0.000   0.001   0.960   0.039
E H  2II9B                 59    0.512  93.184   0.000   0.000   0.938   0.062
E V  2II9B                 60    0.304  46.688   0.000   0.001   0.835   0.164
E R  2II9B                 61    0.603 138.024   0.000   0.001   0.664   0.335
E F  2II9B                 62    0.390  78.184   0.000   0.078   0.113   0.808
E N  2II9B                 63    0.750 109.865   0.000   0.080   0.021   0.899
E D  2II9B                 64    0.529  76.201   0.000   0.113   0.046   0.841
E L  2II9B                 65    0.431  78.959   0.000   0.066   0.022   0.912
E N  2II9B                 66    0.831 121.708   0.000   0.064   0.016   0.920
E D  2II9B                 67    0.719 103.541   0.000   0.004   0.050   0.946
E P  2II9B                 68    0.434  61.548   0.000   0.014   0.056   0.930
E A  2II9B                 69    0.489  53.936   0.000   0.009   0.181   0.810
E P  2II9B                 70    0.623  88.401   0.000   0.006   0.263   0.731
B I  2II9B                 71    0.134  24.715   0.000   0.002   0.136   0.861
E P  2II9B                 72    0.453  64.242   0.000   0.003   0.048   0.950
E H  2II9B                 73    0.629 114.389   0.000   0.008   0.009   0.983
E D  2II9B                 74    0.861 124.091   0.000   0.006   0.002   0.992
E T  2II9B                 75    0.312  43.252   0.000   0.002   0.034   0.964
E D  2II9B                 76    0.579  83.477   0.000   0.002   0.186   0.812
B F  2II9B                 77    0.172  34.585   0.000   0.001   0.798   0.200
B A  2II9B                 78    0.214  23.603   0.000   0.002   0.831   0.168
B S  2II9B                 79    0.082   9.587   0.000   0.001   0.981   0.018
E V  2II9B                 80    0.261  40.132   0.000   0.000   0.994   0.006
B I  2II9B                 81    0.055  10.138   0.000   0.000   0.993   0.007
E Q  2II9B                 82    0.431  76.945   0.000   0.000   0.990   0.010
B S  2II9B                 83    0.074   8.722   0.000   0.000   0.790   0.210
E N  2II9B                 84    0.831 121.594   0.000   0.000   0.023   0.977
E V  2II9B                 85    0.299  45.929   0.000   0.000   0.071   0.929
E P  2II9B                 86    0.506  71.798   0.000   0.000   0.072   0.928
B I  2II9B                 87    0.113  20.843   0.000   0.000   0.936   0.063
E V  2II9B                 88    0.341  52.436   0.000   0.001   0.959   0.040
B V  2II9B                 89    0.092  14.176   0.000   0.000   0.966   0.034
E Q  2II9B                 90    0.396  70.692   0.000   0.001   0.885   0.113
E H  2II9B                 91    0.294  53.557   0.000   0.000   0.719   0.280
E T  2II9B                 92    0.774 107.322   0.000   0.000   0.003   0.997
