# For publication of results, please cite:
# ...
# ... Michael Schantz Klausen, Martin Closter Jespersen, Henrik Nielsen, Kamilla Kjærgaard Jensen, 
# ... Vanessa Isabell Jurtz, Casper Kaae Sønderby, Morten Otto Alexander Sommer, Ole Winther, 
# ... Morten Nielsen, Bent Petersen, and Paolo Marcatili. 
# ... NetSurfP-2.0: Improved prediction of protein structural features by integrated deep learning.
# ... Proteins: Structure, Function, and Bioinformatics (Feb. 2019).
# ... https://doi.org/10.1002/prot.25674
# ...
#
# Column 1: Class assignment - B for buried or E for Exposed - Threshold: 25% exposure, but not based on RSA
# Column 2: Amino acid
# Column 3: Sequence name
# Column 4: Amino acid number
# Column 5: Relative Surface Accessibility - RSA
# Column 6: Absolute Surface Accessibility
# Column 7: Not used
# Column 8: Probability for Alpha-Helix
# Column 9: Probability for Beta-strand
# Column 10: Probability for Coil
E A  1PCFA                  1    0.783  86.336   0.000   0.001   0.008   0.991
E M  1PCFA                  2    0.543 108.725   0.000   0.005   0.570   0.424
E F  1PCFA                  3    0.353  70.880   0.000   0.001   0.894   0.106
E Q  1PCFA                  4    0.660 117.938   0.000   0.001   0.948   0.052
E I  1PCFA                  5    0.397  73.388   0.000   0.002   0.759   0.239
E G  1PCFA                  6    0.444  34.980   0.000   0.006   0.196   0.798
E K  1PCFA                  7    0.809 166.485   0.000   0.004   0.015   0.981
E M  1PCFA                  8    0.443  88.578   0.000   0.002   0.079   0.918
E R  1PCFA                  9    0.307  70.204   0.000   0.000   0.919   0.081
E Y  1PCFA                 10    0.341  72.807   0.000   0.000   0.987   0.013
B V  1PCFA                 11    0.077  11.776   0.000   0.000   0.993   0.007
B S  1PCFA                 12    0.192  22.478   0.000   0.000   0.998   0.002
B V  1PCFA                 13    0.141  21.629   0.000   0.001   0.995   0.004
E R  1PCFA                 14    0.438 100.333   0.000   0.002   0.989   0.008
E D  1PCFA                 15    0.577  83.098   0.000   0.003   0.986   0.011
B F  1PCFA                 16    0.226  45.384   0.000   0.003   0.967   0.031
E K  1PCFA                 17    0.809 166.434   0.000   0.002   0.001   0.997
E G  1PCFA                 18    0.870  68.452   0.000   0.006   0.000   0.994
E K  1PCFA                 19    0.481  98.957   0.000   0.000   0.982   0.017
E V  1PCFA                 20    0.384  59.084   0.000   0.000   0.990   0.010
B L  1PCFA                 21    0.131  23.949   0.000   0.000   0.986   0.014
B I  1PCFA                 22    0.080  14.845   0.000   0.000   0.991   0.009
B D  1PCFA                 23    0.190  27.413   0.000   0.000   0.988   0.012
B I  1PCFA                 24    0.051   9.451   0.000   0.004   0.974   0.022
E R  1PCFA                 25    0.284  65.111   0.000   0.008   0.966   0.027
E E  1PCFA                 26    0.291  50.881   0.000   0.010   0.973   0.017
B Y  1PCFA                 27    0.234  49.980   0.000   0.006   0.947   0.047
B W  1PCFA                 28    0.240  57.711   0.000   0.002   0.933   0.066
E M  1PCFA                 29    0.375  74.976   0.000   0.000   0.968   0.032
E D  1PCFA                 30    0.310  44.623   0.000   0.000   0.004   0.996
E P  1PCFA                 31    0.838 118.863   0.000   0.001   0.000   0.999
E E  1PCFA                 32    0.912 159.271   0.000   0.001   0.000   0.999
E G  1PCFA                 33    0.534  42.015   0.000   0.002   0.001   0.997
E E  1PCFA                 34    0.679 118.682   0.000   0.000   0.008   0.992
E M  1PCFA                 35    0.465  93.092   0.000   0.000   0.964   0.036
E K  1PCFA                 36    0.436  89.664   0.000   0.000   0.821   0.179
E P  1PCFA                 37    0.596  84.504   0.000   0.001   0.828   0.171
E G  1PCFA                 38    0.276  21.682   0.000   0.002   0.447   0.551
E R  1PCFA                 39    0.784 179.532   0.000   0.003   0.062   0.936
E K  1PCFA                 40    0.599 123.290   0.000   0.003   0.223   0.773
B G  1PCFA                 41    0.173  13.637   0.000   0.001   0.804   0.195
B I  1PCFA                 42    0.214  39.622   0.000   0.000   0.938   0.062
B S  1PCFA                 43    0.226  26.504   0.000   0.001   0.906   0.093
B L  1PCFA                 44    0.114  20.807   0.000   0.000   0.754   0.246
E N  1PCFA                 45    0.386  56.535   0.000   0.000   0.026   0.974
E P  1PCFA                 46    0.438  62.106   0.000   0.934   0.001   0.066
E E  1PCFA                 47    0.798 139.427   0.000   0.929   0.000   0.071
E Q  1PCFA                 48    0.256  45.797   0.000   0.969   0.000   0.031
B W  1PCFA                 49    0.241  57.975   0.000   0.994   0.000   0.006
E S  1PCFA                 50    0.542  63.548   0.000   0.998   0.000   0.002
E Q  1PCFA                 51    0.497  88.841   0.000   0.999   0.000   0.001
B L  1PCFA                 52    0.097  17.775   0.000   0.998   0.000   0.002
E K  1PCFA                 53    0.479  98.435   0.000   0.996   0.000   0.004
E E  1PCFA                 54    0.715 124.957   0.000   0.960   0.000   0.039
E Q  1PCFA                 55    0.327  58.366   0.000   0.789   0.000   0.211
B I  1PCFA                 56    0.245  45.275   0.000   0.983   0.000   0.017
E S  1PCFA                 57    0.548  64.231   0.000   0.992   0.000   0.008
E D  1PCFA                 58    0.565  81.451   0.000   0.988   0.000   0.012
B I  1PCFA                 59    0.210  38.919   0.000   0.993   0.000   0.007
E D  1PCFA                 60    0.413  59.463   0.000   0.997   0.000   0.003
E D  1PCFA                 61    0.595  85.719   0.000   0.995   0.000   0.005
E A  1PCFA                 62    0.321  35.421   0.000   0.988   0.000   0.012
E V  1PCFA                 63    0.342  52.588   0.000   0.948   0.000   0.052
E R  1PCFA                 64    0.709 162.416   0.000   0.767   0.002   0.230
E K  1PCFA                 65    0.749 154.137   0.000   0.405   0.001   0.594
E L  1PCFA                 66    0.754 138.124   0.000   0.008   0.000   0.992
