# For publication of results, please cite:
# ...
# ... Michael Schantz Klausen, Martin Closter Jespersen, Henrik Nielsen, Kamilla Kjærgaard Jensen, 
# ... Vanessa Isabell Jurtz, Casper Kaae Sønderby, Morten Otto Alexander Sommer, Ole Winther, 
# ... Morten Nielsen, Bent Petersen, and Paolo Marcatili. 
# ... NetSurfP-2.0: Improved prediction of protein structural features by integrated deep learning.
# ... Proteins: Structure, Function, and Bioinformatics (Feb. 2019).
# ... https://doi.org/10.1002/prot.25674
# ...
#
# Column 1: Class assignment - B for buried or E for Exposed - Threshold: 25% exposure, but not based on RSA
# Column 2: Amino acid
# Column 3: Sequence name
# Column 4: Amino acid number
# Column 5: Relative Surface Accessibility - RSA
# Column 6: Absolute Surface Accessibility
# Column 7: Not used
# Column 8: Probability for Alpha-Helix
# Column 9: Probability for Beta-strand
# Column 10: Probability for Coil
E S  2C2OA                  1    0.884 103.579   0.000   0.000   0.000   1.000
E G  2C2OA                  2    0.715  56.252   0.000   0.008   0.006   0.986
E I  2C2OA                  3    0.543 100.375   0.000   0.010   0.009   0.981
E S  2C2OA                  4    0.532  62.317   0.000   0.030   0.012   0.958
E L  2C2OA                  5    0.438  80.260   0.000   0.278   0.010   0.712
E D  2C2OA                  6    0.728 104.967   0.000   0.383   0.010   0.607
E N  2C2OA                  7    0.636  93.054   0.000   0.283   0.013   0.704
E S  2C2OA                  8    0.381  44.609   0.000   0.144   0.115   0.741
B Y  2C2OA                  9    0.183  39.160   0.000   0.048   0.216   0.736
E K  2C2OA                 10    0.590 121.368   0.000   0.019   0.232   0.749
B M  2C2OA                 11    0.195  38.962   0.000   0.009   0.088   0.903
E D  2C2OA                 12    0.753 108.528   0.000   0.004   0.037   0.959
E Y  2C2OA                 13    0.384  82.026   0.000   0.003   0.055   0.942
E P  2C2OA                 14    0.542  76.910   0.000   0.029   0.010   0.960
E E  2C2OA                 15    0.522  91.120   0.000   0.026   0.072   0.902
B M  2C2OA                 16    0.240  48.043   0.000   0.011   0.403   0.586
B G  2C2OA                 17    0.074   5.838   0.000   0.001   0.806   0.193
B L  2C2OA                 18    0.063  11.533   0.000   0.000   0.972   0.028
B C  2C2OA                 19    0.004   0.566   0.000   0.000   0.998   0.002
B I  2C2OA                 20    0.010   1.812   0.000   0.000   0.999   0.001
B I  2C2OA                 21    0.005   0.960   0.000   0.000   0.999   0.001
B I  2C2OA                 22    0.010   1.876   0.000   0.000   0.991   0.009
B N  2C2OA                 23    0.057   8.401   0.000   0.000   0.780   0.219
B N  2C2OA                 24    0.042   6.146   0.000   0.095   0.214   0.692
E K  2C2OA                 25    0.423  87.022   0.000   0.601   0.023   0.376
E N  2C2OA                 26    0.493  72.153   0.000   0.532   0.019   0.449
B F  2C2OA                 27    0.111  22.216   0.000   0.632   0.025   0.343
E H  2C2OA                 28    0.388  70.523   0.000   0.486   0.021   0.493
E K  2C2OA                 29    0.702 144.318   0.000   0.646   0.004   0.350
E S  2C2OA                 30    0.663  77.688   0.000   0.565   0.006   0.429
E T  2C2OA                 31    0.480  66.600   0.000   0.375   0.004   0.621
E G  2C2OA                 32    0.718  56.500   0.000   0.016   0.002   0.982
E M  2C2OA                 33    0.278  55.608   0.000   0.050   0.013   0.937
E T  2C2OA                 34    0.680  94.259   0.000   0.057   0.012   0.931
E S  2C2OA                 35    0.612  71.784   0.000   0.070   0.047   0.883
B R  2C2OA                 36    0.213  48.864   0.000   0.013   0.063   0.925
E S  2C2OA                 37    0.696  81.533   0.000   0.034   0.030   0.936
E G  2C2OA                 38    0.330  26.007   0.000   0.092   0.003   0.905
B T  2C2OA                 39    0.095  13.125   0.000   0.921   0.002   0.078
E D  2C2OA                 40    0.638  92.006   0.000   0.989   0.000   0.011
E V  2C2OA                 41    0.412  63.342   0.000   0.992   0.000   0.007
B D  2C2OA                 42    0.046   6.604   0.000   0.997   0.000   0.003
B A  2C2OA                 43    0.040   4.437   0.000   0.996   0.000   0.004
E A  2C2OA                 44    0.409  45.097   0.000   0.998   0.000   0.002
E N  2C2OA                 45    0.349  51.032   0.000   0.994   0.000   0.006
B L  2C2OA                 46    0.016   2.994   0.000   0.997   0.000   0.003
E R  2C2OA                 47    0.355  81.249   0.000   0.997   0.000   0.003
E E  2C2OA                 48    0.547  95.544   0.000   0.997   0.000   0.003
B T  2C2OA                 49    0.123  17.061   0.000   0.998   0.000   0.002
B F  2C2OA                 50    0.019   3.874   0.000   0.982   0.000   0.018
E R  2C2OA                 51    0.595 136.329   0.000   0.957   0.000   0.042
E N  2C2OA                 52    0.702 102.727   0.000   0.811   0.000   0.188
B L  2C2OA                 53    0.153  28.094   0.000   0.101   0.001   0.898
E K  2C2OA                 54    0.725 149.135   0.000   0.003   0.003   0.994
B Y  2C2OA                 55    0.116  24.869   0.000   0.000   0.088   0.911
E E  2C2OA                 56    0.576 100.706   0.000   0.000   0.973   0.027
B V  2C2OA                 57    0.208  31.977   0.000   0.000   0.995   0.005
E R  2C2OA                 58    0.437 100.110   0.000   0.000   0.997   0.003
E N  2C2OA                 59    0.422  61.764   0.000   0.000   0.993   0.007
E K  2C2OA                 60    0.266  54.683   0.000   0.001   0.958   0.041
E N  2C2OA                 61    0.542  79.408   0.000   0.003   0.642   0.355
E D  2C2OA                 62    0.584  84.088   0.000   0.002   0.098   0.900
B L  2C2OA                 63    0.066  12.073   0.000   0.001   0.083   0.916
E T  2C2OA                 64    0.365  50.689   0.000   0.001   0.039   0.960
E R  2C2OA                 65    0.435  99.563   0.000   0.995   0.000   0.005
E E  2C2OA                 66    0.681 118.903   0.000   0.996   0.000   0.004
E E  2C2OA                 67    0.422  73.672   0.000   0.997   0.000   0.003
B I  2C2OA                 68    0.024   4.410   0.000   0.998   0.000   0.002
B V  2C2OA                 69    0.211  32.505   0.000   0.999   0.000   0.001
E E  2C2OA                 70    0.559  97.690   0.000   0.998   0.000   0.002
B L  2C2OA                 71    0.148  27.092   0.000   0.998   0.000   0.002
B M  2C2OA                 72    0.030   6.034   0.000   0.995   0.000   0.005
E R  2C2OA                 73    0.489 111.891   0.000   0.989   0.000   0.011
E D  2C2OA                 74    0.533  76.764   0.000   0.977   0.000   0.023
B V  2C2OA                 75    0.085  13.137   0.000   0.952   0.000   0.048
B S  2C2OA                 76    0.148  17.351   0.000   0.719   0.001   0.280
E K  2C2OA                 77    0.728 149.670   0.000   0.395   0.001   0.604
E E  2C2OA                 78    0.549  95.980   0.000   0.163   0.001   0.836
E D  2C2OA                 79    0.572  82.386   0.000   0.144   0.009   0.847
B H  2C2OA                 80    0.240  43.734   0.000   0.300   0.001   0.699
E S  2C2OA                 81    0.598  70.120   0.000   0.322   0.001   0.677
E K  2C2OA                 82    0.676 139.035   0.000   0.351   0.001   0.648
E R  2C2OA                 83    0.273  62.454   0.000   0.049   0.054   0.897
B S  2C2OA                 84    0.232  27.167   0.000   0.003   0.180   0.817
B S  2C2OA                 85    0.032   3.732   0.000   0.000   0.887   0.112
B F  2C2OA                 86    0.025   5.048   0.000   0.000   0.990   0.009
B V  2C2OA                 87    0.016   2.462   0.000   0.000   0.998   0.002
B C  2C2OA                 88    0.005   0.679   0.000   0.000   0.999   0.001
B V  2C2OA                 89    0.015   2.232   0.000   0.000   0.997   0.003
B L  2C2OA                 90    0.023   4.191   0.000   0.000   0.988   0.012
B L  2C2OA                 91    0.054   9.860   0.000   0.002   0.783   0.215
B S  2C2OA                 92    0.099  11.603   0.000   0.002   0.576   0.422
E H  2C2OA                 93    0.292  53.086   0.000   0.009   0.383   0.608
E G  2C2OA                 94    0.286  22.500   0.000   0.059   0.425   0.516
E E  2C2OA                 95    0.589 102.914   0.000   0.063   0.519   0.418
E E  2C2OA                 96    0.696 121.606   0.000   0.038   0.033   0.930
E G  2C2OA                 97    0.325  25.555   0.000   0.012   0.023   0.965
B I  2C2OA                 98    0.174  32.259   0.000   0.001   0.825   0.174
B I  2C2OA                 99    0.047   8.778   0.000   0.000   0.977   0.023
B F  2C2OA                100    0.113  22.759   0.000   0.000   0.984   0.016
B G  2C2OA                101    0.041   3.192   0.000   0.000   0.930   0.069
B T  2C2OA                102    0.150  20.857   0.000   0.001   0.735   0.265
E N  2C2OA                103    0.420  61.537   0.000   0.002   0.242   0.756
E G  2C2OA                104    0.256  20.118   0.000   0.001   0.502   0.497
E P  2C2OA                105    0.584  82.845   0.000   0.000   0.574   0.426
B V  2C2OA                106    0.062   9.573   0.000   0.000   0.910   0.090
E D  2C2OA                107    0.450  64.781   0.000   0.000   0.871   0.129
B L  2C2OA                108    0.105  19.162   0.000   0.931   0.001   0.069
E K  2C2OA                109    0.599 123.251   0.000   0.981   0.000   0.018
E K  2C2OA                110    0.457  93.987   0.000   0.988   0.001   0.011
B I  2C2OA                111    0.020   3.647   0.000   0.981   0.001   0.018
B T  2C2OA                112    0.211  29.300   0.000   0.978   0.002   0.021
E N  2C2OA                113    0.652  95.465   0.000   0.879   0.002   0.119
B F  2C2OA                114    0.218  43.797   0.000   0.764   0.004   0.232
B F  2C2OA                115    0.046   9.211   0.000   0.433   0.053   0.514
E R  2C2OA                116    0.465 106.410   0.000   0.132   0.080   0.788
E G  2C2OA                117    0.306  24.102   0.000   0.448   0.004   0.548
E D  2C2OA                118    0.829 119.486   0.000   0.481   0.002   0.517
E R  2C2OA                119    0.550 126.011   0.000   0.499   0.011   0.490
B C  2C2OA                120    0.049   6.855   0.000   0.069   0.031   0.899
E R  2C2OA                121    0.687 157.244   0.000   0.784   0.003   0.213
E S  2C2OA                122    0.401  47.029   0.000   0.672   0.003   0.326
B L  2C2OA                123    0.029   5.352   0.000   0.816   0.000   0.183
E T  2C2OA                124    0.459  63.725   0.000   0.032   0.006   0.963
E G  2C2OA                125    0.696  54.766   0.000   0.007   0.001   0.992
E K  2C2OA                126    0.280  57.528   0.000   0.000   0.003   0.997
B P  2C2OA                127    0.162  22.940   0.000   0.000   0.219   0.780
B K  2C2OA                128    0.172  35.288   0.000   0.001   0.923   0.076
B L  2C2OA                129    0.029   5.292   0.000   0.000   0.995   0.005
B F  2C2OA                130    0.028   5.634   0.000   0.000   0.999   0.001
B I  2C2OA                131    0.022   4.012   0.000   0.000   0.997   0.002
B I  2C2OA                132    0.036   6.645   0.000   0.002   0.976   0.023
B Q  2C2OA                133    0.138  24.644   0.000   0.006   0.759   0.235
B A  2C2OA                134    0.098  10.820   0.000   0.020   0.142   0.838
E C  2C2OA                135    0.271  38.116   0.000   0.032   0.160   0.808
E R  2C2OA                136    0.524 119.897   0.000   0.026   0.058   0.915
E G  2C2OA                137    0.546  42.976   0.000   0.044   0.015   0.941
E T  2C2OA                138    0.662  91.868   0.000   0.057   0.015   0.927
E E  2C2OA                139    0.730 127.577   0.000   0.090   0.029   0.881
E L  2C2OA                140    0.535  98.028   0.000   0.090   0.047   0.862
E D  2C2OA                141    0.657  94.671   0.000   0.074   0.039   0.888
E C  2C2OA                142    0.575  80.746   0.000   0.039   0.033   0.929
E G  2C2OA                143    0.500  39.388   0.000   0.016   0.051   0.933
E I  2C2OA                144    0.556 102.816   0.000   0.007   0.237   0.756
E E  2C2OA                145    0.786 137.344   0.000   0.009   0.150   0.841
E T  2C2OA                146    0.710  98.408   0.000   0.004   0.026   0.970
E D  2C2OA                147    0.954 137.444   0.000   0.000   0.000   1.000
