# For publication of results, please cite:
# ...
# ... Michael Schantz Klausen, Martin Closter Jespersen, Henrik Nielsen, Kamilla Kjærgaard Jensen, 
# ... Vanessa Isabell Jurtz, Casper Kaae Sønderby, Morten Otto Alexander Sommer, Ole Winther, 
# ... Morten Nielsen, Bent Petersen, and Paolo Marcatili. 
# ... NetSurfP-2.0: Improved prediction of protein structural features by integrated deep learning.
# ... Proteins: Structure, Function, and Bioinformatics (Feb. 2019).
# ... https://doi.org/10.1002/prot.25674
# ...
#
# Column 1: Class assignment - B for buried or E for Exposed - Threshold: 25% exposure, but not based on RSA
# Column 2: Amino acid
# Column 3: Sequence name
# Column 4: Amino acid number
# Column 5: Relative Surface Accessibility - RSA
# Column 6: Absolute Surface Accessibility
# Column 7: Not used
# Column 8: Probability for Alpha-Helix
# Column 9: Probability for Beta-strand
# Column 10: Probability for Coil
E M  1DBRA                  1    0.862 172.415   0.000   0.000   0.000   1.000
E A  1DBRA                  2    0.851  93.740   0.000   0.001   0.001   0.999
E S  1DBRA                  3    0.790  92.582   0.000   0.002   0.005   0.993
E K  1DBRA                  4    0.690 141.919   0.000   0.000   0.034   0.966
E P  1DBRA                  5    0.672  95.423   0.000   0.003   0.031   0.966
E I  1DBRA                  6    0.474  87.628   0.000   0.014   0.025   0.961
E E  1DBRA                  7    0.696 121.535   0.000   0.024   0.040   0.936
E D  1DBRA                  8    0.540  77.852   0.000   0.028   0.047   0.925
E Y  1DBRA                  9    0.337  71.991   0.000   0.066   0.014   0.920
E G  1DBRA                 10    0.373  29.336   0.000   0.092   0.027   0.881
E K  1DBRA                 11    0.600 123.378   0.000   0.091   0.062   0.847
E G  1DBRA                 12    0.484  38.082   0.000   0.037   0.028   0.935
E K  1DBRA                 13    0.622 128.015   0.000   0.039   0.044   0.917
E G  1DBRA                 14    0.444  34.973   0.000   0.034   0.053   0.913
E R  1DBRA                 15    0.515 117.894   0.000   0.030   0.138   0.832
E I  1DBRA                 16    0.268  49.606   0.000   0.007   0.121   0.872
E E  1DBRA                 17    0.532  92.976   0.000   0.002   0.055   0.943
E P  1DBRA                 18    0.340  48.234   0.000   0.002   0.044   0.954
B M  1DBRA                 19    0.178  35.682   0.000   0.007   0.559   0.434
E Y  1DBRA                 20    0.472 100.959   0.000   0.002   0.781   0.217
B I  1DBRA                 21    0.100  18.469   0.000   0.001   0.343   0.656
E P  1DBRA                 22    0.417  59.159   0.000   0.036   0.112   0.852
E D  1DBRA                 23    0.535  77.051   0.000   0.035   0.029   0.936
E N  1DBRA                 24    0.745 109.137   0.000   0.031   0.012   0.957
E T  1DBRA                 25    0.459  63.615   0.000   0.015   0.099   0.886
E F  1DBRA                 26    0.450  90.334   0.000   0.015   0.314   0.671
B Y  1DBRA                 27    0.220  46.992   0.000   0.010   0.360   0.630
E N  1DBRA                 28    0.469  68.654   0.000   0.011   0.385   0.604
E A  1DBRA                 29    0.255  28.099   0.000   0.779   0.011   0.210
E D  1DBRA                 30    0.704 101.430   0.000   0.734   0.014   0.252
E D  1DBRA                 31    0.374  53.842   0.000   0.800   0.011   0.189
B F  1DBRA                 32    0.174  34.909   0.000   0.119   0.251   0.631
E L  1DBRA                 33    0.299  54.736   0.000   0.025   0.293   0.682
B V  1DBRA                 34    0.200  30.755   0.000   0.010   0.109   0.881
E P  1DBRA                 35    0.280  39.781   0.000   0.032   0.008   0.959
E P  1DBRA                 36    0.385  54.583   0.000   0.685   0.004   0.311
E H  1DBRA                 37    0.487  88.641   0.000   0.606   0.025   0.369
B C  1DBRA                 38    0.228  32.017   0.000   0.509   0.044   0.447
E K  1DBRA                 39    0.365  75.085   0.000   0.169   0.059   0.773
E P  1DBRA                 40    0.509  72.252   0.000   0.167   0.011   0.822
E Y  1DBRA                 41    0.431  92.027   0.000   0.200   0.035   0.765
B I  1DBRA                 42    0.131  24.149   0.000   0.270   0.118   0.612
E D  1DBRA                 43    0.565  81.436   0.000   0.304   0.133   0.563
E K  1DBRA                 44    0.464  95.394   0.000   0.191   0.609   0.200
B I  1DBRA                 45    0.175  32.319   0.000   0.069   0.763   0.168
B L  1DBRA                 46    0.237  43.454   0.000   0.020   0.756   0.224
B L  1DBRA                 47    0.081  14.772   0.000   0.002   0.525   0.473
E P  1DBRA                 48    0.312  44.318   0.000   0.003   0.258   0.738
E G  1DBRA                 49    0.267  21.015   0.000   0.793   0.002   0.206
E G  1DBRA                 50    0.511  40.245   0.000   0.788   0.002   0.210
E L  1DBRA                 51    0.251  45.996   0.000   0.962   0.001   0.036
B V  1DBRA                 52    0.022   3.414   0.000   0.990   0.000   0.010
E K  1DBRA                 53    0.397  81.663   0.000   0.998   0.000   0.002
E D  1DBRA                 54    0.579  83.377   0.000   0.998   0.000   0.002
B R  1DBRA                 55    0.178  40.870   0.000   0.999   0.000   0.001
B V  1DBRA                 56    0.010   1.574   0.000   1.000   0.000   0.000
E E  1DBRA                 57    0.424  74.122   0.000   1.000   0.000   0.000
E K  1DBRA                 58    0.475  97.789   0.000   1.000   0.000   0.000
B L  1DBRA                 59    0.021   3.855   0.000   0.999   0.000   0.001
B A  1DBRA                 60    0.012   1.290   0.000   0.999   0.000   0.001
E Y  1DBRA                 61    0.461  98.484   0.000   0.998   0.000   0.002
E D  1DBRA                 62    0.324  46.713   0.000   0.997   0.000   0.003
B I  1DBRA                 63    0.015   2.754   0.000   0.993   0.000   0.007
B H  1DBRA                 64    0.244  44.345   0.000   0.977   0.000   0.023
E R  1DBRA                 65    0.669 153.224   0.000   0.965   0.000   0.035
E T  1DBRA                 66    0.553  76.689   0.000   0.949   0.000   0.051
E Y  1DBRA                 67    0.293  62.652   0.000   0.818   0.002   0.180
E F  1DBRA                 68    0.280  56.167   0.000   0.379   0.009   0.612
E G  1DBRA                 69    0.500  39.321   0.000   0.049   0.003   0.947
E E  1DBRA                 70    0.700 122.365   0.000   0.149   0.010   0.841
E E  1DBRA                 71    0.561  98.009   0.000   0.160   0.089   0.752
B L  1DBRA                 72    0.040   7.353   0.000   0.011   0.545   0.444
B H  1DBRA                 73    0.094  17.172   0.000   0.001   0.976   0.023
B I  1DBRA                 74    0.008   1.444   0.000   0.000   0.999   0.001
B I  1DBRA                 75    0.005   0.948   0.000   0.000   0.999   0.001
B C  1DBRA                 76    0.009   1.265   0.000   0.000   0.983   0.017
B I  1DBRA                 77    0.031   5.712   0.000   0.001   0.868   0.131
B L  1DBRA                 78    0.179  32.722   0.000   0.045   0.377   0.578
E K  1DBRA                 79    0.463  95.256   0.000   0.583   0.009   0.408
E G  1DBRA                 80    0.254  19.997   0.000   0.475   0.005   0.521
B S  1DBRA                 81    0.025   2.946   0.000   0.733   0.005   0.262
E R  1DBRA                 82    0.271  62.117   0.000   0.966   0.002   0.032
E G  1DBRA                 83    0.283  22.261   0.000   0.977   0.001   0.022
B F  1DBRA                 84    0.070  14.000   0.000   0.978   0.001   0.021
B F  1DBRA                 85    0.015   3.091   0.000   0.991   0.000   0.008
E N  1DBRA                 86    0.353  51.707   0.000   0.997   0.000   0.003
B L  1DBRA                 87    0.183  33.523   0.000   0.998   0.000   0.001
B L  1DBRA                 88    0.012   2.127   0.000   0.998   0.000   0.002
B I  1DBRA                 89    0.079  14.661   0.000   0.997   0.000   0.003
E D  1DBRA                 90    0.504  72.689   0.000   0.993   0.000   0.007
B Y  1DBRA                 91    0.235  50.189   0.000   0.987   0.000   0.013
B L  1DBRA                 92    0.038   6.957   0.000   0.961   0.001   0.038
E A  1DBRA                 93    0.254  28.010   0.000   0.933   0.004   0.064
E T  1DBRA                 94    0.469  65.030   0.000   0.865   0.006   0.129
B I  1DBRA                 95    0.174  32.106   0.000   0.869   0.006   0.125
E Q  1DBRA                 96    0.281  50.196   0.000   0.822   0.016   0.162
E K  1DBRA                 97    0.669 137.595   0.000   0.763   0.017   0.219
E Y  1DBRA                 98    0.658 140.678   0.000   0.595   0.015   0.390
E S  1DBRA                 99    0.483  56.578   0.000   0.386   0.007   0.607
E G  1DBRA                100    0.814  64.083   0.000   0.031   0.001   0.968
E R  1DBRA                101    0.549 125.776   0.000   0.033   0.008   0.960
E E  1DBRA                102    0.776 135.500   0.000   0.078   0.007   0.915
E S  1DBRA                103    0.606  71.057   0.000   0.091   0.009   0.900
E S  1DBRA                104    0.654  76.707   0.000   0.080   0.026   0.894
E V  1DBRA                105    0.265  40.734   0.000   0.002   0.029   0.969
E P  1DBRA                106    0.288  40.827   0.000   0.002   0.004   0.994
E P  1DBRA                107    0.431  61.217   0.000   0.031   0.051   0.919
B F  1DBRA                108    0.187  37.538   0.000   0.050   0.433   0.517
B F  1DBRA                109    0.242  48.498   0.000   0.053   0.694   0.253
E E  1DBRA                110    0.433  75.660   0.000   0.127   0.646   0.226
E H  1DBRA                111    0.260  47.360   0.000   0.069   0.737   0.194
B Y  1DBRA                112    0.228  48.661   0.000   0.012   0.854   0.133
B V  1DBRA                113    0.071  10.864   0.000   0.002   0.934   0.064
E R  1DBRA                114    0.421  96.412   0.000   0.003   0.916   0.082
B L  1DBRA                115    0.106  19.482   0.000   0.039   0.636   0.326
E K  1DBRA                116    0.528 108.545   0.000   0.060   0.510   0.430
E S  1DBRA                117    0.373  43.674   0.000   0.029   0.666   0.305
E Y  1DBRA                118    0.364  77.748   0.000   0.029   0.657   0.313
E Q  1DBRA                119    0.591 105.617   0.000   0.019   0.417   0.564
E N  1DBRA                120    0.575  84.175   0.000   0.012   0.136   0.853
E D  1DBRA                121    0.695 100.113   0.000   0.011   0.034   0.955
E N  1DBRA                122    0.775 113.470   0.000   0.010   0.007   0.983
E S  1DBRA                123    0.579  67.845   0.000   0.013   0.031   0.956
E T  1DBRA                124    0.556  77.153   0.000   0.009   0.085   0.905
E G  1DBRA                125    0.369  29.078   0.000   0.009   0.097   0.894
E Q  1DBRA                126    0.528  94.279   0.000   0.004   0.271   0.724
B L  1DBRA                127    0.217  39.663   0.000   0.001   0.802   0.198
E T  1DBRA                128    0.419  58.157   0.000   0.000   0.980   0.020
E V  1DBRA                129    0.286  43.938   0.000   0.000   0.985   0.015
E L  1DBRA                130    0.330  60.392   0.000   0.003   0.807   0.190
E S  1DBRA                131    0.330  38.683   0.000   0.037   0.502   0.462
E D  1DBRA                132    0.679  97.881   0.000   0.056   0.115   0.829
E D  1DBRA                133    0.502  72.299   0.000   0.076   0.024   0.900
B L  1DBRA                134    0.206  37.754   0.000   0.581   0.008   0.410
E S  1DBRA                135    0.651  76.258   0.000   0.747   0.006   0.246
E I  1DBRA                136    0.330  61.092   0.000   0.737   0.004   0.259
B F  1DBRA                137    0.028   5.710   0.000   0.582   0.003   0.416
E R  1DBRA                138    0.549 125.822   0.000   0.006   0.003   0.991
E D  1DBRA                139    0.843 121.482   0.000   0.009   0.002   0.989
E K  1DBRA                140    0.283  58.232   0.000   0.001   0.016   0.983
E H  1DBRA                141    0.278  50.642   0.000   0.000   0.859   0.141
B V  1DBRA                142    0.007   1.000   0.000   0.000   0.998   0.001
B L  1DBRA                143    0.010   1.839   0.000   0.000   1.000   0.000
B I  1DBRA                144    0.004   0.694   0.000   0.000   1.000   0.000
B V  1DBRA                145    0.004   0.644   0.000   0.000   0.997   0.003
B E  1DBRA                146    0.055   9.632   0.000   0.000   0.908   0.092
B D  1DBRA                147    0.059   8.464   0.000   0.000   0.807   0.192
B I  1DBRA                148    0.037   6.934   0.000   0.000   0.889   0.110
B V  1DBRA                149    0.016   2.456   0.000   0.000   0.886   0.114
B D  1DBRA                150    0.181  26.094   0.000   0.002   0.024   0.974
E T  1DBRA                151    0.323  44.846   0.000   0.004   0.001   0.995
B G  1DBRA                152    0.100   7.899   0.000   0.015   0.001   0.985
E F  1DBRA                153    0.357  71.629   0.000   0.837   0.001   0.162
B T  1DBRA                154    0.160  22.184   0.000   0.832   0.006   0.163
B L  1DBRA                155    0.026   4.771   0.000   0.965   0.001   0.035
E T  1DBRA                156    0.287  39.826   0.000   0.991   0.000   0.009
E E  1DBRA                157    0.368  64.368   0.000   0.987   0.000   0.013
B F  1DBRA                158    0.008   1.559   0.000   0.991   0.000   0.009
B G  1DBRA                159    0.029   2.302   0.000   0.996   0.000   0.004
E E  1DBRA                160    0.578 100.981   0.000   0.996   0.000   0.004
E R  1DBRA                161    0.338  77.466   0.000   0.993   0.000   0.007
B L  1DBRA                162    0.006   1.040   0.000   0.993   0.000   0.007
E K  1DBRA                163    0.484  99.618   0.000   0.988   0.000   0.012
E A  1DBRA                164    0.680  74.981   0.000   0.830   0.000   0.170
B V  1DBRA                165    0.250  38.392   0.000   0.465   0.000   0.535
E G  1DBRA                166    0.377  29.690   0.000   0.001   0.000   0.999
B P  1DBRA                167    0.096  13.596   0.000   0.002   0.008   0.990
E K  1DBRA                168    0.579 119.198   0.000   0.001   0.038   0.961
B S  1DBRA                169    0.229  26.862   0.000   0.003   0.880   0.117
B M  1DBRA                170    0.060  11.925   0.000   0.000   0.968   0.032
B R  1DBRA                171    0.201  45.975   0.000   0.000   0.987   0.013
B I  1DBRA                172    0.022   4.074   0.000   0.000   0.991   0.009
B A  1DBRA                173    0.011   1.229   0.000   0.000   0.982   0.017
B T  1DBRA                174    0.013   1.739   0.000   0.000   0.983   0.016
B L  1DBRA                175    0.051   9.299   0.000   0.000   0.951   0.048
B V  1DBRA                176    0.033   5.097   0.000   0.000   0.958   0.041
E E  1DBRA                177    0.275  47.959   0.000   0.001   0.755   0.243
E K  1DBRA                178    0.282  58.080   0.000   0.022   0.216   0.762
E R  1DBRA                179    0.482 110.269   0.000   0.070   0.098   0.832
E T  1DBRA                180    0.523  72.559   0.000   0.068   0.030   0.901
E D  1DBRA                181    0.675  97.327   0.000   0.064   0.011   0.924
E R  1DBRA                182    0.541 123.937   0.000   0.099   0.010   0.891
E S  1DBRA                183    0.661  77.480   0.000   0.115   0.016   0.869
E N  1DBRA                184    0.566  82.814   0.000   0.097   0.013   0.891
E S  1DBRA                185    0.620  72.680   0.000   0.052   0.015   0.932
B L  1DBRA                186    0.192  35.156   0.000   0.014   0.059   0.927
E K  1DBRA                187    0.571 117.537   0.000   0.005   0.100   0.895
B G  1DBRA                188    0.173  13.605   0.000   0.001   0.087   0.912
E D  1DBRA                189    0.279  40.235   0.000   0.001   0.097   0.903
B F  1DBRA                190    0.130  26.176   0.000   0.000   0.961   0.039
B V  1DBRA                191    0.125  19.229   0.000   0.000   0.993   0.007
B G  1DBRA                192    0.097   7.670   0.000   0.000   0.977   0.023
B F  1DBRA                193    0.160  32.163   0.000   0.000   0.994   0.006
E S  1DBRA                194    0.416  48.787   0.000   0.000   0.976   0.024
B I  1DBRA                195    0.073  13.489   0.000   0.001   0.741   0.258
E E  1DBRA                196    0.712 124.307   0.000   0.004   0.052   0.944
E D  1DBRA                197    0.649  93.508   0.000   0.008   0.045   0.948
B V  1DBRA                198    0.173  26.515   0.000   0.016   0.491   0.494
B W  1DBRA                199    0.169  40.764   0.000   0.007   0.843   0.150
B I  1DBRA                200    0.021   3.967   0.000   0.000   0.987   0.012
B V  1DBRA                201    0.040   6.162   0.000   0.000   0.982   0.017
B G  1DBRA                202    0.026   2.069   0.000   0.000   0.945   0.054
B C  1DBRA                203    0.061   8.621   0.000   0.002   0.798   0.200
B C  1DBRA                204    0.068   9.586   0.000   0.006   0.535   0.458
B Y  1DBRA                205    0.165  35.308   0.000   0.024   0.394   0.582
E D  1DBRA                206    0.262  37.718   0.000   0.024   0.268   0.708
E F  1DBRA                207    0.309  62.080   0.000   0.085   0.134   0.781
E N  1DBRA                208    0.588  86.059   0.000   0.082   0.011   0.907
E E  1DBRA                209    0.527  92.024   0.000   0.152   0.023   0.825
E M  1DBRA                210    0.313  62.670   0.000   0.125   0.266   0.608
B F  1DBRA                211    0.112  22.391   0.000   0.078   0.402   0.520
E R  1DBRA                212    0.315  72.245   0.000   0.049   0.176   0.775
E D  1DBRA                213    0.463  66.744   0.000   0.039   0.163   0.798
B F  1DBRA                214    0.066  13.193   0.000   0.026   0.283   0.691
E D  1DBRA                215    0.434  62.610   0.000   0.022   0.228   0.750
B H  1DBRA                216    0.181  32.940   0.000   0.023   0.508   0.469
B V  1DBRA                217    0.037   5.749   0.000   0.001   0.951   0.047
B A  1DBRA                218    0.032   3.531   0.000   0.001   0.994   0.005
B V  1DBRA                219    0.118  18.088   0.000   0.001   0.989   0.010
B L  1DBRA                220    0.045   8.329   0.000   0.003   0.832   0.165
B S  1DBRA                221    0.237  27.824   0.000   0.005   0.067   0.928
E D  1DBRA                222    0.634  91.293   0.000   0.979   0.000   0.021
E A  1DBRA                223    0.507  55.883   0.000   0.994   0.000   0.006
B A  1DBRA                224    0.033   3.612   0.000   0.997   0.000   0.003
E R  1DBRA                225    0.257  58.859   0.000   0.993   0.000   0.006
E K  1DBRA                226    0.697 143.425   0.000   0.980   0.000   0.020
E K  1DBRA                227    0.484  99.623   0.000   0.951   0.000   0.049
B F  1DBRA                228    0.146  29.399   0.000   0.794   0.003   0.204
E E  1DBRA                229    0.666 116.379   0.000   0.280   0.029   0.690
E K  1DBRA                230    0.672 138.256   0.000   0.142   0.053   0.805
E V  1DBRA                231    0.684 105.169   0.000   0.001   0.000   0.999
