# For publication of results, please cite:
# ...
# ... Michael Schantz Klausen, Martin Closter Jespersen, Henrik Nielsen, Kamilla Kjærgaard Jensen, 
# ... Vanessa Isabell Jurtz, Casper Kaae Sønderby, Morten Otto Alexander Sommer, Ole Winther, 
# ... Morten Nielsen, Bent Petersen, and Paolo Marcatili. 
# ... NetSurfP-2.0: Improved prediction of protein structural features by integrated deep learning.
# ... Proteins: Structure, Function, and Bioinformatics (Feb. 2019).
# ... https://doi.org/10.1002/prot.25674
# ...
#
# Column 1: Class assignment - B for buried or E for Exposed - Threshold: 25% exposure, but not based on RSA
# Column 2: Amino acid
# Column 3: Sequence name
# Column 4: Amino acid number
# Column 5: Relative Surface Accessibility - RSA
# Column 6: Absolute Surface Accessibility
# Column 7: Not used
# Column 8: Probability for Alpha-Helix
# Column 9: Probability for Beta-strand
# Column 10: Probability for Coil
E A  2ZITD                  1    0.764  84.147   0.000   0.001   0.001   0.998
E F  2ZITD                  2    0.430  86.252   0.000   0.027   0.262   0.711
B L  2ZITD                  3    0.246  44.989   0.000   0.041   0.179   0.781
E G  2ZITD                  4    0.359  28.251   0.000   0.028   0.069   0.903
E D  2ZITD                  5    0.840 121.076   0.000   0.031   0.025   0.944
E G  2ZITD                  6    0.666  52.375   0.000   0.034   0.021   0.945
E G  2ZITD                  7    0.498  39.180   0.000   0.032   0.065   0.903
E D  2ZITD                  8    0.739 106.539   0.000   0.008   0.108   0.883
B V  2ZITD                  9    0.187  28.808   0.000   0.007   0.439   0.554
E S  2ZITD                 10    0.517  60.589   0.000   0.010   0.524   0.467
B F  2ZITD                 11    0.206  41.377   0.000   0.010   0.581   0.409
E S  2ZITD                 12    0.324  37.949   0.000   0.015   0.337   0.647
E T  2ZITD                 13    0.623  86.345   0.000   0.065   0.089   0.846
E R  2ZITD                 14    0.654 149.786   0.000   0.060   0.064   0.876
E G  2ZITD                 15    0.309  24.339   0.000   0.062   0.315   0.624
E T  2ZITD                 16    0.354  49.098   0.000   0.039   0.518   0.443
E Q  2ZITD                 17    0.519  92.749   0.000   0.021   0.620   0.360
E N  2ZITD                 18    0.479  70.192   0.000   0.030   0.401   0.569
B W  2ZITD                 19    0.120  28.763   0.000   0.039   0.250   0.711
B T  2ZITD                 20    0.238  33.051   0.000   0.061   0.220   0.719
B V  2ZITD                 21    0.171  26.238   0.000   0.983   0.002   0.015
E E  2ZITD                 22    0.593 103.662   0.000   0.998   0.000   0.002
E R  2ZITD                 23    0.328  75.045   0.000   0.997   0.000   0.003
B L  2ZITD                 24    0.018   3.218   0.000   0.997   0.000   0.003
B L  2ZITD                 25    0.181  33.062   0.000   0.998   0.000   0.002
E Q  2ZITD                 26    0.482  86.034   0.000   0.997   0.000   0.003
B A  2ZITD                 27    0.033   3.594   0.000   0.997   0.000   0.003
B H  2ZITD                 28    0.066  12.067   0.000   0.998   0.000   0.002
E R  2ZITD                 29    0.470 107.697   0.000   0.998   0.000   0.002
E Q  2ZITD                 30    0.338  60.376   0.000   0.997   0.000   0.003
B L  2ZITD                 31    0.021   3.847   0.000   0.994   0.000   0.006
E E  2ZITD                 32    0.473  82.641   0.000   0.992   0.000   0.008
E E  2ZITD                 33    0.782 136.636   0.000   0.965   0.000   0.035
E R  2ZITD                 34    0.497 113.771   0.000   0.514   0.000   0.486
E G  2ZITD                 35    0.419  32.950   0.000   0.006   0.004   0.990
B Y  2ZITD                 36    0.200  42.746   0.000   0.001   0.161   0.837
B V  2ZITD                 37    0.087  13.343   0.000   0.001   0.803   0.196
B F  2ZITD                 38    0.047   9.363   0.000   0.001   0.976   0.024
B V  2ZITD                 39    0.010   1.474   0.000   0.000   0.994   0.006
B G  2ZITD                 40    0.014   1.088   0.000   0.000   0.990   0.009
B Y  2ZITD                 41    0.050  10.626   0.000   0.000   0.966   0.034
B H  2ZITD                 42    0.131  23.776   0.000   0.002   0.816   0.182
B G  2ZITD                 43    0.119   9.401   0.000   0.006   0.491   0.503
B T  2ZITD                 44    0.196  27.198   0.000   0.002   0.327   0.670
E F  2ZITD                 45    0.308  61.836   0.000   0.023   0.142   0.835
E L  2ZITD                 46    0.359  65.787   0.000   0.956   0.001   0.043
E E  2ZITD                 47    0.651 113.712   0.000   0.970   0.001   0.029
B A  2ZITD                 48    0.125  13.777   0.000   0.984   0.001   0.015
B A  2ZITD                 49    0.028   3.117   0.000   0.980   0.001   0.019
E Q  2ZITD                 50    0.443  79.103   0.000   0.974   0.001   0.025
E S  2ZITD                 51    0.383  44.911   0.000   0.970   0.001   0.029
B I  2ZITD                 52    0.083  15.396   0.000   0.980   0.001   0.020
B V  2ZITD                 53    0.146  22.434   0.000   0.970   0.002   0.027
E F  2ZITD                 54    0.508 102.050   0.000   0.930   0.001   0.068
E G  2ZITD                 55    0.308  24.231   0.000   0.736   0.003   0.260
B G  2ZITD                 56    0.179  14.078   0.000   0.566   0.013   0.421
B V  2ZITD                 57    0.219  33.676   0.000   0.353   0.098   0.549
E R  2ZITD                 58    0.551 126.128   0.000   0.316   0.084   0.601
E A  2ZITD                 59    0.376  41.478   0.000   0.306   0.069   0.625
E R  2ZITD                 60    0.569 130.407   0.000   0.201   0.040   0.759
E S  2ZITD                 61    0.376  44.119   0.000   0.140   0.048   0.812
E Q  2ZITD                 62    0.707 126.202   0.000   0.367   0.014   0.619
E D  2ZITD                 63    0.684  98.618   0.000   0.355   0.009   0.636
B L  2ZITD                 64    0.248  45.419   0.000   0.643   0.012   0.345
E D  2ZITD                 65    0.602  86.791   0.000   0.684   0.012   0.304
E A  2ZITD                 66    0.462  50.861   0.000   0.659   0.038   0.303
B I  2ZITD                 67    0.192  35.518   0.000   0.531   0.063   0.406
B W  2ZITD                 68    0.130  31.251   0.000   0.266   0.161   0.573
E R  2ZITD                 69    0.431  98.692   0.000   0.089   0.154   0.757
B G  2ZITD                 70    0.055   4.366   0.000   0.015   0.415   0.570
B F  2ZITD                 71    0.031   6.288   0.000   0.001   0.928   0.071
B Y  2ZITD                 72    0.064  13.584   0.000   0.000   0.992   0.008
B I  2ZITD                 73    0.027   4.929   0.000   0.000   0.993   0.007
B A  2ZITD                 74    0.022   2.377   0.000   0.000   0.891   0.109
E G  2ZITD                 75    0.271  21.298   0.000   0.000   0.030   0.970
E D  2ZITD                 76    0.443  63.842   0.000   0.000   0.002   0.998
B P  2ZITD                 77    0.229  32.554   0.000   0.972   0.000   0.028
E A  2ZITD                 78    0.481  53.034   0.000   0.984   0.000   0.015
B L  2ZITD                 79    0.206  37.791   0.000   0.987   0.000   0.012
B A  2ZITD                 80    0.010   1.112   0.000   0.985   0.001   0.014
E Y  2ZITD                 81    0.346  74.043   0.000   0.966   0.002   0.032
B G  2ZITD                 82    0.239  18.785   0.000   0.956   0.002   0.041
B Y  2ZITD                 83    0.114  24.356   0.000   0.936   0.005   0.059
B A  2ZITD                 84    0.053   5.825   0.000   0.839   0.013   0.148
E Q  2ZITD                 85    0.502  89.661   0.000   0.549   0.032   0.419
E D  2ZITD                 86    0.381  54.962   0.000   0.264   0.039   0.696
E Q  2ZITD                 87    0.448  79.958   0.000   0.184   0.042   0.774
E E  2ZITD                 88    0.468  81.841   0.000   0.023   0.065   0.912
E P  2ZITD                 89    0.553  78.430   0.000   0.273   0.017   0.710
E D  2ZITD                 90    0.712 102.601   0.000   0.196   0.040   0.764
E A  2ZITD                 91    0.415  45.755   0.000   0.242   0.038   0.720
E R  2ZITD                 92    0.695 159.243   0.000   0.122   0.036   0.842
E G  2ZITD                 93    0.543  42.761   0.000   0.149   0.036   0.814
E R  2ZITD                 94    0.500 114.433   0.000   0.128   0.136   0.736
E I  2ZITD                 95    0.314  58.031   0.000   0.132   0.187   0.681
E R  2ZITD                 96    0.426  97.614   0.000   0.082   0.165   0.753
E N  2ZITD                 97    0.466  68.293   0.000   0.068   0.175   0.757
B G  2ZITD                 98    0.165  12.976   0.000   0.022   0.271   0.707
B A  2ZITD                 99    0.104  11.428   0.000   0.016   0.714   0.270
B L  2ZITD                100    0.120  21.995   0.000   0.003   0.949   0.048
B L  2ZITD                101    0.019   3.498   0.000   0.001   0.992   0.007
B R  2ZITD                102    0.205  47.008   0.000   0.001   0.993   0.006
B V  2ZITD                103    0.010   1.476   0.000   0.000   0.995   0.004
B Y  2ZITD                104    0.124  26.397   0.000   0.000   0.991   0.009
B V  2ZITD                105    0.028   4.345   0.000   0.000   0.843   0.157
B P  2ZITD                106    0.099  13.987   0.000   0.008   0.741   0.251
E R  2ZITD                107    0.391  89.491   0.000   0.666   0.013   0.322
E S  2ZITD                108    0.617  72.307   0.000   0.722   0.005   0.272
E S  2ZITD                109    0.256  29.976   0.000   0.689   0.009   0.301
B L  2ZITD                110    0.101  18.504   0.000   0.128   0.045   0.827
E P  2ZITD                111    0.491  69.704   0.000   0.188   0.019   0.793
E G  2ZITD                112    0.484  38.091   0.000   0.189   0.035   0.776
B F  2ZITD                113    0.176  35.409   0.000   0.341   0.119   0.541
E Y  2ZITD                114    0.375  80.087   0.000   0.255   0.311   0.434
E R  2ZITD                115    0.557 127.586   0.000   0.275   0.175   0.550
E T  2ZITD                116    0.383  53.184   0.000   0.174   0.119   0.706
E S  2ZITD                117    0.636  74.494   0.000   0.109   0.119   0.771
E L  2ZITD                118    0.318  58.213   0.000   0.101   0.163   0.736
E T  2ZITD                119    0.443  61.475   0.000   0.078   0.254   0.668
B L  2ZITD                120    0.228  41.709   0.000   0.192   0.026   0.781
E A  2ZITD                121    0.501  55.200   0.000   0.144   0.010   0.847
E A  2ZITD                122    0.268  29.509   0.000   0.043   0.003   0.954
E P  2ZITD                123    0.725 102.913   0.000   0.842   0.001   0.157
E E  2ZITD                124    0.721 125.997   0.000   0.909   0.001   0.091
B A  2ZITD                125    0.075   8.293   0.000   0.925   0.001   0.074
B A  2ZITD                126    0.241  26.576   0.000   0.946   0.001   0.053
E G  2ZITD                127    0.456  35.891   0.000   0.916   0.001   0.083
E E  2ZITD                128    0.321  56.163   0.000   0.943   0.002   0.054
B V  2ZITD                129    0.030   4.585   0.000   0.971   0.003   0.026
E E  2ZITD                130    0.561  98.082   0.000   0.966   0.003   0.030
E R  2ZITD                131    0.654 149.867   0.000   0.924   0.008   0.069
B L  2ZITD                132    0.123  22.440   0.000   0.875   0.009   0.116
B I  2ZITD                133    0.170  31.411   0.000   0.438   0.045   0.517
E G  2ZITD                134    0.513  40.405   0.000   0.010   0.025   0.965
E H  2ZITD                135    0.369  67.081   0.000   0.001   0.156   0.843
E P  2ZITD                136    0.524  74.417   0.000   0.002   0.284   0.714
B L  2ZITD                137    0.137  25.056   0.000   0.023   0.191   0.786
E P  2ZITD                138    0.394  55.914   0.000   0.071   0.130   0.800
B L  2ZITD                139    0.238  43.560   0.000   0.136   0.220   0.644
E R  2ZITD                140    0.421  96.434   0.000   0.150   0.285   0.566
B L  2ZITD                141    0.242  44.383   0.000   0.257   0.337   0.405
E D  2ZITD                142    0.331  47.664   0.000   0.282   0.408   0.310
B A  2ZITD                143    0.100  10.981   0.000   0.130   0.679   0.190
B I  2ZITD                144    0.086  15.944   0.000   0.039   0.855   0.106
B T  2ZITD                145    0.206  28.516   0.000   0.029   0.773   0.198
B G  2ZITD                146    0.085   6.691   0.000   0.003   0.594   0.403
E P  2ZITD                147    0.371  52.711   0.000   0.013   0.688   0.300
E E  2ZITD                148    0.437  76.324   0.000   0.044   0.468   0.488
E E  2ZITD                149    0.596 104.073   0.000   0.033   0.294   0.674
E E  2ZITD                150    0.863 150.764   0.000   0.054   0.050   0.896
E G  2ZITD                151    0.872  68.646   0.000   0.035   0.005   0.960
E G  2ZITD                152    0.458  36.006   0.000   0.060   0.071   0.869
E R  2ZITD                153    0.538 123.111   0.000   0.012   0.294   0.695
B L  2ZITD                154    0.219  40.116   0.000   0.009   0.679   0.312
B E  2ZITD                155    0.215  37.501   0.000   0.005   0.863   0.133
B T  2ZITD                156    0.109  15.181   0.000   0.004   0.903   0.093
B I  2ZITD                157    0.103  19.033   0.000   0.007   0.890   0.103
B L  2ZITD                158    0.090  16.494   0.000   0.011   0.807   0.183
B G  2ZITD                159    0.084   6.627   0.000   0.034   0.467   0.499
B W  2ZITD                160    0.185  44.462   0.000   0.602   0.076   0.322
E P  2ZITD                161    0.314  44.550   0.000   0.564   0.108   0.329
B L  2ZITD                162    0.121  22.091   0.000   0.591   0.142   0.268
B A  2ZITD                163    0.060   6.604   0.000   0.414   0.281   0.305
E E  2ZITD                164    0.316  55.250   0.000   0.386   0.216   0.397
E R  2ZITD                165    0.314  71.901   0.000   0.227   0.284   0.489
B T  2ZITD                166    0.055   7.669   0.000   0.054   0.553   0.393
B V  2ZITD                167    0.045   6.967   0.000   0.005   0.930   0.066
B V  2ZITD                168    0.060   9.236   0.000   0.001   0.977   0.022
B I  2ZITD                169    0.040   7.365   0.000   0.001   0.921   0.078
B P  2ZITD                170    0.101  14.346   0.000   0.005   0.856   0.139
B S  2ZITD                171    0.122  14.287   0.000   0.057   0.339   0.604
E A  2ZITD                172    0.272  29.928   0.000   0.021   0.237   0.742
B I  2ZITD                173    0.170  31.437   0.000   0.001   0.252   0.747
E P  2ZITD                174    0.384  54.530   0.000   0.001   0.372   0.626
E T  2ZITD                175    0.290  40.174   0.000   0.005   0.131   0.864
E D  2ZITD                176    0.378  54.418   0.000   0.004   0.053   0.943
E P  2ZITD                177    0.455  64.537   0.000   0.306   0.007   0.687
E R  2ZITD                178    0.642 146.912   0.000   0.262   0.015   0.723
E N  2ZITD                179    0.486  71.170   0.000   0.252   0.034   0.715
E V  2ZITD                180    0.390  59.958   0.000   0.124   0.075   0.801
E G  2ZITD                181    0.507  39.863   0.000   0.060   0.033   0.906
E G  2ZITD                182    0.448  35.241   0.000   0.042   0.030   0.928
E D  2ZITD                183    0.801 115.382   0.000   0.030   0.021   0.949
B L  2ZITD                184    0.244  44.681   0.000   0.010   0.042   0.948
E D  2ZITD                185    0.619  89.145   0.000   0.002   0.009   0.989
E P  2ZITD                186    0.357  50.599   0.000   0.862   0.001   0.137
E S  2ZITD                187    0.691  80.995   0.000   0.851   0.001   0.148
E S  2ZITD                188    0.559  65.498   0.000   0.805   0.003   0.192
B I  2ZITD                189    0.151  27.974   0.000   0.045   0.006   0.949
E P  2ZITD                190    0.339  48.081   0.000   0.110   0.007   0.883
E D  2ZITD                191    0.769 110.773   0.000   0.615   0.006   0.379
E K  2ZITD                192    0.516 106.175   0.000   0.851   0.005   0.143
E E  2ZITD                193    0.352  61.544   0.000   0.805   0.021   0.174
E Q  2ZITD                194    0.500  89.380   0.000   0.749   0.030   0.221
E A  2ZITD                195    0.387  42.673   0.000   0.457   0.073   0.470
B I  2ZITD                196    0.160  29.658   0.000   0.175   0.173   0.652
B S  2ZITD                197    0.249  29.161   0.000   0.083   0.146   0.771
E A  2ZITD                198    0.403  44.391   0.000   0.052   0.084   0.864
E L  2ZITD                199    0.273  49.953   0.000   0.004   0.017   0.979
E P  2ZITD                200    0.306  43.352   0.000   0.043   0.009   0.947
E D  2ZITD                201    0.752 108.431   0.000   0.090   0.014   0.896
E Y  2ZITD                202    0.277  59.184   0.000   0.209   0.037   0.754
E A  2ZITD                203    0.447  49.260   0.000   0.185   0.090   0.725
E S  2ZITD                204    0.638  74.743   0.000   0.139   0.075   0.786
E Q  2ZITD                205    0.548  97.824   0.000   0.003   0.056   0.941
E P  2ZITD                206    0.684  97.031   0.000   0.003   0.018   0.979
E G  2ZITD                207    0.927  72.938   0.000   0.000   0.000   1.000
