# For publication of results, please cite:
# ...
# ... Michael Schantz Klausen, Martin Closter Jespersen, Henrik Nielsen, Kamilla Kjærgaard Jensen, 
# ... Vanessa Isabell Jurtz, Casper Kaae Sønderby, Morten Otto Alexander Sommer, Ole Winther, 
# ... Morten Nielsen, Bent Petersen, and Paolo Marcatili. 
# ... NetSurfP-2.0: Improved prediction of protein structural features by integrated deep learning.
# ... Proteins: Structure, Function, and Bioinformatics (Feb. 2019).
# ... https://doi.org/10.1002/prot.25674
# ...
#
# Column 1: Class assignment - B for buried or E for Exposed - Threshold: 25% exposure, but not based on RSA
# Column 2: Amino acid
# Column 3: Sequence name
# Column 4: Amino acid number
# Column 5: Relative Surface Accessibility - RSA
# Column 6: Absolute Surface Accessibility
# Column 7: Not used
# Column 8: Probability for Alpha-Helix
# Column 9: Probability for Beta-strand
# Column 10: Probability for Coil
E C  1ZD7B                  1    0.433  60.804   0.000   0.001   0.015   0.984
B L  1ZD7B                  2    0.087  15.928   0.000   0.001   0.844   0.154
E S  1ZD7B                  3    0.302  35.388   0.000   0.001   0.390   0.609
E F  1ZD7B                  4    0.418  83.852   0.000   0.004   0.021   0.974
E G  1ZD7B                  5    0.506  39.805   0.000   0.008   0.019   0.974
B T  1ZD7B                  6    0.179  24.763   0.000   0.004   0.089   0.907
E E  1ZD7B                  7    0.445  77.774   0.000   0.001   0.935   0.065
B I  1ZD7B                  8    0.037   6.798   0.000   0.003   0.899   0.098
B L  1ZD7B                  9    0.228  41.800   0.000   0.004   0.914   0.082
B T  1ZD7B                 10    0.090  12.430   0.000   0.011   0.683   0.307
E V  1ZD7B                 11    0.363  55.862   0.000   0.048   0.030   0.922
E E  1ZD7B                 12    0.722 126.192   0.000   0.041   0.006   0.953
E Y  1ZD7B                 13    0.499 106.649   0.000   0.063   0.024   0.913
E G  1ZD7B                 14    0.250  19.682   0.000   0.001   0.880   0.120
E P  1ZD7B                 15    0.443  62.844   0.000   0.000   0.903   0.097
B L  1ZD7B                 16    0.126  23.059   0.000   0.000   0.989   0.011
B P  1ZD7B                 17    0.249  35.395   0.000   0.000   0.992   0.007
B I  1ZD7B                 18    0.021   3.846   0.000   0.980   0.002   0.018
B G  1ZD7B                 19    0.210  16.538   0.000   0.995   0.001   0.004
E K  1ZD7B                 20    0.525 108.062   0.000   0.993   0.001   0.006
B I  1ZD7B                 21    0.038   7.044   0.000   0.951   0.002   0.047
B V  1ZD7B                 22    0.218  33.521   0.000   0.709   0.037   0.254
E S  1ZD7B                 23    0.590  69.164   0.000   0.475   0.049   0.475
E E  1ZD7B                 24    0.623 108.781   0.000   0.133   0.022   0.845
E E  1ZD7B                 25    0.768 134.237   0.000   0.038   0.021   0.941
B I  1ZD7B                 26    0.244  45.138   0.000   0.023   0.184   0.793
E N  1ZD7B                 27    0.674  98.629   0.000   0.007   0.316   0.676
B C  1ZD7B                 28    0.079  11.092   0.000   0.005   0.634   0.361
B S  1ZD7B                 29    0.209  24.541   0.000   0.001   0.947   0.052
B V  1ZD7B                 30    0.038   5.876   0.000   0.001   0.978   0.021
B Y  1ZD7B                 31    0.153  32.655   0.000   0.001   0.983   0.016
B S  1ZD7B                 32    0.044   5.176   0.000   0.000   0.956   0.043
B V  1ZD7B                 33    0.109  16.731   0.000   0.000   0.958   0.042
E D  1ZD7B                 34    0.293  42.156   0.000   0.000   0.006   0.994
E P  1ZD7B                 35    0.592  84.028   0.000   0.001   0.000   0.998
E E  1ZD7B                 36    0.816 142.539   0.000   0.001   0.000   0.998
E G  1ZD7B                 37    0.250  19.700   0.000   0.003   0.002   0.996
E R  1ZD7B                 38    0.577 132.059   0.000   0.001   0.104   0.894
E V  1ZD7B                 39    0.253  38.895   0.000   0.000   0.988   0.012
E Y  1ZD7B                 40    0.425  90.783   0.000   0.000   0.979   0.020
E T  1ZD7B                 41    0.455  63.057   0.000   0.001   0.960   0.039
E Q  1ZD7B                 42    0.339  60.630   0.000   0.002   0.794   0.203
E A  1ZD7B                 43    0.386  42.582   0.000   0.003   0.680   0.318
B I  1ZD7B                 44    0.136  25.199   0.000   0.009   0.654   0.337
E A  1ZD7B                 45    0.426  46.951   0.000   0.007   0.728   0.265
E Q  1ZD7B                 46    0.493  87.975   0.000   0.001   0.968   0.031
B W  1ZD7B                 47    0.247  59.449   0.000   0.001   0.981   0.018
E H  1ZD7B                 48    0.340  61.863   0.000   0.000   0.990   0.010
E D  1ZD7B                 49    0.494  71.167   0.000   0.001   0.975   0.024
E R  1ZD7B                 50    0.397  90.915   0.000   0.008   0.816   0.176
E G  1ZD7B                 51    0.300  23.594   0.000   0.001   0.893   0.106
E E  1ZD7B                 52    0.678 118.445   0.000   0.001   0.849   0.151
E Q  1ZD7B                 53    0.383  68.396   0.000   0.001   0.809   0.191
E E  1ZD7B                 54    0.429  74.882   0.000   0.001   0.876   0.123
B V  1ZD7B                 55    0.024   3.727   0.000   0.000   0.950   0.050
B L  1ZD7B                 56    0.028   5.114   0.000   0.000   0.995   0.005
B E  1ZD7B                 57    0.225  39.376   0.000   0.000   0.998   0.002
B Y  1ZD7B                 58    0.013   2.739   0.000   0.000   0.999   0.001
E E  1ZD7B                 59    0.312  54.542   0.000   0.000   0.999   0.001
B L  1ZD7B                 60    0.019   3.513   0.000   0.000   0.929   0.070
E E  1ZD7B                 61    0.631 110.211   0.000   0.006   0.002   0.992
E D  1ZD7B                 62    0.594  85.595   0.000   0.007   0.000   0.993
E G  1ZD7B                 63    0.524  41.274   0.000   0.005   0.003   0.992
B S  1ZD7B                 64    0.224  26.299   0.000   0.000   0.006   0.994
E V  1ZD7B                 65    0.266  40.850   0.000   0.000   0.988   0.012
B I  1ZD7B                 66    0.024   4.390   0.000   0.000   0.999   0.001
E R  1ZD7B                 67    0.336  77.000   0.000   0.000   0.998   0.002
B A  1ZD7B                 68    0.005   0.585   0.000   0.000   0.979   0.021
B T  1ZD7B                 69    0.056   7.729   0.000   0.000   0.584   0.416
B S  1ZD7B                 70    0.152  17.792   0.000   0.001   0.009   0.991
E D  1ZD7B                 71    0.493  71.088   0.000   0.001   0.005   0.994
B H  1ZD7B                 72    0.069  12.612   0.000   0.001   0.047   0.951
E R  1ZD7B                 73    0.353  80.923   0.000   0.002   0.644   0.354
B F  1ZD7B                 74    0.016   3.179   0.000   0.001   0.955   0.045
B L  1ZD7B                 75    0.084  15.331   0.000   0.000   0.989   0.010
B T  1ZD7B                 76    0.048   6.667   0.000   0.001   0.756   0.243
E T  1ZD7B                 77    0.370  51.320   0.000   0.004   0.031   0.965
E D  1ZD7B                 78    0.645  92.888   0.000   0.006   0.002   0.992
E Y  1ZD7B                 79    0.449  95.988   0.000   0.011   0.004   0.984
E Q  1ZD7B                 80    0.568 101.531   0.000   0.005   0.159   0.835
E L  1ZD7B                 81    0.309  56.654   0.000   0.003   0.919   0.078
B L  1ZD7B                 82    0.218  39.934   0.000   0.001   0.966   0.032
E A  1ZD7B                 83    0.277  30.536   0.000   0.002   0.978   0.021
B I  1ZD7B                 84    0.097  17.987   0.000   0.901   0.011   0.089
E E  1ZD7B                 85    0.638 111.459   0.000   0.962   0.005   0.033
E E  1ZD7B                 86    0.537  93.831   0.000   0.965   0.009   0.026
B I  1ZD7B                 87    0.070  12.903   0.000   0.907   0.022   0.071
E F  1ZD7B                 88    0.315  63.243   0.000   0.778   0.042   0.180
E A  1ZD7B                 89    0.562  61.905   0.000   0.615   0.026   0.359
E R  1ZD7B                 90    0.545 124.776   0.000   0.183   0.017   0.801
E Q  1ZD7B                 91    0.691 123.438   0.000   0.096   0.032   0.872
B L  1ZD7B                 92    0.223  40.785   0.000   0.056   0.182   0.762
E D  1ZD7B                 93    0.584  84.226   0.000   0.031   0.411   0.558
B L  1ZD7B                 94    0.229  41.898   0.000   0.195   0.400   0.405
E L  1ZD7B                 95    0.398  72.872   0.000   0.130   0.581   0.289
E T  1ZD7B                 96    0.416  57.682   0.000   0.113   0.632   0.255
B L  1ZD7B                 97    0.180  32.993   0.000   0.190   0.444   0.367
E E  1ZD7B                 98    0.596 104.111   0.000   0.193   0.260   0.547
E N  1ZD7B                 99    0.606  88.685   0.000   0.125   0.181   0.694
B I  1ZD7B                100    0.192  35.595   0.000   0.137   0.138   0.725
E K  1ZD7B                101    0.615 126.534   0.000   0.202   0.057   0.741
E Q  1ZD7B                102    0.542  96.871   0.000   0.156   0.078   0.766
E T  1ZD7B                103    0.383  53.162   0.000   0.464   0.019   0.517
E E  1ZD7B                104    0.674 117.801   0.000   0.480   0.018   0.502
E E  1ZD7B                105    0.538  94.030   0.000   0.486   0.064   0.450
B A  1ZD7B                106    0.223  24.535   0.000   0.462   0.072   0.466
E L  1ZD7B                107    0.322  59.041   0.000   0.356   0.125   0.519
E D  1ZD7B                108    0.557  80.274   0.000   0.241   0.048   0.711
E N  1ZD7B                109    0.609  89.221   0.000   0.187   0.029   0.784
E H  1ZD7B                110    0.540  98.137   0.000   0.098   0.040   0.861
E R  1ZD7B                111    0.581 132.943   0.000   0.073   0.159   0.769
E L  1ZD7B                112    0.317  57.967   0.000   0.011   0.189   0.800
E P  1ZD7B                113    0.532  75.468   0.000   0.007   0.186   0.808
E F  1ZD7B                114    0.272  54.580   0.000   0.041   0.094   0.864
E P  1ZD7B                115    0.454  64.437   0.000   0.145   0.078   0.777
E L  1ZD7B                116    0.401  73.489   0.000   0.205   0.084   0.712
E L  1ZD7B                117    0.412  75.367   0.000   0.203   0.072   0.725
E D  1ZD7B                118    0.746 107.552   0.000   0.143   0.058   0.799
E A  1ZD7B                119    0.515  56.785   0.000   0.105   0.031   0.864
E G  1ZD7B                120    0.443  34.892   0.000   0.028   0.135   0.837
E T  1ZD7B                121    0.305  42.278   0.000   0.008   0.449   0.543
B I  1ZD7B                122    0.194  35.943   0.000   0.006   0.885   0.109
E K  1ZD7B                123    0.441  90.802   0.000   0.003   0.922   0.075
B V  1ZD7B                124    0.069  10.586   0.000   0.001   0.940   0.059
E K  1ZD7B                125    0.419  86.224   0.000   0.002   0.898   0.100
B V  1ZD7B                126    0.047   7.213   0.000   0.000   0.981   0.018
E I  1ZD7B                127    0.329  60.868   0.000   0.000   0.986   0.014
B G  1ZD7B                128    0.202  15.906   0.000   0.000   0.996   0.004
E R  1ZD7B                129    0.410  93.898   0.000   0.001   0.984   0.016
E R  1ZD7B                130    0.511 117.052   0.000   0.000   0.976   0.023
E S  1ZD7B                131    0.478  56.050   0.000   0.000   0.981   0.019
E L  1ZD7B                132    0.364  66.602   0.000   0.001   0.853   0.146
E G  1ZD7B                133    0.350  27.576   0.000   0.000   0.980   0.020
E V  1ZD7B                134    0.537  82.549   0.000   0.000   0.963   0.036
E Q  1ZD7B                135    0.270  48.193   0.000   0.000   0.962   0.038
E R  1ZD7B                136    0.469 107.330   0.000   0.000   0.942   0.058
B I  1ZD7B                137    0.046   8.491   0.000   0.001   0.959   0.040
B F  1ZD7B                138    0.157  31.564   0.000   0.001   0.976   0.023
B D  1ZD7B                139    0.159  22.969   0.000   0.001   0.966   0.033
B I  1ZD7B                140    0.060  11.043   0.000   0.001   0.937   0.062
B G  1ZD7B                141    0.245  19.278   0.000   0.001   0.919   0.080
B L  1ZD7B                142    0.083  15.230   0.000   0.001   0.602   0.398
E P  1ZD7B                143    0.342  48.554   0.000   0.010   0.175   0.815
E Q  1ZD7B                144    0.637 113.851   0.000   0.104   0.010   0.886
E D  1ZD7B                145    0.586  84.455   0.000   0.111   0.028   0.861
B H  1ZD7B                146    0.193  35.039   0.000   0.092   0.308   0.600
B N  1ZD7B                147    0.159  23.241   0.000   0.022   0.597   0.381
B F  1ZD7B                148    0.133  26.675   0.000   0.018   0.871   0.111
B L  1ZD7B                149    0.102  18.597   0.000   0.016   0.926   0.058
B L  1ZD7B                150    0.079  14.519   0.000   0.014   0.869   0.117
B A  1ZD7B                151    0.218  23.992   0.000   0.034   0.750   0.216
E N  1ZD7B                152    0.527  77.179   0.000   0.054   0.035   0.911
E G  1ZD7B                153    0.329  25.900   0.000   0.047   0.016   0.937
B A  1ZD7B                154    0.184  20.318   0.000   0.004   0.766   0.230
B I  1ZD7B                155    0.114  21.157   0.000   0.001   0.931   0.068
B A  1ZD7B                156    0.140  15.452   0.000   0.001   0.892   0.107
B A  1ZD7B                157    0.182  20.086   0.000   0.001   0.828   0.172
E N  1ZD7B                158    0.406  59.449   0.000   0.000   0.018   0.982
