# For publication of results, please cite:
# ...
# ... Michael Schantz Klausen, Martin Closter Jespersen, Henrik Nielsen, Kamilla Kjærgaard Jensen, 
# ... Vanessa Isabell Jurtz, Casper Kaae Sønderby, Morten Otto Alexander Sommer, Ole Winther, 
# ... Morten Nielsen, Bent Petersen, and Paolo Marcatili. 
# ... NetSurfP-2.0: Improved prediction of protein structural features by integrated deep learning.
# ... Proteins: Structure, Function, and Bioinformatics (Feb. 2019).
# ... https://doi.org/10.1002/prot.25674
# ...
#
# Column 1: Class assignment - B for buried or E for Exposed - Threshold: 25% exposure, but not based on RSA
# Column 2: Amino acid
# Column 3: Sequence name
# Column 4: Amino acid number
# Column 5: Relative Surface Accessibility - RSA
# Column 6: Absolute Surface Accessibility
# Column 7: Not used
# Column 8: Probability for Alpha-Helix
# Column 9: Probability for Beta-strand
# Column 10: Probability for Coil
E M  2CJRB                  1    0.905 181.072   0.000   0.000   0.000   1.000
E H  2CJRB                  2    0.838 152.520   0.000   0.000   0.000   1.000
E H  2CJRB                  3    0.769 139.963   0.000   0.001   0.000   0.999
E H  2CJRB                  4    0.753 137.017   0.000   0.001   0.000   0.999
E H  2CJRB                  5    0.744 135.312   0.000   0.001   0.000   0.999
E H  2CJRB                  6    0.734 133.576   0.000   0.001   0.000   0.999
E H  2CJRB                  7    0.733 133.414   0.000   0.001   0.000   0.998
E A  2CJRB                  8    0.724  79.767   0.000   0.002   0.001   0.997
E M  2CJRB                  9    0.697 139.536   0.000   0.002   0.001   0.997
E G  2CJRB                 10    0.727  57.251   0.000   0.002   0.001   0.996
E T  2CJRB                 11    0.753 104.442   0.000   0.004   0.002   0.994
E K  2CJRB                 12    0.674 138.672   0.000   0.008   0.007   0.985
E K  2CJRB                 13    0.632 129.926   0.000   0.014   0.010   0.976
E S  2CJRB                 14    0.635  74.430   0.000   0.022   0.008   0.969
E A  2CJRB                 15    0.556  61.248   0.000   0.146   0.004   0.851
E A  2CJRB                 16    0.595  65.544   0.000   0.157   0.002   0.841
E E  2CJRB                 17    0.591 103.181   0.000   0.211   0.004   0.785
E A  2CJRB                 18    0.522  57.556   0.000   0.264   0.002   0.734
E S  2CJRB                 19    0.648  75.914   0.000   0.209   0.004   0.786
E K  2CJRB                 20    0.754 155.079   0.000   0.151   0.006   0.843
E K  2CJRB                 21    0.569 117.008   0.000   0.007   0.015   0.978
E P  2CJRB                 22    0.480  68.070   0.000   0.010   0.030   0.959
E R  2CJRB                 23    0.572 130.880   0.000   0.026   0.287   0.686
E Q  2CJRB                 24    0.454  81.055   0.000   0.037   0.418   0.545
E K  2CJRB                 25    0.531 109.269   0.000   0.017   0.393   0.589
E R  2CJRB                 26    0.409  93.713   0.000   0.013   0.399   0.588
E T  2CJRB                 27    0.535  74.261   0.000   0.010   0.276   0.715
B A  2CJRB                 28    0.226  24.886   0.000   0.007   0.105   0.888
E T  2CJRB                 29    0.456  63.189   0.000   0.017   0.064   0.919
E K  2CJRB                 30    0.708 145.581   0.000   0.027   0.004   0.969
E Q  2CJRB                 31    0.818 146.158   0.000   0.047   0.005   0.947
E Y  2CJRB                 32    0.329  70.410   0.000   0.024   0.024   0.952
E N  2CJRB                 33    0.434  63.551   0.000   0.019   0.077   0.904
B V  2CJRB                 34    0.131  20.180   0.000   0.939   0.002   0.058
E T  2CJRB                 35    0.428  59.425   0.000   0.985   0.002   0.013
E Q  2CJRB                 36    0.523  93.341   0.000   0.988   0.002   0.010
B A  2CJRB                 37    0.130  14.333   0.000   0.941   0.002   0.058
B F  2CJRB                 38    0.185  37.156   0.000   0.642   0.027   0.332
E G  2CJRB                 39    0.291  22.930   0.000   0.007   0.066   0.927
E R  2CJRB                 40    0.609 139.500   0.000   0.014   0.097   0.889
E R  2CJRB                 41    0.285  65.165   0.000   0.004   0.044   0.952
E G  2CJRB                 42    0.265  20.883   0.000   0.019   0.035   0.946
E P  2CJRB                 43    0.614  87.092   0.000   0.485   0.004   0.511
E E  2CJRB                 44    0.776 135.584   0.000   0.421   0.005   0.574
E Q  2CJRB                 45    0.544  97.169   0.000   0.455   0.023   0.522
E T  2CJRB                 46    0.410  56.802   0.000   0.387   0.054   0.559
E Q  2CJRB                 47    0.582 103.884   0.000   0.339   0.046   0.615
E G  2CJRB                 48    0.371  29.221   0.000   0.261   0.026   0.713
E N  2CJRB                 49    0.294  42.997   0.000   0.173   0.103   0.724
E F  2CJRB                 50    0.258  51.796   0.000   0.145   0.087   0.767
E G  2CJRB                 51    0.300  23.616   0.000   0.070   0.053   0.877
E D  2CJRB                 52    0.467  67.261   0.000   0.099   0.004   0.897
E Q  2CJRB                 53    0.607 108.437   0.000   0.924   0.000   0.076
E D  2CJRB                 54    0.628  90.522   0.000   0.956   0.000   0.044
B L  2CJRB                 55    0.178  32.665   0.000   0.988   0.000   0.012
B I  2CJRB                 56    0.147  27.208   0.000   0.992   0.000   0.008
E R  2CJRB                 57    0.546 125.016   0.000   0.993   0.000   0.007
E Q  2CJRB                 58    0.456  81.492   0.000   0.962   0.000   0.037
B G  2CJRB                 59    0.046   3.659   0.000   0.919   0.001   0.080
E T  2CJRB                 60    0.272  37.743   0.000   0.817   0.010   0.173
E D  2CJRB                 61    0.755 108.784   0.000   0.616   0.002   0.382
E Y  2CJRB                 62    0.306  65.358   0.000   0.035   0.002   0.964
E K  2CJRB                 63    0.737 151.671   0.000   0.096   0.001   0.904
E H  2CJRB                 64    0.303  55.069   0.000   0.163   0.002   0.835
B W  2CJRB                 65    0.168  40.345   0.000   0.960   0.001   0.039
E P  2CJRB                 66    0.333  47.182   0.000   0.975   0.001   0.025
E Q  2CJRB                 67    0.369  65.973   0.000   0.981   0.001   0.018
B I  2CJRB                 68    0.118  21.789   0.000   0.986   0.000   0.014
B A  2CJRB                 69    0.183  20.139   0.000   0.933   0.001   0.066
E Q  2CJRB                 70    0.642 114.629   0.000   0.637   0.003   0.360
E F  2CJRB                 71    0.409  82.027   0.000   0.327   0.003   0.670
B A  2CJRB                 72    0.241  26.564   0.000   0.004   0.006   0.991
E P  2CJRB                 73    0.334  47.443   0.000   0.002   0.004   0.994
E S  2CJRB                 74    0.408  47.843   0.000   0.010   0.016   0.974
E A  2CJRB                 75    0.497  54.779   0.000   0.931   0.001   0.068
E S  2CJRB                 76    0.681  79.781   0.000   0.976   0.000   0.024
E A  2CJRB                 77    0.322  35.479   0.000   0.947   0.002   0.051
E F  2CJRB                 78    0.286  57.425   0.000   0.894   0.007   0.100
E F  2CJRB                 79    0.560 112.432   0.000   0.616   0.025   0.359
E G  2CJRB                 80    0.710  55.885   0.000   0.267   0.012   0.720
E M  2CJRB                 81    0.576 115.284   0.000   0.102   0.037   0.861
E S  2CJRB                 82    0.279  32.690   0.000   0.021   0.249   0.730
E R  2CJRB                 83    0.652 149.399   0.000   0.010   0.768   0.222
E I  2CJRB                 84    0.359  66.381   0.000   0.001   0.895   0.104
E G  2CJRB                 85    0.382  30.087   0.000   0.000   0.985   0.015
E M  2CJRB                 86    0.501 100.159   0.000   0.000   0.979   0.020
E E  2CJRB                 87    0.632 110.351   0.000   0.000   0.998   0.002
E V  2CJRB                 88    0.601  92.404   0.000   0.000   0.992   0.008
E T  2CJRB                 89    0.301  41.760   0.000   0.000   0.667   0.333
E P  2CJRB                 90    0.908 128.890   0.000   0.003   0.003   0.994
E S  2CJRB                 91    0.753  88.300   0.000   0.006   0.001   0.993
B G  2CJRB                 92    0.246  19.343   0.000   0.005   0.544   0.451
B T  2CJRB                 93    0.159  21.990   0.000   0.000   0.707   0.293
E W  2CJRB                 94    0.313  75.252   0.000   0.000   0.988   0.012
B L  2CJRB                 95    0.051   9.280   0.000   0.000   0.998   0.002
E T  2CJRB                 96    0.252  34.883   0.000   0.000   0.997   0.003
B Y  2CJRB                 97    0.084  17.847   0.000   0.000   0.996   0.004
E H  2CJRB                 98    0.442  80.454   0.000   0.000   0.994   0.006
B G  2CJRB                 99    0.145  11.401   0.000   0.000   0.983   0.017
E A  2CJRB                100    0.286  31.557   0.000   0.000   0.975   0.025
B I  2CJRB                101    0.128  23.685   0.000   0.000   0.950   0.050
E K  2CJRB                102    0.511 105.165   0.000   0.000   0.915   0.085
B L  2CJRB                103    0.065  11.964   0.000   0.000   0.582   0.418
E D  2CJRB                104    0.468  67.373   0.000   0.001   0.261   0.737
E D  2CJRB                105    0.644  92.755   0.000   0.006   0.000   0.993
E K  2CJRB                106    0.870 178.937   0.000   0.009   0.000   0.991
B D  2CJRB                107    0.217  31.338   0.000   0.001   0.002   0.997
E P  2CJRB                108    0.721 102.258   0.000   0.195   0.002   0.803
E Q  2CJRB                109    0.453  80.933   0.000   0.256   0.002   0.742
B F  2CJRB                110    0.141  28.333   0.000   0.947   0.002   0.051
E K  2CJRB                111    0.681 140.081   0.000   0.971   0.000   0.029
E D  2CJRB                112    0.598  86.145   0.000   0.957   0.001   0.043
B N  2CJRB                113    0.188  27.579   0.000   0.958   0.001   0.042
B V  2CJRB                114    0.207  31.805   0.000   0.997   0.000   0.003
E I  2CJRB                115    0.485  89.793   0.000   0.999   0.000   0.001
B L  2CJRB                116    0.218  39.896   0.000   0.999   0.000   0.001
B L  2CJRB                117    0.060  11.051   0.000   0.998   0.000   0.002
E N  2CJRB                118    0.443  64.786   0.000   0.992   0.000   0.008
E K  2CJRB                119    0.602 123.763   0.000   0.978   0.000   0.022
B H  2CJRB                120    0.226  41.060   0.000   0.942   0.000   0.057
B I  2CJRB                121    0.138  25.469   0.000   0.830   0.029   0.141
E D  2CJRB                122    0.481  69.274   0.000   0.779   0.032   0.190
E A  2CJRB                123    0.255  28.059   0.000   0.853   0.009   0.138
E Y  2CJRB                124    0.333  71.229   0.000   0.795   0.024   0.181
E K  2CJRB                125    0.623 128.171   0.000   0.626   0.024   0.350
E T  2CJRB                126    0.727 100.795   0.000   0.344   0.021   0.636
E F  2CJRB                127    0.493  99.036   0.000   0.007   0.007   0.986
E P  2CJRB                128    0.880 124.857   0.000   0.001   0.000   0.999
