# For publication of results, please cite:
# ...
# ... Michael Schantz Klausen, Martin Closter Jespersen, Henrik Nielsen, Kamilla Kjærgaard Jensen, 
# ... Vanessa Isabell Jurtz, Casper Kaae Sønderby, Morten Otto Alexander Sommer, Ole Winther, 
# ... Morten Nielsen, Bent Petersen, and Paolo Marcatili. 
# ... NetSurfP-2.0: Improved prediction of protein structural features by integrated deep learning.
# ... Proteins: Structure, Function, and Bioinformatics (Feb. 2019).
# ... https://doi.org/10.1002/prot.25674
# ...
#
# Column 1: Class assignment - B for buried or E for Exposed - Threshold: 25% exposure, but not based on RSA
# Column 2: Amino acid
# Column 3: Sequence name
# Column 4: Amino acid number
# Column 5: Relative Surface Accessibility - RSA
# Column 6: Absolute Surface Accessibility
# Column 7: Not used
# Column 8: Probability for Alpha-Helix
# Column 9: Probability for Beta-strand
# Column 10: Probability for Coil
B M  2HL0A                  1    0.232  46.458   0.000   0.000   0.006   0.994
E R  2HL0A                  2    0.299  68.448   0.000   0.000   0.922   0.078
B V  2HL0A                  3    0.018   2.750   0.000   0.000   0.997   0.003
B L  2HL0A                  4    0.014   2.563   0.000   0.000   0.999   0.001
B L  2HL0A                  5    0.019   3.480   0.000   0.000   0.999   0.001
B I  2HL0A                  6    0.024   4.422   0.000   0.000   0.989   0.010
B H  2HL0A                  7    0.131  23.784   0.000   0.000   0.893   0.107
B S  2HL0A                  8    0.027   3.136   0.000   0.004   0.674   0.322
E D  2HL0A                  9    0.380  54.791   0.000   0.005   0.305   0.691
E Y  2HL0A                 10    0.369  78.841   0.000   0.005   0.842   0.153
B I  2HL0A                 11    0.071  13.043   0.000   0.000   0.974   0.026
E E  2HL0A                 12    0.287  50.199   0.000   0.001   0.992   0.007
B Y  2HL0A                 13    0.143  30.512   0.000   0.000   0.990   0.010
E E  2HL0A                 14    0.419  73.235   0.000   0.001   0.968   0.031
B V  2HL0A                 15    0.194  29.858   0.000   0.001   0.975   0.024
E K  2HL0A                 16    0.461  94.749   0.000   0.016   0.538   0.445
E D  2HL0A                 17    0.531  76.457   0.000   0.024   0.673   0.303
E K  2HL0A                 18    0.527 108.428   0.000   0.047   0.397   0.556
E A  2HL0A                 19    0.347  38.257   0.000   0.072   0.262   0.665
E L  2HL0A                 20    0.289  52.881   0.000   0.038   0.393   0.569
E K  2HL0A                 21    0.686 141.203   0.000   0.021   0.143   0.836
E N  2HL0A                 22    0.720 105.390   0.000   0.002   0.048   0.951
B P  2HL0A                 23    0.242  34.274   0.000   0.020   0.086   0.895
E E  2HL0A                 24    0.569  99.387   0.000   0.009   0.317   0.674
E P  2HL0A                 25    0.635  90.141   0.000   0.012   0.419   0.569
B I  2HL0A                 26    0.154  28.533   0.000   0.010   0.026   0.965
E S  2HL0A                 27    0.475  55.644   0.000   0.037   0.005   0.958
E E  2HL0A                 28    0.804 140.406   0.000   0.720   0.001   0.279
E D  2HL0A                 29    0.700 100.900   0.000   0.746   0.001   0.252
B M  2HL0A                 30    0.172  34.424   0.000   0.763   0.005   0.233
E K  2HL0A                 31    0.427  87.885   0.000   0.673   0.013   0.314
E R  2HL0A                 32    0.650 148.738   0.000   0.292   0.024   0.684
E G  2HL0A                 33    0.340  26.747   0.000   0.047   0.033   0.920
E R  2HL0A                 34    0.457 104.707   0.000   0.025   0.386   0.590
B M  2HL0A                 35    0.056  11.284   0.000   0.025   0.790   0.185
E E  2HL0A                 36    0.438  76.487   0.000   0.009   0.747   0.244
E E  2HL0A                 37    0.377  65.808   0.000   0.003   0.867   0.130
B V  2HL0A                 38    0.016   2.443   0.000   0.000   0.951   0.049
B L  2HL0A                 39    0.031   5.713   0.000   0.000   0.996   0.004
B V  2HL0A                 40    0.016   2.467   0.000   0.000   1.000   0.000
B A  2HL0A                 41    0.006   0.610   0.000   0.000   0.999   0.001
B F  2HL0A                 42    0.074  14.867   0.000   0.000   0.992   0.007
B I  2HL0A                 43    0.023   4.196   0.000   0.000   0.968   0.032
B S  2HL0A                 44    0.074   8.731   0.000   0.000   0.959   0.041
B V  2HL0A                 45    0.043   6.550   0.000   0.001   0.889   0.110
B E  2HL0A                 46    0.150  26.243   0.000   0.002   0.475   0.522
E K  2HL0A                 47    0.535 110.121   0.000   0.563   0.032   0.405
E V  2HL0A                 48    0.451  69.292   0.000   0.519   0.009   0.471
B D  2HL0A                 49    0.158  22.783   0.000   0.441   0.015   0.545
E E  2HL0A                 50    0.665 116.253   0.000   0.186   0.002   0.812
E K  2HL0A                 51    0.785 161.493   0.000   0.139   0.001   0.861
E N  2HL0A                 52    0.526  76.949   0.000   0.007   0.001   0.992
E P  2HL0A                 53    0.270  38.244   0.000   0.938   0.000   0.062
E E  2HL0A                 54    0.669 116.908   0.000   0.955   0.000   0.045
E E  2HL0A                 55    0.576 100.682   0.000   0.973   0.000   0.026
B V  2HL0A                 56    0.064   9.881   0.000   0.993   0.000   0.007
B S  2HL0A                 57    0.080   9.399   0.000   0.995   0.000   0.005
E L  2HL0A                 58    0.415  76.029   0.000   0.998   0.000   0.002
E K  2HL0A                 59    0.419  86.165   0.000   0.999   0.000   0.001
B A  2HL0A                 60    0.010   1.112   0.000   1.000   0.000   0.000
B I  2HL0A                 61    0.078  14.364   0.000   0.999   0.000   0.001
E E  2HL0A                 62    0.568  99.166   0.000   0.999   0.000   0.001
B E  2HL0A                 63    0.230  40.204   0.000   0.998   0.000   0.002
B I  2HL0A                 64    0.008   1.522   0.000   0.999   0.000   0.001
B S  2HL0A                 65    0.242  28.317   0.000   0.999   0.000   0.001
E K  2HL0A                 66    0.527 108.341   0.000   0.998   0.000   0.002
B V  2HL0A                 67    0.054   8.313   0.000   0.999   0.000   0.001
B A  2HL0A                 68    0.010   1.125   0.000   0.998   0.000   0.002
E E  2HL0A                 69    0.675 117.982   0.000   0.985   0.000   0.015
E Q  2HL0A                 70    0.623 111.226   0.000   0.960   0.000   0.040
B V  2HL0A                 71    0.164  25.218   0.000   0.569   0.001   0.430
E K  2HL0A                 72    0.807 166.009   0.000   0.001   0.001   0.998
B A  2HL0A                 73    0.044   4.870   0.000   0.001   0.023   0.976
E E  2HL0A                 74    0.571  99.716   0.000   0.001   0.035   0.964
B N  2HL0A                 75    0.199  29.144   0.000   0.000   0.946   0.054
B V  2HL0A                 76    0.009   1.420   0.000   0.000   0.999   0.001
B F  2HL0A                 77    0.014   2.747   0.000   0.000   1.000   0.000
B V  2HL0A                 78    0.007   1.135   0.000   0.000   0.997   0.003
B Y  2HL0A                 79    0.091  19.481   0.000   0.000   0.690   0.309
B P  2HL0A                 80    0.088  12.471   0.000   0.014   0.376   0.610
E F  2HL0A                 81    0.270  54.286   0.000   0.028   0.118   0.855
E A  2HL0A                 82    0.264  29.050   0.000   0.293   0.051   0.656
E H  2HL0A                 83    0.523  95.047   0.000   0.263   0.120   0.618
E L  2HL0A                 84    0.316  57.769   0.000   0.193   0.191   0.616
E S  2HL0A                 85    0.269  31.504   0.000   0.064   0.143   0.793
E S  2HL0A                 86    0.624  73.121   0.000   0.163   0.006   0.832
E E  2HL0A                 87    0.764 133.494   0.000   0.177   0.005   0.818
E L  2HL0A                 88    0.387  70.796   0.000   0.168   0.027   0.805
B A  2HL0A                 89    0.172  18.985   0.000   0.019   0.049   0.932
E K  2HL0A                 90    0.593 121.919   0.000   0.003   0.001   0.996
E P  2HL0A                 91    0.424  60.183   0.000   0.963   0.000   0.037
E S  2HL0A                 92    0.645  75.643   0.000   0.970   0.000   0.030
B V  2HL0A                 93    0.246  37.854   0.000   0.991   0.000   0.009
B A  2HL0A                 94    0.024   2.673   0.000   0.993   0.000   0.007
E M  2HL0A                 95    0.269  53.788   0.000   0.998   0.000   0.002
E D  2HL0A                 96    0.539  77.718   0.000   0.999   0.000   0.001
B I  2HL0A                 97    0.045   8.384   0.000   0.999   0.000   0.001
B L  2HL0A                 98    0.048   8.873   0.000   0.999   0.000   0.001
E N  2HL0A                 99    0.500  73.203   0.000   0.999   0.000   0.001
E R  2HL0A                100    0.455 104.224   0.000   0.998   0.000   0.002
B V  2HL0A                101    0.012   1.881   0.000   0.999   0.000   0.001
B Y  2HL0A                102    0.242  51.714   0.000   0.999   0.000   0.001
E Q  2HL0A                103    0.540  96.522   0.000   0.999   0.000   0.001
B G  2HL0A                104    0.167  13.173   0.000   0.998   0.000   0.002
B L  2HL0A                105    0.011   2.080   0.000   0.996   0.000   0.004
E K  2HL0A                106    0.556 114.387   0.000   0.991   0.000   0.009
E E  2HL0A                107    0.817 142.782   0.000   0.917   0.000   0.083
E R  2HL0A                108    0.465 106.560   0.000   0.136   0.000   0.863
E G  2HL0A                109    0.651  51.201   0.000   0.001   0.000   0.999
B F  2HL0A                110    0.113  22.628   0.000   0.000   0.034   0.966
E N  2HL0A                111    0.583  85.377   0.000   0.000   0.814   0.186
B V  2HL0A                112    0.165  25.373   0.000   0.000   0.991   0.009
B G  2HL0A                113    0.166  13.083   0.000   0.000   0.998   0.002
E K  2HL0A                114    0.445  91.450   0.000   0.000   0.981   0.019
B A  2HL0A                115    0.057   6.304   0.000   0.000   0.409   0.591
E P  2HL0A                116    0.450  63.842   0.000   0.005   0.119   0.876
E F  2HL0A                117    0.378  75.834   0.000   0.007   0.153   0.839
E G  2HL0A                118    0.295  23.222   0.000   0.044   0.245   0.711
E Y  2HL0A                119    0.527 112.648   0.000   0.042   0.111   0.847
E Y  2HL0A                120    0.547 117.000   0.000   0.044   0.091   0.865
E K  2HL0A                121    0.330  67.850   0.000   0.028   0.325   0.648
B A  2HL0A                122    0.223  24.602   0.000   0.018   0.711   0.270
B F  2HL0A                123    0.114  22.865   0.000   0.007   0.936   0.057
E K  2HL0A                124    0.481  98.951   0.000   0.004   0.960   0.036
B I  2HL0A                125    0.110  20.411   0.000   0.002   0.964   0.033
E S  2HL0A                126    0.404  47.302   0.000   0.006   0.888   0.107
B C  2HL0A                127    0.098  13.820   0.000   0.004   0.752   0.243
E K  2HL0A                128    0.600 123.345   0.000   0.005   0.211   0.784
E G  2HL0A                129    0.784  61.663   0.000   0.003   0.008   0.989
E H  2HL0A                130    0.272  49.466   0.000   0.018   0.053   0.929
E P  2HL0A                131    0.651  92.408   0.000   0.474   0.009   0.517
E L  2HL0A                132    0.411  75.215   0.000   0.540   0.016   0.444
B A  2HL0A                133    0.166  18.248   0.000   0.681   0.067   0.252
E E  2HL0A                134    0.598 104.531   0.000   0.717   0.128   0.154
E L  2HL0A                135    0.485  88.732   0.000   0.487   0.312   0.201
E S  2HL0A                136    0.382  44.716   0.000   0.272   0.358   0.370
E R  2HL0A                137    0.446 102.155   0.000   0.036   0.663   0.301
E T  2HL0A                138    0.513  71.196   0.000   0.014   0.870   0.116
E I  2HL0A                139    0.330  60.974   0.000   0.006   0.865   0.130
E V  2HL0A                140    0.474  72.835   0.000   0.001   0.417   0.582
E P  2HL0A                141    0.560  79.394   0.000   0.004   0.319   0.676
E E  2HL0A                142    0.748 130.633   0.000   0.011   0.011   0.978
E E  2HL0A                143    0.938 163.859   0.000   0.001   0.000   0.998
