# For publication of results, please cite:
# ...
# ... Michael Schantz Klausen, Martin Closter Jespersen, Henrik Nielsen, Kamilla Kjærgaard Jensen, 
# ... Vanessa Isabell Jurtz, Casper Kaae Sønderby, Morten Otto Alexander Sommer, Ole Winther, 
# ... Morten Nielsen, Bent Petersen, and Paolo Marcatili. 
# ... NetSurfP-2.0: Improved prediction of protein structural features by integrated deep learning.
# ... Proteins: Structure, Function, and Bioinformatics (Feb. 2019).
# ... https://doi.org/10.1002/prot.25674
# ...
#
# Column 1: Class assignment - B for buried or E for Exposed - Threshold: 25% exposure, but not based on RSA
# Column 2: Amino acid
# Column 3: Sequence name
# Column 4: Amino acid number
# Column 5: Relative Surface Accessibility - RSA
# Column 6: Absolute Surface Accessibility
# Column 7: Not used
# Column 8: Probability for Alpha-Helix
# Column 9: Probability for Beta-strand
# Column 10: Probability for Coil
E M  1WD5A                  1    0.482  96.547   0.000   0.001   0.003   0.996
E R  1WD5A                  2    0.492 112.779   0.000   0.004   0.541   0.454
B F  1WD5A                  3    0.141  28.213   0.000   0.023   0.389   0.588
E R  1WD5A                  4    0.569 130.267   0.000   0.027   0.049   0.923
E D  1WD5A                  5    0.350  50.410   0.000   0.033   0.021   0.946
B R  1WD5A                  6    0.211  48.345   0.000   0.942   0.003   0.055
E R  1WD5A                  7    0.467 106.967   0.000   0.969   0.002   0.029
E H  1WD5A                  8    0.371  67.543   0.000   0.957   0.003   0.041
B A  1WD5A                  9    0.009   0.997   0.000   0.993   0.000   0.006
B G  1WD5A                 10    0.009   0.714   0.000   0.997   0.000   0.003
E A  1WD5A                 11    0.251  27.687   0.000   0.999   0.000   0.001
B L  1WD5A                 12    0.167  30.575   0.000   0.999   0.000   0.001
B L  1WD5A                 13    0.007   1.240   0.000   0.999   0.000   0.001
B A  1WD5A                 14    0.015   1.688   0.000   0.999   0.000   0.001
E E  1WD5A                 15    0.588 102.677   0.000   0.998   0.000   0.002
B A  1WD5A                 16    0.214  23.629   0.000   0.990   0.000   0.009
B L  1WD5A                 17    0.006   1.059   0.000   0.923   0.000   0.077
E A  1WD5A                 18    0.346  38.125   0.000   0.894   0.000   0.105
E P  1WD5A                 19    0.649  92.113   0.000   0.880   0.000   0.120
E L  1WD5A                 20    0.323  59.087   0.000   0.756   0.001   0.243
E G  1WD5A                 21    0.695  54.735   0.000   0.010   0.001   0.989
B L  1WD5A                 22    0.124  22.760   0.000   0.005   0.008   0.987
E E  1WD5A                 23    0.825 144.129   0.000   0.003   0.003   0.994
B A  1WD5A                 24    0.218  24.048   0.000   0.002   0.006   0.992
B P  1WD5A                 25    0.184  26.039   0.000   0.000   0.014   0.986
B V  1WD5A                 26    0.032   4.891   0.000   0.000   0.979   0.021
B V  1WD5A                 27    0.006   0.970   0.000   0.000   1.000   0.000
B L  1WD5A                 28    0.004   0.745   0.000   0.000   0.997   0.003
B G  1WD5A                 29    0.014   1.096   0.000   0.000   0.925   0.075
B L  1WD5A                 30    0.030   5.528   0.000   0.000   0.525   0.475
B P  1WD5A                 31    0.166  23.579   0.000   0.017   0.244   0.739
E R  1WD5A                 32    0.455 104.285   0.000   0.337   0.008   0.656
E G  1WD5A                 33    0.331  26.050   0.000   0.298   0.003   0.699
B G  1WD5A                 34    0.021   1.691   0.000   0.788   0.002   0.210
B V  1WD5A                 35    0.140  21.592   0.000   0.968   0.002   0.031
E V  1WD5A                 36    0.275  42.218   0.000   0.994   0.001   0.006
B V  1WD5A                 37    0.056   8.613   0.000   0.995   0.000   0.005
B A  1WD5A                 38    0.003   0.287   0.000   0.998   0.000   0.002
E D  1WD5A                 39    0.316  45.478   0.000   0.999   0.000   0.001
E E  1WD5A                 40    0.292  50.993   0.000   0.999   0.000   0.001
B V  1WD5A                 41    0.006   0.903   0.000   0.999   0.000   0.001
B A  1WD5A                 42    0.024   2.660   0.000   0.998   0.000   0.002
E R  1WD5A                 43    0.639 146.309   0.000   0.995   0.000   0.005
E R  1WD5A                 44    0.444 101.590   0.000   0.975   0.000   0.025
B L  1WD5A                 45    0.103  18.795   0.000   0.525   0.000   0.475
E G  1WD5A                 46    0.670  52.758   0.000   0.012   0.001   0.987
E G  1WD5A                 47    0.322  25.376   0.000   0.014   0.007   0.979
E E  1WD5A                 48    0.613 107.053   0.000   0.010   0.386   0.603
B L  1WD5A                 49    0.099  18.067   0.000   0.008   0.586   0.406
E D  1WD5A                 50    0.327  47.066   0.000   0.010   0.768   0.223
B V  1WD5A                 51    0.100  15.324   0.000   0.005   0.949   0.045
B V  1WD5A                 52    0.047   7.245   0.000   0.001   0.981   0.018
B L  1WD5A                 53    0.111  20.347   0.000   0.002   0.968   0.030
B V  1WD5A                 54    0.069  10.679   0.000   0.002   0.897   0.101
E R  1WD5A                 55    0.351  80.288   0.000   0.001   0.896   0.103
E K  1WD5A                 56    0.390  80.245   0.000   0.001   0.842   0.156
E V  1WD5A                 57    0.315  48.489   0.000   0.004   0.434   0.562
E G  1WD5A                 58    0.499  39.255   0.000   0.003   0.131   0.866
E A  1WD5A                 59    0.331  36.447   0.000   0.001   0.079   0.920
E P  1WD5A                 60    0.740 104.976   0.000   0.004   0.008   0.988
E G  1WD5A                 61    0.850  66.920   0.000   0.004   0.001   0.995
E N  1WD5A                 62    0.317  46.385   0.000   0.003   0.077   0.920
E P  1WD5A                 63    0.565  80.121   0.000   0.087   0.053   0.860
E E  1WD5A                 64    0.561  98.073   0.000   0.076   0.197   0.727
B F  1WD5A                 65    0.219  43.862   0.000   0.061   0.470   0.469
B A  1WD5A                 66    0.171  18.810   0.000   0.025   0.622   0.353
B L  1WD5A                 67    0.225  41.129   0.000   0.019   0.742   0.240
B G  1WD5A                 68    0.084   6.611   0.000   0.008   0.799   0.194
B A  1WD5A                 69    0.097  10.658   0.000   0.003   0.882   0.115
B V  1WD5A                 70    0.182  27.973   0.000   0.001   0.963   0.036
B G  1WD5A                 71    0.142  11.183   0.000   0.006   0.409   0.585
E E  1WD5A                 72    0.692 120.874   0.000   0.035   0.233   0.733
E G  1WD5A                 73    0.770  60.617   0.000   0.074   0.007   0.918
E G  1WD5A                 74    0.432  33.981   0.000   0.094   0.031   0.875
E E  1WD5A                 75    0.645 112.614   0.000   0.006   0.211   0.783
E L  1WD5A                 76    0.324  59.339   0.000   0.002   0.887   0.111
E V  1WD5A                 77    0.334  51.363   0.000   0.003   0.925   0.072
E L  1WD5A                 78    0.340  62.224   0.000   0.002   0.939   0.058
B M  1WD5A                 79    0.193  38.595   0.000   0.026   0.104   0.870
E P  1WD5A                 80    0.533  75.597   0.000   0.683   0.041   0.276
E Y  1WD5A                 81    0.471 100.717   0.000   0.763   0.020   0.217
B A  1WD5A                 82    0.076   8.398   0.000   0.908   0.009   0.084
B L  1WD5A                 83    0.238  43.559   0.000   0.863   0.010   0.127
E R  1WD5A                 84    0.666 152.574   0.000   0.713   0.007   0.280
E Y  1WD5A                 85    0.548 117.058   0.000   0.568   0.005   0.427
B A  1WD5A                 86    0.146  16.136   0.000   0.050   0.017   0.933
E D  1WD5A                 87    0.593  85.428   0.000   0.030   0.013   0.957
E Q  1WD5A                 88    0.638 114.034   0.000   0.939   0.000   0.060
E S  1WD5A                 89    0.624  73.154   0.000   0.959   0.001   0.041
E Y  1WD5A                 90    0.356  76.062   0.000   0.981   0.001   0.018
B L  1WD5A                 91    0.083  15.215   0.000   0.983   0.001   0.016
E E  1WD5A                 92    0.594 103.830   0.000   0.987   0.000   0.012
E R  1WD5A                 93    0.637 145.953   0.000   0.988   0.000   0.012
B E  1WD5A                 94    0.238  41.620   0.000   0.986   0.000   0.014
B A  1WD5A                 95    0.106  11.726   0.000   0.987   0.000   0.013
E A  1WD5A                 96    0.493  54.333   0.000   0.985   0.000   0.015
E R  1WD5A                 97    0.543 124.422   0.000   0.985   0.000   0.014
E Q  1WD5A                 98    0.250  44.719   0.000   0.982   0.000   0.018
E R  1WD5A                 99    0.397  91.015   0.000   0.987   0.000   0.012
E D  1WD5A                100    0.584  84.087   0.000   0.992   0.000   0.008
E V  1WD5A                101    0.337  51.839   0.000   0.992   0.000   0.008
B L  1WD5A                102    0.113  20.773   0.000   0.993   0.000   0.006
E R  1WD5A                103    0.507 116.039   0.000   0.990   0.000   0.009
E K  1WD5A                104    0.558 114.748   0.000   0.986   0.000   0.014
E R  1WD5A                105    0.258  59.182   0.000   0.988   0.000   0.012
B A  1WD5A                106    0.129  14.200   0.000   0.989   0.000   0.011
E E  1WD5A                107    0.575 100.447   0.000   0.982   0.000   0.018
E R  1WD5A                108    0.479 109.605   0.000   0.961   0.001   0.037
B Y  1WD5A                109    0.127  27.198   0.000   0.947   0.002   0.051
E R  1WD5A                110    0.473 108.252   0.000   0.841   0.005   0.154
E R  1WD5A                111    0.727 166.497   0.000   0.684   0.004   0.312
E V  1WD5A                112    0.398  61.176   0.000   0.550   0.003   0.447
E R  1WD5A                113    0.462 105.771   0.000   0.031   0.004   0.965
E P  1WD5A                114    0.540  76.570   0.000   0.105   0.003   0.892
E K  1WD5A                115    0.710 146.106   0.000   0.152   0.011   0.837
E A  1WD5A                116    0.286  31.503   0.000   0.149   0.009   0.842
E A  1WD5A                117    0.433  47.726   0.000   0.172   0.016   0.812
E R  1WD5A                118    0.256  58.646   0.000   0.314   0.004   0.682
E K  1WD5A                119    0.669 137.569   0.000   0.002   0.004   0.994
E G  1WD5A                120    0.598  47.045   0.000   0.003   0.004   0.993
E R  1WD5A                121    0.316  72.391   0.000   0.001   0.015   0.984
E D  1WD5A                122    0.259  37.307   0.000   0.000   0.896   0.104
B V  1WD5A                123    0.006   0.873   0.000   0.000   0.998   0.002
B V  1WD5A                124    0.006   0.939   0.000   0.000   1.000   0.000
B L  1WD5A                125    0.003   0.541   0.000   0.000   1.000   0.000
B V  1WD5A                126    0.003   0.444   0.000   0.000   0.998   0.002
B D  1WD5A                127    0.048   6.863   0.000   0.000   0.868   0.132
B D  1WD5A                128    0.071  10.170   0.000   0.001   0.522   0.477
B G  1WD5A                129    0.054   4.218   0.000   0.001   0.608   0.391
B V  1WD5A                130    0.021   3.190   0.000   0.000   0.782   0.218
B A  1WD5A                131    0.205  22.554   0.000   0.001   0.010   0.989
E T  1WD5A                132    0.441  61.188   0.000   0.002   0.001   0.997
B G  1WD5A                133    0.120   9.453   0.000   0.028   0.000   0.971
E A  1WD5A                134    0.304  33.448   0.000   0.926   0.000   0.073
B S  1WD5A                135    0.170  19.876   0.000   0.940   0.001   0.059
B M  1WD5A                136    0.026   5.109   0.000   0.979   0.000   0.021
E E  1WD5A                137    0.411  71.886   0.000   0.989   0.000   0.011
B A  1WD5A                138    0.206  22.698   0.000   0.986   0.000   0.014
B A  1WD5A                139    0.004   0.401   0.000   0.988   0.000   0.012
B L  1WD5A                140    0.031   5.721   0.000   0.990   0.000   0.010
E S  1WD5A                141    0.410  48.003   0.000   0.979   0.000   0.021
B V  1WD5A                142    0.099  15.267   0.000   0.980   0.000   0.020
B V  1WD5A                143    0.007   1.025   0.000   0.983   0.000   0.017
E F  1WD5A                144    0.350  70.242   0.000   0.971   0.000   0.029
E Q  1WD5A                145    0.738 131.880   0.000   0.774   0.000   0.226
E E  1WD5A                146    0.362  63.192   0.000   0.307   0.000   0.693
E G  1WD5A                147    0.352  27.669   0.000   0.000   0.000   0.999
B P  1WD5A                148    0.068   9.697   0.000   0.000   0.006   0.994
E R  1WD5A                149    0.557 127.584   0.000   0.000   0.013   0.987
E R  1WD5A                150    0.344  78.682   0.000   0.000   0.921   0.079
B V  1WD5A                151    0.023   3.533   0.000   0.000   0.995   0.005
B V  1WD5A                152    0.060   9.240   0.000   0.000   0.996   0.004
B V  1WD5A                153    0.007   1.013   0.000   0.000   0.996   0.004
B A  1WD5A                154    0.011   1.206   0.000   0.000   0.977   0.023
B V  1WD5A                155    0.006   0.976   0.000   0.000   0.874   0.126
B P  1WD5A                156    0.037   5.244   0.000   0.000   0.736   0.263
B V  1WD5A                157    0.075  11.490   0.000   0.000   0.545   0.455
B A  1WD5A                158    0.181  19.946   0.000   0.001   0.140   0.859
B S  1WD5A                159    0.246  28.796   0.000   0.002   0.002   0.995
E P  1WD5A                160    0.495  70.259   0.000   0.903   0.000   0.097
E E  1WD5A                161    0.615 107.385   0.000   0.922   0.000   0.078
B A  1WD5A                162    0.031   3.375   0.000   0.983   0.000   0.017
B V  1WD5A                163    0.103  15.890   0.000   0.988   0.000   0.012
E E  1WD5A                164    0.677 118.254   0.000   0.988   0.000   0.012
E R  1WD5A                165    0.458 104.965   0.000   0.974   0.000   0.025
B L  1WD5A                166    0.017   3.024   0.000   0.922   0.001   0.078
E K  1WD5A                167    0.499 102.720   0.000   0.616   0.003   0.381
E A  1WD5A                168    0.791  87.145   0.000   0.336   0.000   0.664
E R  1WD5A                169    0.500 114.463   0.000   0.277   0.003   0.721
B A  1WD5A                170    0.102  11.273   0.000   0.002   0.071   0.927
E E  1WD5A                171    0.527  92.048   0.000   0.001   0.826   0.173
B V  1WD5A                172    0.102  15.725   0.000   0.000   0.991   0.009
B V  1WD5A                173    0.112  17.180   0.000   0.000   0.997   0.003
B A  1WD5A                174    0.101  11.140   0.000   0.000   0.949   0.050
B L  1WD5A                175    0.097  17.736   0.000   0.010   0.559   0.432
E S  1WD5A                176    0.297  34.829   0.000   0.004   0.341   0.656
B V  1WD5A                177    0.209  32.119   0.000   0.010   0.045   0.945
E P  1WD5A                178    0.275  39.045   0.000   0.191   0.014   0.794
E Q  1WD5A                179    0.731 130.588   0.000   0.366   0.003   0.631
E D  1WD5A                180    0.496  71.445   0.000   0.285   0.009   0.705
B F  1WD5A                181    0.199  40.001   0.000   0.651   0.021   0.328
E A  1WD5A                182    0.397  43.731   0.000   0.771   0.015   0.214
E A  1WD5A                183    0.353  38.929   0.000   0.750   0.009   0.241
B V  1WD5A                184    0.123  18.954   0.000   0.867   0.004   0.128
B G  1WD5A                185    0.142  11.159   0.000   0.866   0.003   0.131
E A  1WD5A                186    0.410  45.150   0.000   0.859   0.006   0.135
E Y  1WD5A                187    0.414  88.515   0.000   0.834   0.013   0.153
B Y  1WD5A                188    0.199  42.423   0.000   0.687   0.029   0.284
E L  1WD5A                189    0.416  76.102   0.000   0.490   0.018   0.492
E D  1WD5A                190    0.732 105.489   0.000   0.301   0.008   0.691
E F  1WD5A                191    0.290  58.111   0.000   0.247   0.004   0.749
E G  1WD5A                192    0.576  45.356   0.000   0.048   0.009   0.944
E E  1WD5A                193    0.644 112.502   0.000   0.057   0.033   0.910
B V  1WD5A                194    0.105  16.068   0.000   0.005   0.059   0.936
E T  1WD5A                195    0.446  61.874   0.000   0.001   0.011   0.988
E D  1WD5A                196    0.571  82.302   0.000   0.968   0.000   0.032
E E  1WD5A                197    0.740 129.198   0.000   0.982   0.000   0.018
E D  1WD5A                198    0.397  57.267   0.000   0.983   0.000   0.016
B V  1WD5A                199    0.030   4.608   0.000   0.993   0.000   0.007
E E  1WD5A                200    0.437  76.316   0.000   0.989   0.000   0.011
E A  1WD5A                201    0.435  47.990   0.000   0.981   0.000   0.019
B I  1WD5A                202    0.093  17.257   0.000   0.984   0.000   0.016
B L  1WD5A                203    0.111  20.250   0.000   0.958   0.001   0.041
E L  1WD5A                204    0.569 104.128   0.000   0.876   0.001   0.123
E E  1WD5A                205    0.652 113.939   0.000   0.809   0.001   0.190
E W  1WD5A                206    0.268  64.386   0.000   0.553   0.003   0.444
E A  1WD5A                207    0.510  56.156   0.000   0.308   0.010   0.682
E G  1WD5A                208    0.928  72.995   0.000   0.001   0.000   0.999
