# For publication of results, please cite:
# ...
# ... Michael Schantz Klausen, Martin Closter Jespersen, Henrik Nielsen, Kamilla Kjærgaard Jensen, 
# ... Vanessa Isabell Jurtz, Casper Kaae Sønderby, Morten Otto Alexander Sommer, Ole Winther, 
# ... Morten Nielsen, Bent Petersen, and Paolo Marcatili. 
# ... NetSurfP-2.0: Improved prediction of protein structural features by integrated deep learning.
# ... Proteins: Structure, Function, and Bioinformatics (Feb. 2019).
# ... https://doi.org/10.1002/prot.25674
# ...
#
# Column 1: Class assignment - B for buried or E for Exposed - Threshold: 25% exposure, but not based on RSA
# Column 2: Amino acid
# Column 3: Sequence name
# Column 4: Amino acid number
# Column 5: Relative Surface Accessibility - RSA
# Column 6: Absolute Surface Accessibility
# Column 7: Not used
# Column 8: Probability for Alpha-Helix
# Column 9: Probability for Beta-strand
# Column 10: Probability for Coil
E H  3RBYB                  1    0.864 157.137   0.000   0.000   0.001   0.999
E M  3RBYB                  2    0.574 114.906   0.000   0.001   0.022   0.977
E P  3RBYB                  3    0.318  45.106   0.000   0.002   0.040   0.958
E A  3RBYB                  4    0.347  38.222   0.000   0.009   0.529   0.462
B L  3RBYB                  5    0.220  40.365   0.000   0.010   0.760   0.231
B L  3RBYB                  6    0.186  34.142   0.000   0.006   0.885   0.109
E K  3RBYB                  7    0.415  85.390   0.000   0.002   0.944   0.054
B R  3RBYB                  8    0.231  52.834   0.000   0.001   0.943   0.056
E L  3RBYB                  9    0.260  47.694   0.000   0.001   0.935   0.064
E L  3RBYB                 10    0.258  47.275   0.000   0.002   0.920   0.078
B F  3RBYB                 11    0.153  30.694   0.000   0.001   0.924   0.075
E Q  3RBYB                 12    0.410  73.308   0.000   0.000   0.911   0.089
B V  3RBYB                 13    0.212  32.515   0.000   0.001   0.540   0.459
E G  3RBYB                 14    0.256  20.151   0.000   0.001   0.072   0.927
E P  3RBYB                 15    0.489  69.350   0.000   0.001   0.008   0.991
E H  3RBYB                 16    0.576 104.798   0.000   0.001   0.012   0.987
E P  3RBYB                 17    0.350  49.607   0.000   0.003   0.015   0.983
E N  3RBYB                 18    0.631  92.314   0.000   0.004   0.043   0.953
B E  3RBYB                 19    0.249  43.464   0.000   0.003   0.061   0.936
E R  3RBYB                 20    0.573 131.191   0.000   0.003   0.088   0.909
B T  3RBYB                 21    0.082  11.412   0.000   0.004   0.361   0.635
B F  3RBYB                 22    0.139  27.926   0.000   0.003   0.403   0.594
B T  3RBYB                 23    0.062   8.643   0.000   0.000   0.939   0.060
B L  3RBYB                 24    0.017   3.095   0.000   0.000   0.995   0.005
B S  3RBYB                 25    0.064   7.454   0.000   0.000   0.997   0.003
B S  3RBYB                 26    0.020   2.317   0.000   0.000   0.996   0.004
B V  3RBYB                 27    0.142  21.788   0.000   0.000   0.990   0.010
B S  3RBYB                 28    0.033   3.854   0.000   0.000   0.586   0.413
E T  3RBYB                 29    0.523  72.476   0.000   0.006   0.017   0.977
E D  3RBYB                 30    0.585  84.317   0.000   0.005   0.001   0.994
E G  3RBYB                 31    0.255  20.103   0.000   0.004   0.025   0.971
B H  3RBYB                 32    0.244  44.338   0.000   0.000   0.278   0.721
B Y  3RBYB                 33    0.096  20.454   0.000   0.000   0.990   0.010
B I  3RBYB                 34    0.016   2.960   0.000   0.000   0.999   0.001
B S  3RBYB                 35    0.035   4.072   0.000   0.000   0.999   0.001
B L  3RBYB                 36    0.007   1.289   0.000   0.000   0.996   0.004
B R  3RBYB                 37    0.105  23.969   0.000   0.000   0.975   0.025
B P  3RBYB                 38    0.031   4.429   0.000   0.000   0.955   0.044
B F  3RBYB                 39    0.189  37.881   0.000   0.003   0.693   0.305
B V  3RBYB                 40    0.208  31.932   0.000   0.003   0.499   0.498
E K  3RBYB                 41    0.515 105.876   0.000   0.001   0.119   0.880
E P  3RBYB                 42    0.451  64.021   0.000   0.005   0.072   0.923
E S  3RBYB                 43    0.668  78.239   0.000   0.006   0.031   0.963
E G  3RBYB                 44    0.754  59.315   0.000   0.028   0.007   0.965
E D  3RBYB                 45    0.812 117.033   0.000   0.038   0.004   0.958
E E  3RBYB                 46    0.631 110.172   0.000   0.074   0.072   0.853
E L  3RBYB                 47    0.398  72.943   0.000   0.050   0.075   0.875
E S  3RBYB                 48    0.585  68.604   0.000   0.062   0.178   0.760
E F  3RBYB                 49    0.260  52.230   0.000   0.005   0.125   0.869
E P  3RBYB                 50    0.398  56.468   0.000   0.003   0.142   0.855
B F  3RBYB                 51    0.057  11.460   0.000   0.002   0.577   0.420
E E  3RBYB                 52    0.257  44.922   0.000   0.002   0.780   0.217
B W  3RBYB                 53    0.084  20.271   0.000   0.001   0.979   0.021
B A  3RBYB                 54    0.011   1.257   0.000   0.000   0.996   0.003
B F  3RBYB                 55    0.076  15.214   0.000   0.001   0.985   0.014
B A  3RBYB                 56    0.046   5.112   0.000   0.001   0.967   0.032
B G  3RBYB                 57    0.057   4.487   0.000   0.000   0.911   0.089
E T  3RBYB                 58    0.266  36.850   0.000   0.000   0.966   0.033
E N  3RBYB                 59    0.409  59.855   0.000   0.001   0.950   0.049
E E  3RBYB                 60    0.434  75.755   0.000   0.000   0.987   0.013
E T  3RBYB                 61    0.509  70.622   0.000   0.000   0.974   0.026
B V  3RBYB                 62    0.246  37.784   0.000   0.001   0.914   0.085
E K  3RBYB                 63    0.660 135.709   0.000   0.002   0.803   0.195
E A  3RBYB                 64    0.277  30.538   0.000   0.033   0.380   0.587
E N  3RBYB                 65    0.571  83.541   0.000   0.044   0.217   0.739
E D  3RBYB                 66    0.712 102.557   0.000   0.074   0.071   0.854
E Q  3RBYB                 67    0.739 131.950   0.000   0.067   0.025   0.908
E G  3RBYB                 68    0.543  42.721   0.000   0.094   0.024   0.882
E N  3RBYB                 69    0.696 101.913   0.000   0.022   0.025   0.953
E G  3RBYB                 70    0.421  33.116   0.000   0.028   0.149   0.823
E V  3RBYB                 71    0.305  46.831   0.000   0.002   0.434   0.564
B V  3RBYB                 72    0.143  21.983   0.000   0.001   0.830   0.169
E T  3RBYB                 73    0.301  41.703   0.000   0.000   0.976   0.024
B Q  3RBYB                 74    0.104  18.589   0.000   0.000   0.993   0.007
E D  3RBYB                 75    0.430  61.954   0.000   0.000   0.993   0.007
B F  3RBYB                 76    0.039   7.888   0.000   0.000   0.993   0.007
E N  3RBYB                 77    0.372  54.464   0.000   0.000   0.990   0.010
B F  3RBYB                 78    0.078  15.734   0.000   0.000   0.986   0.014
B W  3RBYB                 79    0.223  53.588   0.000   0.000   0.989   0.011
B L  3RBYB                 80    0.014   2.612   0.000   0.000   0.955   0.044
B D  3RBYB                 81    0.162  23.287   0.000   0.000   0.772   0.228
B T  3RBYB                 82    0.030   4.218   0.000   0.072   0.017   0.911
E N  3RBYB                 83    0.300  43.940   0.000   0.130   0.029   0.841
E V  3RBYB                 84    0.274  42.144   0.000   0.251   0.092   0.657
E Y  3RBYB                 85    0.513 109.599   0.000   0.219   0.107   0.674
E L  3RBYB                 86    0.343  62.877   0.000   0.178   0.058   0.765
E N  3RBYB                 87    0.851 124.514   0.000   0.010   0.010   0.980
E V  3RBYB                 88    0.297  45.609   0.000   0.009   0.036   0.955
E P  3RBYB                 89    0.612  86.806   0.000   0.029   0.020   0.951
E N  3RBYB                 90    0.497  72.715   0.000   0.082   0.062   0.855
E T  3RBYB                 91    0.345  47.799   0.000   0.112   0.180   0.708
B H  3RBYB                 92    0.185  33.599   0.000   0.087   0.313   0.599
E R  3RBYB                 93    0.374  85.646   0.000   0.013   0.532   0.455
B G  3RBYB                 94    0.110   8.687   0.000   0.002   0.857   0.141
E E  3RBYB                 95    0.454  79.229   0.000   0.001   0.945   0.053
B V  3RBYB                 96    0.077  11.762   0.000   0.002   0.938   0.061
E N  3RBYB                 97    0.406  59.379   0.000   0.003   0.935   0.062
E T  3RBYB                 98    0.272  37.700   0.000   0.007   0.846   0.148
E T  3RBYB                 99    0.367  50.945   0.000   0.010   0.804   0.187
E W  3RBYB                100    0.315  75.800   0.000   0.049   0.601   0.351
E K  3RBYB                101    0.656 134.883   0.000   0.069   0.466   0.465
E N  3RBYB                102    0.564  82.622   0.000   0.083   0.423   0.493
E W  3RBYB                103    0.321  77.166   0.000   0.081   0.059   0.860
E D  3RBYB                104    0.839 120.946   0.000   0.074   0.015   0.911
E S  3RBYB                105    0.554  64.938   0.000   0.074   0.008   0.918
E G  3RBYB                106    0.415  32.625   0.000   0.014   0.031   0.955
B C  3RBYB                107    0.171  23.962   0.000   0.002   0.151   0.847
B V  3RBYB                108    0.156  23.992   0.000   0.000   0.955   0.044
B E  3RBYB                109    0.233  40.620   0.000   0.000   0.990   0.010
B E  3RBYB                110    0.049   8.483   0.000   0.000   0.999   0.001
E T  3RBYB                111    0.252  34.899   0.000   0.000   0.998   0.002
B G  3RBYB                112    0.038   2.984   0.000   0.000   0.997   0.003
B A  3RBYB                113    0.156  17.211   0.000   0.000   0.996   0.004
B V  3RBYB                114    0.021   3.235   0.000   0.000   0.956   0.044
E Y  3RBYB                115    0.261  55.713   0.000   0.000   0.683   0.317
B P  3RBYB                116    0.163  23.106   0.000   0.001   0.619   0.380
E F  3RBYB                117    0.273  54.866   0.000   0.020   0.234   0.745
E G  3RBYB                118    0.495  38.951   0.000   0.027   0.006   0.968
E A  3RBYB                119    0.619  68.166   0.000   0.034   0.005   0.961
E D  3RBYB                120    0.753 108.449   0.000   0.032   0.006   0.961
E K  3RBYB                121    0.667 137.162   0.000   0.028   0.016   0.957
E E  3RBYB                122    0.644 112.433   0.000   0.007   0.074   0.919
E S  3RBYB                123    0.501  58.741   0.000   0.008   0.350   0.642
E V  3RBYB                124    0.294  45.153   0.000   0.001   0.860   0.139
E S  3RBYB                125    0.490  57.431   0.000   0.000   0.889   0.111
B F  3RBYB                126    0.107  21.403   0.000   0.002   0.873   0.125
E R  3RBYB                127    0.407  93.181   0.000   0.001   0.984   0.016
B E  3RBYB                128    0.102  17.835   0.000   0.000   0.995   0.005
B M  3RBYB                129    0.137  27.378   0.000   0.001   0.941   0.058
B W  3RBYB                130    0.114  27.471   0.000   0.001   0.948   0.051
E Q  3RBYB                131    0.328  58.553   0.000   0.000   0.965   0.035
E P  3RBYB                132    0.456  64.665   0.000   0.000   0.884   0.116
B V  3RBYB                133    0.161  24.810   0.000   0.001   0.162   0.837
E D  3RBYB                134    0.705 101.633   0.000   0.001   0.030   0.969
B P  3RBYB                135    0.179  25.393   0.000   0.064   0.026   0.909
E S  3RBYB                136    0.530  62.120   0.000   0.148   0.105   0.747
E R  3RBYB                137    0.559 127.913   0.000   0.408   0.079   0.513
E E  3RBYB                138    0.618 107.956   0.000   0.259   0.102   0.640
E D  3RBYB                139    0.599  86.290   0.000   0.185   0.163   0.652
E L  3RBYB                140    0.262  48.009   0.000   0.063   0.408   0.529
E V  3RBYB                141    0.294  45.161   0.000   0.022   0.724   0.254
E I  3RBYB                142    0.311  57.532   0.000   0.022   0.696   0.282
E V  3RBYB                143    0.312  47.965   0.000   0.012   0.571   0.417
E S  3RBYB                144    0.285  33.374   0.000   0.001   0.135   0.864
E P  3RBYB                145    0.587  83.276   0.000   0.034   0.026   0.940
E N  3RBYB                146    0.796 116.587   0.000   0.030   0.015   0.955
E N  3RBYB                147    0.580  84.850   0.000   0.034   0.025   0.940
E E  3RBYB                148    0.717 125.219   0.000   0.052   0.044   0.905
E K  3RBYB                149    0.634 130.336   0.000   0.055   0.265   0.679
E F  3RBYB                150    0.385  77.208   0.000   0.052   0.391   0.557
E S  3RBYB                151    0.417  48.884   0.000   0.045   0.333   0.622
E S  3RBYB                152    0.506  59.291   0.000   0.052   0.202   0.746
E N  3RBYB                153    0.615  90.066   0.000   0.044   0.254   0.703
B A  3RBYB                154    0.127  13.964   0.000   0.006   0.439   0.555
E R  3RBYB                155    0.377  86.397   0.000   0.007   0.633   0.361
B S  3RBYB                156    0.014   1.652   0.000   0.000   0.941   0.059
B I  3RBYB                157    0.040   7.366   0.000   0.000   0.993   0.006
B V  3RBYB                158    0.015   2.274   0.000   0.000   0.999   0.001
B L  3RBYB                159    0.015   2.669   0.000   0.000   0.999   0.001
E K  3RBYB                160    0.276  56.722   0.000   0.000   0.998   0.002
B V  3RBYB                161    0.052   8.011   0.000   0.000   0.966   0.034
E T  3RBYB                162    0.389  54.007   0.000   0.002   0.715   0.283
E D  3RBYB                163    0.427  61.523   0.000   0.011   0.421   0.567
E E  3RBYB                164    0.797 139.164   0.000   0.011   0.010   0.978
E A  3RBYB                165    0.546  60.196   0.000   0.008   0.026   0.966
B Y  3RBYB                166    0.240  51.204   0.000   0.001   0.815   0.184
E D  3RBYB                167    0.307  44.186   0.000   0.000   0.951   0.049
B G  3RBYB                168    0.020   1.540   0.000   0.000   0.990   0.010
B L  3RBYB                169    0.050   9.189   0.000   0.000   0.998   0.002
B V  3RBYB                170    0.019   2.904   0.000   0.000   0.999   0.001
B I  3RBYB                171    0.010   1.905   0.000   0.000   0.999   0.001
B V  3RBYB                172    0.083  12.750   0.000   0.000   0.999   0.001
B I  3RBYB                173    0.037   6.754   0.000   0.000   0.973   0.027
B G  3RBYB                174    0.134  10.525   0.000   0.000   0.040   0.959
E R  3RBYB                175    0.468 107.186   0.000   0.000   0.004   0.995
B W  3RBYB                176    0.140  33.743   0.000   0.000   0.713   0.287
B I  3RBYB                177    0.022   4.101   0.000   0.000   0.989   0.011
B Q  3RBYB                178    0.020   3.630   0.000   0.000   0.997   0.003
B G  3RBYB                179    0.002   0.183   0.000   0.000   0.999   0.001
B F  3RBYB                180    0.014   2.815   0.000   0.000   0.999   0.001
B L  3RBYB                181    0.038   6.909   0.000   0.000   0.998   0.002
B S  3RBYB                182    0.150  17.583   0.000   0.000   0.985   0.015
E Q  3RBYB                183    0.262  46.759   0.000   0.001   0.699   0.300
E K  3RBYB                184    0.601 123.655   0.000   0.042   0.102   0.856
E N  3RBYB                185    0.786 115.072   0.000   0.044   0.004   0.952
E N  3RBYB                186    0.545  79.748   0.000   0.059   0.168   0.773
B N  3RBYB                187    0.246  35.949   0.000   0.014   0.400   0.585
B T  3RBYB                188    0.116  16.102   0.000   0.007   0.814   0.180
B I  3RBYB                189    0.034   6.314   0.000   0.009   0.951   0.039
E E  3RBYB                190    0.255  44.473   0.000   0.008   0.948   0.044
B G  3RBYB                191    0.068   5.371   0.000   0.002   0.962   0.036
B L  3RBYB                192    0.050   9.188   0.000   0.000   0.989   0.011
B N  3RBYB                193    0.228  33.394   0.000   0.000   0.995   0.005
B F  3RBYB                194    0.059  11.758   0.000   0.001   0.990   0.009
B I  3RBYB                195    0.144  26.689   0.000   0.001   0.991   0.008
E R  3RBYB                196    0.265  60.615   0.000   0.002   0.963   0.035
B L  3RBYB                197    0.190  34.789   0.000   0.005   0.904   0.091
E L  3RBYB                198    0.290  53.020   0.000   0.008   0.860   0.132
E E  3RBYB                199    0.542  94.703   0.000   0.006   0.831   0.163
E K  3RBYB                200    0.445  91.553   0.000   0.023   0.059   0.918
E D  3RBYB                201    0.928 133.779   0.000   0.011   0.005   0.984
E S  3RBYB                202    0.765  89.715   0.000   0.013   0.002   0.985
E G  3RBYB                203    0.471  37.060   0.000   0.009   0.011   0.980
E K  3RBYB                204    0.582 119.683   0.000   0.001   0.050   0.949
E S  3RBYB                205    0.269  31.525   0.000   0.000   0.932   0.068
E E  3RBYB                206    0.494  86.257   0.000   0.000   0.990   0.010
E F  3RBYB                207    0.377  75.611   0.000   0.000   0.998   0.002
B L  3RBYB                208    0.232  42.571   0.000   0.000   0.993   0.007
B L  3RBYB                209    0.091  16.686   0.000   0.000   0.998   0.002
E S  3RBYB                210    0.266  31.147   0.000   0.000   0.999   0.001
B Y  3RBYB                211    0.115  24.606   0.000   0.000   0.961   0.038
B G  3RBYB                212    0.181  14.266   0.000   0.013   0.193   0.793
E K  3RBYB                213    0.667 137.215   0.000   0.031   0.052   0.917
E E  3RBYB                214    0.631 110.206   0.000   0.025   0.050   0.924
B V  3RBYB                215    0.121  18.641   0.000   0.044   0.126   0.830
E N  3RBYB                216    0.712 104.202   0.000   0.046   0.026   0.928
E K  3RBYB                217    0.555 114.254   0.000   0.047   0.102   0.851
B I  3RBYB                218    0.071  13.122   0.000   0.001   0.087   0.911
B P  3RBYB                219    0.103  14.565   0.000   0.007   0.068   0.925
E Q  3RBYB                220    0.536  95.764   0.000   0.027   0.106   0.866
E S  3RBYB                221    0.377  44.174   0.000   0.046   0.083   0.871
E Y  3RBYB                222    0.256  54.756   0.000   0.513   0.021   0.466
E E  3RBYB                223    0.755 131.877   0.000   0.461   0.007   0.532
E N  3RBYB                224    0.650  95.210   0.000   0.499   0.006   0.494
B L  3RBYB                225    0.081  14.847   0.000   0.012   0.022   0.966
E K  3RBYB                226    0.632 129.984   0.000   0.003   0.097   0.900
E K  3RBYB                227    0.641 131.835   0.000   0.000   0.003   0.997
E G  3RBYB                228    0.574  45.171   0.000   0.000   0.003   0.997
E S  3RBYB                229    0.288  33.710   0.000   0.000   0.022   0.978
E T  3RBYB                230    0.587  81.371   0.000   0.000   0.992   0.008
B V  3RBYB                231    0.069  10.601   0.000   0.000   0.997   0.003
E T  3RBYB                232    0.602  83.515   0.000   0.000   0.990   0.009
B S  3RBYB                233    0.088  10.262   0.000   0.000   0.988   0.012
E N  3RBYB                234    0.735 107.669   0.000   0.004   0.001   0.995
E G  3RBYB                235    0.855  67.274   0.000   0.004   0.001   0.995
B L  3RBYB                236    0.215  39.287   0.000   0.000   0.953   0.047
E N  3RBYB                237    0.522  76.378   0.000   0.000   0.932   0.067
B W  3RBYB                238    0.032   7.737   0.000   0.000   0.986   0.014
E E  3RBYB                239    0.332  58.063   0.000   0.000   0.997   0.003
B V  3RBYB                240    0.028   4.268   0.000   0.000   0.998   0.002
B I  3RBYB                241    0.182  33.723   0.000   0.000   0.996   0.004
B E  3RBYB                242    0.242  42.219   0.000   0.000   0.992   0.008
B Y  3RBYB                243    0.196  41.952   0.000   0.001   0.976   0.023
E H  3RBYB                244    0.397  72.156   0.000   0.001   0.882   0.117
E A  3RBYB                245    0.507  55.838   0.000   0.000   0.005   0.995
