# For publication of results, please cite:
# ...
# ... Michael Schantz Klausen, Martin Closter Jespersen, Henrik Nielsen, Kamilla Kjærgaard Jensen, 
# ... Vanessa Isabell Jurtz, Casper Kaae Sønderby, Morten Otto Alexander Sommer, Ole Winther, 
# ... Morten Nielsen, Bent Petersen, and Paolo Marcatili. 
# ... NetSurfP-2.0: Improved prediction of protein structural features by integrated deep learning.
# ... Proteins: Structure, Function, and Bioinformatics (Feb. 2019).
# ... https://doi.org/10.1002/prot.25674
# ...
#
# Column 1: Class assignment - B for buried or E for Exposed - Threshold: 25% exposure, but not based on RSA
# Column 2: Amino acid
# Column 3: Sequence name
# Column 4: Amino acid number
# Column 5: Relative Surface Accessibility - RSA
# Column 6: Absolute Surface Accessibility
# Column 7: Not used
# Column 8: Probability for Alpha-Helix
# Column 9: Probability for Beta-strand
# Column 10: Probability for Coil
E A  1SUDA                  1    0.919 101.248   0.000   0.001   0.000   0.999
E Q  1SUDA                  2    0.717 127.980   0.000   0.016   0.044   0.939
E S  1SUDA                  3    0.799  93.663   0.000   0.007   0.053   0.940
E V  1SUDA                  4    0.350  53.766   0.000   0.009   0.122   0.869
E P  1SUDA                  5    0.531  75.337   0.000   0.017   0.045   0.938
E Y  1SUDA                  6    0.250  53.429   0.000   0.057   0.097   0.845
B G  1SUDA                  7    0.158  12.448   0.000   0.103   0.030   0.866
B V  1SUDA                  8    0.107  16.423   0.000   0.867   0.006   0.126
E S  1SUDA                  9    0.608  71.293   0.000   0.944   0.003   0.053
E Q  1SUDA                 10    0.428  76.479   0.000   0.901   0.011   0.088
B I  1SUDA                 11    0.056  10.316   0.000   0.243   0.049   0.709
E K  1SUDA                 12    0.546 112.299   0.000   0.028   0.016   0.956
B A  1SUDA                 13    0.052   5.731   0.000   0.577   0.002   0.421
E P  1SUDA                 14    0.395  56.087   0.000   0.796   0.002   0.202
E A  1SUDA                 15    0.432  47.635   0.000   0.945   0.003   0.052
B L  1SUDA                 16    0.045   8.214   0.000   0.969   0.001   0.030
B H  1SUDA                 17    0.207  37.580   0.000   0.978   0.001   0.021
E S  1SUDA                 18    0.761  89.196   0.000   0.928   0.001   0.071
E Q  1SUDA                 19    0.568 101.469   0.000   0.190   0.001   0.809
E G  1SUDA                 20    0.552  43.439   0.000   0.008   0.002   0.990
B Y  1SUDA                 21    0.159  33.885   0.000   0.005   0.058   0.937
E T  1SUDA                 22    0.443  61.491   0.000   0.002   0.086   0.912
B G  1SUDA                 23    0.160  12.624   0.000   0.057   0.079   0.865
E S  1SUDA                 24    0.589  68.993   0.000   0.029   0.056   0.914
E N  1SUDA                 25    0.723 105.835   0.000   0.053   0.042   0.904
B V  1SUDA                 26    0.045   6.882   0.000   0.002   0.200   0.798
E K  1SUDA                 27    0.312  64.143   0.000   0.000   0.941   0.059
B V  1SUDA                 28    0.006   0.897   0.000   0.000   0.999   0.001
B A  1SUDA                 29    0.005   0.505   0.000   0.000   0.999   0.001
B V  1SUDA                 30    0.004   0.550   0.000   0.000   0.999   0.001
B I  1SUDA                 31    0.004   0.702   0.000   0.000   0.971   0.029
B D  1SUDA                 32    0.036   5.201   0.000   0.000   0.397   0.603
B S  1SUDA                 33    0.064   7.489   0.000   0.001   0.016   0.983
B G  1SUDA                 34    0.120   9.412   0.000   0.002   0.052   0.946
B I  1SUDA                 35    0.025   4.675   0.000   0.000   0.513   0.486
E D  1SUDA                 36    0.288  41.512   0.000   0.000   0.204   0.795
B S  1SUDA                 37    0.222  26.070   0.000   0.001   0.001   0.999
E S  1SUDA                 38    0.715  83.801   0.000   0.001   0.000   0.999
B H  1SUDA                 39    0.127  23.045   0.000   0.001   0.005   0.994
E P  1SUDA                 40    0.677  96.015   0.000   0.183   0.003   0.814
E D  1SUDA                 41    0.357  51.486   0.000   0.126   0.003   0.870
B L  1SUDA                 42    0.054   9.826   0.000   0.306   0.110   0.584
E K  1SUDA                 43    0.604 124.170   0.000   0.173   0.082   0.744
E V  1SUDA                 44    0.311  47.851   0.000   0.153   0.226   0.621
E A  1SUDA                 45    0.357  39.323   0.000   0.072   0.214   0.714
E G  1SUDA                 46    0.510  40.126   0.000   0.031   0.134   0.835
E G  1SUDA                 47    0.404  31.819   0.000   0.039   0.150   0.812
E A  1SUDA                 48    0.277  30.501   0.000   0.036   0.330   0.634
E S  1SUDA                 49    0.297  34.789   0.000   0.018   0.334   0.648
B F  1SUDA                 50    0.133  26.735   0.000   0.020   0.270   0.710
B V  1SUDA                 51    0.198  30.391   0.000   0.003   0.172   0.825
E P  1SUDA                 52    0.319  45.215   0.000   0.010   0.115   0.875
E S  1SUDA                 53    0.322  37.782   0.000   0.021   0.035   0.943
E E  1SUDA                 54    0.712 124.349   0.000   0.024   0.007   0.970
E T  1SUDA                 55    0.722 100.095   0.000   0.021   0.005   0.974
E N  1SUDA                 56    0.358  52.364   0.000   0.004   0.019   0.977
E P  1SUDA                 57    0.429  60.839   0.000   0.097   0.012   0.891
B F  1SUDA                 58    0.235  47.232   0.000   0.070   0.028   0.903
E Q  1SUDA                 59    0.576 102.911   0.000   0.096   0.037   0.867
E D  1SUDA                 60    0.266  38.320   0.000   0.022   0.014   0.964
E N  1SUDA                 61    0.658  96.367   0.000   0.020   0.003   0.977
E N  1SUDA                 62    0.393  57.466   0.000   0.018   0.010   0.973
B S  1SUDA                 63    0.151  17.737   0.000   0.085   0.008   0.907
B H  1SUDA                 64    0.109  19.864   0.000   0.843   0.009   0.148
B G  1SUDA                 65    0.025   1.987   0.000   0.930   0.003   0.067
B T  1SUDA                 66    0.041   5.740   0.000   0.982   0.001   0.018
B H  1SUDA                 67    0.040   7.224   0.000   0.990   0.002   0.008
B V  1SUDA                 68    0.004   0.687   0.000   0.992   0.002   0.005
B A  1SUDA                 69    0.004   0.394   0.000   0.997   0.001   0.003
B G  1SUDA                 70    0.016   1.293   0.000   0.998   0.000   0.002
B T  1SUDA                 71    0.025   3.528   0.000   0.993   0.001   0.006
B V  1SUDA                 72    0.013   1.948   0.000   0.972   0.005   0.023
B A  1SUDA                 73    0.024   2.633   0.000   0.785   0.021   0.194
B A  1SUDA                 74    0.053   5.877   0.000   0.417   0.038   0.545
E L  1SUDA                 75    0.280  51.301   0.000   0.400   0.056   0.544
E N  1SUDA                 76    0.398  58.279   0.000   0.221   0.044   0.736
E N  1SUDA                 77    0.478  70.017   0.000   0.127   0.011   0.863
E S  1SUDA                 78    0.598  70.104   0.000   0.125   0.018   0.857
E I  1SUDA                 79    0.313  57.949   0.000   0.081   0.061   0.858
B G  1SUDA                 80    0.207  16.313   0.000   0.018   0.110   0.873
B V  1SUDA                 81    0.067  10.239   0.000   0.012   0.414   0.574
B L  1SUDA                 82    0.216  39.554   0.000   0.008   0.485   0.507
B G  1SUDA                 83    0.061   4.809   0.000   0.008   0.681   0.311
B V  1SUDA                 84    0.038   5.813   0.000   0.003   0.836   0.161
B A  1SUDA                 85    0.008   0.876   0.000   0.001   0.361   0.639
B P  1SUDA                 86    0.198  28.162   0.000   0.004   0.087   0.909
E S  1SUDA                 87    0.492  57.655   0.000   0.009   0.030   0.961
B A  1SUDA                 88    0.015   1.682   0.000   0.004   0.071   0.925
E S  1SUDA                 89    0.263  30.820   0.000   0.000   0.918   0.081
B L  1SUDA                 90    0.022   4.027   0.000   0.000   0.997   0.003
B Y  1SUDA                 91    0.086  18.480   0.000   0.000   0.998   0.002
B A  1SUDA                 92    0.039   4.283   0.000   0.000   0.993   0.007
B V  1SUDA                 93    0.013   1.939   0.000   0.000   0.930   0.070
B K  1SUDA                 94    0.233  47.975   0.000   0.001   0.728   0.271
B V  1SUDA                 95    0.036   5.610   0.000   0.004   0.203   0.793
B L  1SUDA                 96    0.136  24.864   0.000   0.007   0.321   0.673
B G  1SUDA                 97    0.233  18.319   0.000   0.020   0.044   0.936
E A  1SUDA                 98    0.646  71.238   0.000   0.043   0.009   0.947
E D  1SUDA                 99    0.746 107.515   0.000   0.041   0.005   0.954
E G  1SUDA                100    0.287  22.549   0.000   0.055   0.012   0.933
E S  1SUDA                101    0.305  35.755   0.000   0.031   0.060   0.908
B G  1SUDA                102    0.166  13.073   0.000   0.054   0.208   0.738
E Q  1SUDA                103    0.377  67.266   0.000   0.058   0.063   0.879
B Y  1SUDA                104    0.242  51.772   0.000   0.665   0.014   0.322
E S  1SUDA                105    0.430  50.346   0.000   0.903   0.002   0.095
B W  1SUDA                106    0.142  34.069   0.000   0.979   0.000   0.021
B I  1SUDA                107    0.004   0.772   0.000   0.997   0.000   0.003
B I  1SUDA                108    0.100  18.475   0.000   0.999   0.000   0.001
E N  1SUDA                109    0.416  60.854   0.000   0.998   0.000   0.002
B G  1SUDA                110    0.003   0.229   0.000   0.999   0.000   0.001
B I  1SUDA                111    0.008   1.436   0.000   0.999   0.000   0.001
E E  1SUDA                112    0.474  82.866   0.000   0.999   0.000   0.001
B W  1SUDA                113    0.210  50.504   0.000   0.999   0.000   0.001
B A  1SUDA                114    0.002   0.176   0.000   0.999   0.000   0.001
B I  1SUDA                115    0.165  30.584   0.000   0.995   0.000   0.005
E A  1SUDA                116    0.687  75.666   0.000   0.956   0.000   0.044
E N  1SUDA                117    0.391  57.195   0.000   0.078   0.000   0.922
E N  1SUDA                118    0.784 114.717   0.000   0.001   0.000   0.999
B M  1SUDA                119    0.025   5.018   0.000   0.000   0.009   0.991
E D  1SUDA                120    0.283  40.720   0.000   0.000   0.083   0.917
B V  1SUDA                121    0.013   1.980   0.000   0.000   0.987   0.013
B I  1SUDA                122    0.005   0.904   0.000   0.000   0.999   0.001
B N  1SUDA                123    0.004   0.544   0.000   0.000   0.997   0.003
B M  1SUDA                124    0.004   0.769   0.000   0.000   0.761   0.239
B S  1SUDA                125    0.032   3.705   0.000   0.001   0.230   0.769
B L  1SUDA                126    0.037   6.753   0.000   0.005   0.122   0.873
B G  1SUDA                127    0.116   9.093   0.000   0.009   0.045   0.945
B G  1SUDA                128    0.138  10.839   0.000   0.036   0.035   0.929
E P  1SUDA                129    0.423  60.086   0.000   0.116   0.005   0.880
E S  1SUDA                130    0.565  66.269   0.000   0.105   0.008   0.887
E G  1SUDA                131    0.272  21.413   0.000   0.057   0.016   0.927
B S  1SUDA                132    0.211  24.770   0.000   0.156   0.006   0.837
E A  1SUDA                133    0.642  70.709   0.000   0.974   0.000   0.026
B A  1SUDA                134    0.232  25.576   0.000   0.989   0.000   0.011
B L  1SUDA                135    0.010   1.914   0.000   0.996   0.000   0.004
E K  1SUDA                136    0.373  76.626   0.000   0.999   0.000   0.001
E A  1SUDA                137    0.414  45.615   0.000   0.999   0.000   0.001
B A  1SUDA                138    0.016   1.730   0.000   0.999   0.000   0.001
B V  1SUDA                139    0.009   1.322   0.000   1.000   0.000   0.000
E D  1SUDA                140    0.511  73.578   0.000   1.000   0.000   0.000
E K  1SUDA                141    0.448  92.203   0.000   0.999   0.000   0.001
B A  1SUDA                142    0.003   0.369   0.000   0.998   0.000   0.002
B V  1SUDA                143    0.196  30.128   0.000   0.997   0.000   0.003
E A  1SUDA                144    0.770  84.900   0.000   0.973   0.000   0.027
E S  1SUDA                145    0.422  49.401   0.000   0.182   0.000   0.818
E G  1SUDA                146    0.411  32.325   0.000   0.000   0.000   0.999
B V  1SUDA                147    0.039   6.057   0.000   0.000   0.031   0.969
B V  1SUDA                148    0.039   6.066   0.000   0.000   0.963   0.037
B V  1SUDA                149    0.006   0.899   0.000   0.000   0.999   0.001
B V  1SUDA                150    0.003   0.411   0.000   0.000   0.999   0.001
B A  1SUDA                151    0.002   0.259   0.000   0.000   0.986   0.014
B A  1SUDA                152    0.012   1.334   0.000   0.000   0.319   0.681
B A  1SUDA                153    0.020   2.256   0.000   0.000   0.009   0.991
B G  1SUDA                154    0.077   6.029   0.000   0.004   0.037   0.959
B N  1SUDA                155    0.125  18.253   0.000   0.007   0.096   0.897
B E  1SUDA                156    0.247  43.101   0.000   0.010   0.113   0.877
B G  1SUDA                157    0.191  15.063   0.000   0.036   0.087   0.877
E T  1SUDA                158    0.483  67.041   0.000   0.036   0.102   0.862
E S  1SUDA                159    0.536  62.788   0.000   0.042   0.077   0.881
E G  1SUDA                160    0.578  45.509   0.000   0.053   0.017   0.930
E S  1SUDA                161    0.563  65.997   0.000   0.056   0.035   0.909
E S  1SUDA                162    0.508  59.485   0.000   0.068   0.063   0.869
E S  1SUDA                163    0.341  40.017   0.000   0.067   0.086   0.847
E T  1SUDA                164    0.330  45.807   0.000   0.042   0.193   0.765
B V  1SUDA                165    0.141  21.651   0.000   0.024   0.260   0.716
B G  1SUDA                166    0.105   8.241   0.000   0.016   0.131   0.852
B Y  1SUDA                167    0.168  35.922   0.000   0.029   0.032   0.939
B P  1SUDA                168    0.047   6.601   0.000   0.295   0.019   0.686
B G  1SUDA                169    0.120   9.457   0.000   0.340   0.017   0.643
E K  1SUDA                170    0.491 101.099   0.000   0.311   0.022   0.667
B Y  1SUDA                171    0.123  26.248   0.000   0.006   0.017   0.977
E P  1SUDA                172    0.542  76.852   0.000   0.002   0.002   0.996
B S  1SUDA                173    0.239  27.999   0.000   0.002   0.007   0.991
B V  1SUDA                174    0.016   2.513   0.000   0.000   0.743   0.257
B I  1SUDA                175    0.023   4.233   0.000   0.000   0.973   0.027
B A  1SUDA                176    0.004   0.442   0.000   0.000   0.989   0.011
B V  1SUDA                177    0.006   0.884   0.000   0.000   0.965   0.035
B G  1SUDA                178    0.013   1.024   0.000   0.000   0.814   0.186
B A  1SUDA                179    0.016   1.783   0.000   0.000   0.638   0.362
B V  1SUDA                180    0.041   6.298   0.000   0.000   0.978   0.022
B D  1SUDA                181    0.180  25.929   0.000   0.001   0.181   0.818
E S  1SUDA                182    0.550  64.498   0.000   0.004   0.003   0.993
E S  1SUDA                183    0.641  75.094   0.000   0.006   0.001   0.993
E N  1SUDA                184    0.469  68.723   0.000   0.002   0.001   0.997
E Q  1SUDA                185    0.528  94.258   0.000   0.002   0.153   0.846
E R  1SUDA                186    0.343  78.601   0.000   0.000   0.982   0.018
B A  1SUDA                187    0.094  10.371   0.000   0.004   0.125   0.871
E S  1SUDA                188    0.505  59.148   0.000   0.041   0.044   0.915
E F  1SUDA                189    0.275  55.169   0.000   0.031   0.075   0.894
B S  1SUDA                190    0.052   6.063   0.000   0.041   0.158   0.801
E S  1SUDA                191    0.386  45.187   0.000   0.024   0.043   0.933
E V  1SUDA                192    0.279  42.858   0.000   0.037   0.124   0.839
B G  1SUDA                193    0.130  10.208   0.000   0.153   0.063   0.784
E P  1SUDA                194    0.504  71.530   0.000   0.074   0.012   0.914
E E  1SUDA                195    0.519  90.724   0.000   0.078   0.044   0.878
B L  1SUDA                196    0.047   8.695   0.000   0.002   0.113   0.885
B D  1SUDA                197    0.184  26.481   0.000   0.001   0.165   0.834
B V  1SUDA                198    0.018   2.746   0.000   0.000   0.975   0.025
B M  1SUDA                199    0.017   3.382   0.000   0.000   0.983   0.017
B A  1SUDA                200    0.012   1.350   0.000   0.000   0.427   0.573
B P  1SUDA                201    0.044   6.275   0.000   0.001   0.130   0.869
B G  1SUDA                202    0.094   7.395   0.000   0.007   0.046   0.946
B V  1SUDA                203    0.249  38.203   0.000   0.019   0.231   0.750
E S  1SUDA                204    0.305  35.781   0.000   0.017   0.287   0.696
B I  1SUDA                205    0.028   5.182   0.000   0.010   0.605   0.386
B Q  1SUDA                206    0.191  34.180   0.000   0.007   0.751   0.242
B S  1SUDA                207    0.027   3.136   0.000   0.004   0.635   0.361
B T  1SUDA                208    0.160  22.247   0.000   0.003   0.338   0.659
B L  1SUDA                209    0.216  39.632   0.000   0.001   0.164   0.835
E P  1SUDA                210    0.562  79.683   0.000   0.035   0.033   0.933
E G  1SUDA                211    0.851  66.948   0.000   0.033   0.004   0.964
E N  1SUDA                212    0.483  70.710   0.000   0.049   0.051   0.901
E K  1SUDA                213    0.638 131.135   0.000   0.033   0.137   0.830
E Y  1SUDA                214    0.409  87.332   0.000   0.023   0.259   0.718
B G  1SUDA                215    0.226  17.758   0.000   0.022   0.574   0.404
B A  1SUDA                216    0.242  26.696   0.000   0.025   0.526   0.448
E K  1SUDA                217    0.254  52.188   0.000   0.011   0.352   0.637
B S  1SUDA                218    0.160  18.756   0.000   0.011   0.148   0.840
B G  1SUDA                219    0.063   4.941   0.000   0.158   0.070   0.772
B T  1SUDA                220    0.064   8.884   0.000   0.937   0.004   0.059
B C  1SUDA                221    0.033   4.672   0.000   0.934   0.001   0.065
B M  1SUDA                222    0.031   6.284   0.000   0.763   0.002   0.235
B A  1SUDA                223    0.006   0.714   0.000   0.948   0.000   0.052
B S  1SUDA                224    0.003   0.334   0.000   0.998   0.000   0.002
B P  1SUDA                225    0.007   0.992   0.000   0.999   0.000   0.001
B H  1SUDA                226    0.033   5.951   0.000   1.000   0.000   0.000
B V  1SUDA                227    0.005   0.719   0.000   1.000   0.000   0.000
B A  1SUDA                228    0.002   0.243   0.000   1.000   0.000   0.000
B G  1SUDA                229    0.008   0.635   0.000   1.000   0.000   0.000
B A  1SUDA                230    0.006   0.660   0.000   1.000   0.000   0.000
B A  1SUDA                231    0.003   0.308   0.000   1.000   0.000   0.000
B A  1SUDA                232    0.012   1.309   0.000   1.000   0.000   0.000
B L  1SUDA                233    0.089  16.252   0.000   0.999   0.000   0.001
B I  1SUDA                234    0.009   1.727   0.000   0.999   0.000   0.001
B L  1SUDA                235    0.117  21.512   0.000   0.998   0.000   0.002
E S  1SUDA                236    0.426  49.959   0.000   0.974   0.000   0.026
E K  1SUDA                237    0.476  97.830   0.000   0.977   0.000   0.023
B H  1SUDA                238    0.247  44.964   0.000   0.001   0.000   0.999
E P  1SUDA                239    0.644  91.348   0.000   0.001   0.000   0.999
E N  1SUDA                240    0.893 130.713   0.000   0.001   0.000   0.999
B W  1SUDA                241    0.111  26.766   0.000   0.002   0.004   0.994
E T  1SUDA                242    0.450  62.445   0.000   0.001   0.008   0.991
E N  1SUDA                243    0.295  43.233   0.000   0.980   0.000   0.020
E T  1SUDA                244    0.581  80.570   0.000   0.996   0.000   0.004
E Q  1SUDA                245    0.441  78.782   0.000   0.999   0.000   0.001
B V  1SUDA                246    0.005   0.699   0.000   0.999   0.000   0.001
B R  1SUDA                247    0.246  56.323   0.000   0.999   0.000   0.001
E S  1SUDA                248    0.437  51.263   0.000   0.999   0.000   0.001
B S  1SUDA                249    0.106  12.416   0.000   0.998   0.000   0.002
B L  1SUDA                250    0.009   1.599   0.000   0.996   0.000   0.004
E E  1SUDA                251    0.379  66.162   0.000   0.982   0.001   0.018
E N  1SUDA                252    0.685 100.355   0.000   0.851   0.000   0.149
B T  1SUDA                253    0.139  19.282   0.000   0.576   0.003   0.422
B T  1SUDA                254    0.071   9.823   0.000   0.017   0.251   0.732
E T  1SUDA                255    0.414  57.466   0.000   0.004   0.823   0.173
E K  1SUDA                256    0.548 112.779   0.000   0.003   0.867   0.131
B L  1SUDA                257    0.228  41.754   0.000   0.019   0.272   0.710
E G  1SUDA                258    0.415  32.626   0.000   0.028   0.269   0.703
E D  1SUDA                259    0.794 114.442   0.000   0.027   0.101   0.872
E S  1SUDA                260    0.383  44.871   0.000   0.038   0.159   0.803
E F  1SUDA                261    0.426  85.503   0.000   0.053   0.063   0.884
E Y  1SUDA                262    0.325  69.350   0.000   0.050   0.236   0.714
B Y  1SUDA                263    0.138  29.472   0.000   0.046   0.291   0.663
B G  1SUDA                264    0.060   4.749   0.000   0.015   0.209   0.776
B K  1SUDA                265    0.209  42.957   0.000   0.013   0.093   0.895
B G  1SUDA                266    0.051   4.026   0.000   0.016   0.220   0.764
B L  1SUDA                267    0.143  26.120   0.000   0.004   0.330   0.666
B I  1SUDA                268    0.039   7.266   0.000   0.003   0.478   0.519
E N  1SUDA                269    0.285  41.681   0.000   0.004   0.195   0.801
B V  1SUDA                270    0.048   7.306   0.000   0.866   0.002   0.133
E Q  1SUDA                271    0.453  80.917   0.000   0.965   0.001   0.034
E A  1SUDA                272    0.333  36.693   0.000   0.967   0.001   0.032
B A  1SUDA                273    0.067   7.350   0.000   0.931   0.002   0.068
E A  1SUDA                274    0.254  27.968   0.000   0.568   0.014   0.418
E Q  1SUDA                275    0.890 159.000   0.000   0.008   0.000   0.992
