# For publication of results, please cite:
# ...
# ... Michael Schantz Klausen, Martin Closter Jespersen, Henrik Nielsen, Kamilla Kjærgaard Jensen, 
# ... Vanessa Isabell Jurtz, Casper Kaae Sønderby, Morten Otto Alexander Sommer, Ole Winther, 
# ... Morten Nielsen, Bent Petersen, and Paolo Marcatili. 
# ... NetSurfP-2.0: Improved prediction of protein structural features by integrated deep learning.
# ... Proteins: Structure, Function, and Bioinformatics (Feb. 2019).
# ... https://doi.org/10.1002/prot.25674
# ...
#
# Column 1: Class assignment - B for buried or E for Exposed - Threshold: 25% exposure, but not based on RSA
# Column 2: Amino acid
# Column 3: Sequence name
# Column 4: Amino acid number
# Column 5: Relative Surface Accessibility - RSA
# Column 6: Absolute Surface Accessibility
# Column 7: Not used
# Column 8: Probability for Alpha-Helix
# Column 9: Probability for Beta-strand
# Column 10: Probability for Coil
E M  1Z7ME                  1    0.584 116.898   0.000   0.000   0.014   0.985
B I  1Z7ME                  2    0.059  10.961   0.000   0.000   0.722   0.278
E K  1Z7ME                  3    0.340  69.946   0.000   0.000   0.978   0.022
B I  1Z7ME                  4    0.016   2.933   0.000   0.000   0.998   0.002
B A  1Z7ME                  5    0.032   3.493   0.000   0.000   0.995   0.005
B I  1Z7ME                  6    0.015   2.733   0.000   0.000   0.944   0.056
E T  1Z7ME                  7    0.255  35.401   0.000   0.001   0.375   0.624
E K  1Z7ME                  8    0.484  99.548   0.000   0.072   0.032   0.896
E G  1Z7ME                  9    0.359  28.232   0.000   0.125   0.022   0.853
E R  1Z7ME                 10    0.506 115.825   0.000   0.389   0.019   0.592
B I  1Z7ME                 11    0.057  10.570   0.000   0.628   0.008   0.363
B Q  1Z7ME                 12    0.242  43.209   0.000   0.912   0.001   0.086
E K  1Z7ME                 13    0.588 120.900   0.000   0.995   0.000   0.005
E Q  1Z7ME                 14    0.300  53.650   0.000   0.996   0.000   0.004
B V  1Z7ME                 15    0.006   0.861   0.000   0.998   0.000   0.002
B T  1Z7ME                 16    0.168  23.250   0.000   0.998   0.000   0.002
E K  1Z7ME                 17    0.514 105.771   0.000   0.998   0.000   0.002
B L  1Z7ME                 18    0.057  10.442   0.000   0.999   0.000   0.001
B L  1Z7ME                 19    0.020   3.688   0.000   0.992   0.000   0.008
E E  1Z7ME                 20    0.586 102.439   0.000   0.888   0.001   0.112
E N  1Z7ME                 21    0.634  92.855   0.000   0.646   0.000   0.354
B A  1Z7ME                 22    0.098  10.816   0.000   0.054   0.002   0.944
E D  1Z7ME                 23    0.749 107.863   0.000   0.003   0.007   0.990
B Y  1Z7ME                 24    0.145  30.990   0.000   0.002   0.121   0.877
E D  1Z7ME                 25    0.675  97.199   0.000   0.001   0.511   0.487
B V  1Z7ME                 26    0.187  28.731   0.000   0.006   0.731   0.263
E E  1Z7ME                 27    0.543  94.904   0.000   0.015   0.819   0.167
E P  1Z7ME                 28    0.479  67.926   0.000   0.039   0.811   0.150
E I  1Z7ME                 29    0.273  50.591   0.000   0.072   0.326   0.602
E L  1Z7ME                 30    0.588 107.696   0.000   0.172   0.150   0.678
E N  1Z7ME                 31    0.839 122.782   0.000   0.170   0.046   0.784
E L  1Z7ME                 32    0.451  82.563   0.000   0.174   0.035   0.791
E G  1Z7ME                 33    0.489  38.511   0.000   0.065   0.088   0.847
E R  1Z7ME                 34    0.385  88.123   0.000   0.040   0.158   0.802
E E  1Z7ME                 35    0.478  83.440   0.000   0.035   0.435   0.530
B L  1Z7ME                 36    0.110  20.061   0.000   0.014   0.786   0.200
E Q  1Z7ME                 37    0.317  56.535   0.000   0.004   0.901   0.095
B I  1Z7ME                 38    0.105  19.459   0.000   0.002   0.856   0.142
E K  1Z7ME                 39    0.447  91.869   0.000   0.008   0.801   0.190
E T  1Z7ME                 40    0.256  35.561   0.000   0.004   0.677   0.319
E K  1Z7ME                 41    0.586 120.570   0.000   0.013   0.143   0.844
E D  1Z7ME                 42    0.764 110.125   0.000   0.015   0.007   0.978
E D  1Z7ME                 43    0.597  85.969   0.000   0.017   0.039   0.944
B L  1Z7ME                 44    0.094  17.264   0.000   0.001   0.543   0.456
E Q  1Z7ME                 45    0.313  55.874   0.000   0.001   0.965   0.034
B I  1Z7ME                 46    0.069  12.789   0.000   0.000   0.996   0.004
B I  1Z7ME                 47    0.079  14.554   0.000   0.000   0.998   0.001
B F  1Z7ME                 48    0.117  23.511   0.000   0.000   0.994   0.006
B G  1Z7ME                 49    0.031   2.417   0.000   0.000   0.942   0.058
E K  1Z7ME                 50    0.304  62.545   0.000   0.000   0.141   0.859
B P  1Z7ME                 51    0.128  18.131   0.000   0.900   0.001   0.100
E N  1Z7ME                 52    0.620  90.726   0.000   0.940   0.000   0.060
B D  1Z7ME                 53    0.211  30.435   0.000   0.977   0.000   0.023
B V  1Z7ME                 54    0.019   2.912   0.000   0.997   0.000   0.003
B I  1Z7ME                 55    0.083  15.315   0.000   0.998   0.000   0.002
E T  1Z7ME                 56    0.360  49.940   0.000   0.999   0.000   0.001
B F  1Z7ME                 57    0.131  26.287   0.000   0.999   0.000   0.001
B L  1Z7ME                 58    0.028   5.170   0.000   0.999   0.000   0.001
E E  1Z7ME                 59    0.493  86.066   0.000   0.989   0.000   0.011
E H  1Z7ME                 60    0.591 107.466   0.000   0.413   0.000   0.587
E G  1Z7ME                 61    0.446  35.120   0.000   0.002   0.000   0.998
E I  1Z7ME                 62    0.396  73.321   0.000   0.001   0.001   0.998
B V  1Z7ME                 63    0.019   2.901   0.000   0.000   0.001   0.999
E D  1Z7ME                 64    0.271  39.112   0.000   0.000   0.001   0.999
B I  1Z7ME                 65    0.011   1.970   0.000   0.000   0.989   0.011
B G  1Z7ME                 66    0.008   0.602   0.000   0.000   0.998   0.002
B F  1Z7ME                 67    0.014   2.727   0.000   0.000   0.997   0.003
B V  1Z7ME                 68    0.006   0.975   0.000   0.000   0.992   0.008
B G  1Z7ME                 69    0.037   2.916   0.000   0.002   0.878   0.120
E K  1Z7ME                 70    0.280  57.679   0.000   0.977   0.002   0.022
E D  1Z7ME                 71    0.307  44.237   0.000   0.970   0.001   0.029
B T  1Z7ME                 72    0.064   8.820   0.000   0.989   0.000   0.010
B L  1Z7ME                 73    0.023   4.133   0.000   0.982   0.001   0.017
E D  1Z7ME                 74    0.479  69.028   0.000   0.947   0.001   0.052
E E  1Z7ME                 75    0.478  83.535   0.000   0.859   0.001   0.141
E N  1Z7ME                 76    0.347  50.745   0.000   0.267   0.001   0.732
E D  1Z7ME                 77    0.703 101.352   0.000   0.014   0.001   0.985
B F  1Z7ME                 78    0.179  35.867   0.000   0.165   0.004   0.832
E D  1Z7ME                 79    0.817 117.737   0.000   0.198   0.003   0.799
E D  1Z7ME                 80    0.443  63.844   0.000   0.212   0.024   0.764
B Y  1Z7ME                 81    0.153  32.668   0.000   0.545   0.187   0.267
E Y  1Z7ME                 82    0.425  90.736   0.000   0.570   0.342   0.088
E E  1Z7ME                 83    0.384  67.109   0.000   0.437   0.481   0.082
B L  1Z7ME                 84    0.063  11.539   0.000   0.678   0.208   0.114
E L  1Z7ME                 85    0.339  62.078   0.000   0.606   0.249   0.145
E Y  1Z7ME                 86    0.590 126.179   0.000   0.505   0.272   0.223
B L  1Z7ME                 87    0.179  32.777   0.000   0.132   0.068   0.799
E K  1Z7ME                 88    0.680 139.917   0.000   0.005   0.030   0.965
B I  1Z7ME                 89    0.202  37.448   0.000   0.014   0.123   0.863
E G  1Z7ME                 90    0.262  20.634   0.000   0.005   0.381   0.614
E Q  1Z7ME                 91    0.495  88.415   0.000   0.004   0.607   0.389
B C  1Z7ME                 92    0.024   3.424   0.000   0.000   0.825   0.174
B I  1Z7ME                 93    0.151  27.933   0.000   0.000   0.985   0.015
B F  1Z7ME                 94    0.013   2.638   0.000   0.000   0.996   0.004
B A  1Z7ME                 95    0.023   2.482   0.000   0.000   0.996   0.003
B L  1Z7ME                 96    0.012   2.183   0.000   0.000   0.987   0.012
B A  1Z7ME                 97    0.040   4.376   0.000   0.001   0.874   0.125
B S  1Z7ME                 98    0.042   4.905   0.000   0.000   0.680   0.320
E Y  1Z7ME                 99    0.283  60.548   0.000   0.001   0.052   0.947
E P  1Z7ME                100    0.520  73.852   0.000   0.037   0.001   0.962
E D  1Z7ME                101    0.827 119.234   0.000   0.026   0.001   0.973
B F  1Z7ME                102    0.216  43.256   0.000   0.068   0.008   0.924
E S  1Z7ME                103    0.602  70.518   0.000   0.047   0.010   0.943
E N  1Z7ME                104    0.536  78.501   0.000   0.224   0.007   0.768
E K  1Z7ME                105    0.666 137.090   0.000   0.410   0.006   0.583
E N  1Z7ME                106    0.594  86.980   0.000   0.390   0.005   0.605
B F  1Z7ME                107    0.170  34.081   0.000   0.402   0.007   0.591
E Q  1Z7ME                108    0.508  90.673   0.000   0.402   0.005   0.593
E R  1Z7ME                109    0.600 137.465   0.000   0.289   0.005   0.706
E H  1Z7ME                110    0.535  97.400   0.000   0.160   0.013   0.828
E K  1Z7ME                111    0.316  64.954   0.000   0.007   0.098   0.895
E R  1Z7ME                112    0.334  76.571   0.000   0.002   0.905   0.094
B I  1Z7ME                113    0.036   6.614   0.000   0.002   0.979   0.019
B A  1Z7ME                114    0.038   4.140   0.000   0.008   0.928   0.064
B S  1Z7ME                115    0.062   7.293   0.000   0.012   0.619   0.369
E K  1Z7ME                116    0.358  73.546   0.000   0.097   0.016   0.887
B Y  1Z7ME                117    0.111  23.653   0.000   0.623   0.003   0.375
B P  1Z7ME                118    0.135  19.108   0.000   0.928   0.002   0.071
E R  1Z7ME                119    0.510 116.741   0.000   0.964   0.000   0.035
B V  1Z7ME                120    0.067  10.362   0.000   0.990   0.000   0.009
B T  1Z7ME                121    0.012   1.702   0.000   0.993   0.000   0.007
E K  1Z7ME                122    0.476  97.837   0.000   0.995   0.000   0.005
E K  1Z7ME                123    0.495 101.784   0.000   0.994   0.000   0.006
B Y  1Z7ME                124    0.097  20.734   0.000   0.995   0.000   0.005
B F  1Z7ME                125    0.068  13.690   0.000   0.976   0.000   0.024
E A  1Z7ME                126    0.615  67.725   0.000   0.935   0.000   0.065
E Q  1Z7ME                127    0.706 126.022   0.000   0.805   0.000   0.194
E K  1Z7ME                128    0.383  78.682   0.000   0.344   0.001   0.656
E Q  1Z7ME                129    0.829 147.971   0.000   0.049   0.002   0.949
E E  1Z7ME                130    0.446  77.829   0.000   0.074   0.009   0.917
E D  1Z7ME                131    0.788 113.557   0.000   0.018   0.041   0.941
B I  1Z7ME                132    0.143  26.535   0.000   0.001   0.349   0.650
E E  1Z7ME                133    0.566  98.875   0.000   0.000   0.978   0.022
E I  1Z7ME                134    0.252  46.654   0.000   0.000   0.996   0.004
B I  1Z7ME                135    0.220  40.667   0.000   0.000   0.993   0.007
E K  1Z7ME                136    0.492 101.211   0.000   0.000   0.956   0.044
B L  1Z7ME                137    0.101  18.584   0.000   0.002   0.412   0.586
E E  1Z7ME                138    0.531  92.707   0.000   0.004   0.128   0.868
E G  1Z7ME                139    0.255  20.036   0.000   0.108   0.062   0.830
B S  1Z7ME                140    0.228  26.755   0.000   0.577   0.019   0.404
B V  1Z7ME                141    0.170  26.074   0.000   0.915   0.003   0.082
B E  1Z7ME                142    0.139  24.262   0.000   0.931   0.003   0.067
B L  1Z7ME                143    0.077  14.009   0.000   0.892   0.003   0.104
B G  1Z7ME                144    0.094   7.410   0.000   0.483   0.004   0.513
B P  1Z7ME                145    0.067   9.481   0.000   0.542   0.007   0.451
B V  1Z7ME                146    0.218  33.502   0.000   0.746   0.006   0.248
E V  1Z7ME                147    0.305  46.897   0.000   0.485   0.006   0.509
E G  1Z7ME                148    0.600  47.181   0.000   0.040   0.001   0.959
B L  1Z7ME                149    0.244  44.757   0.000   0.075   0.002   0.923
B A  1Z7ME                150    0.019   2.146   0.000   0.000   0.011   0.989
E D  1Z7ME                151    0.276  39.723   0.000   0.000   0.004   0.996
B A  1Z7ME                152    0.009   0.986   0.000   0.000   0.995   0.005
B I  1Z7ME                153    0.007   1.372   0.000   0.000   1.000   0.000
B V  1Z7ME                154    0.004   0.545   0.000   0.000   0.999   0.001
B D  1Z7ME                155    0.027   3.894   0.000   0.000   0.993   0.007
B I  1Z7ME                156    0.042   7.731   0.000   0.001   0.844   0.155
B V  1Z7ME                157    0.115  17.661   0.000   0.004   0.488   0.508
E E  1Z7ME                158    0.448  78.282   0.000   0.017   0.077   0.906
E T  1Z7ME                159    0.365  50.562   0.000   0.029   0.013   0.959
B G  1Z7ME                160    0.125   9.825   0.000   0.126   0.003   0.871
E N  1Z7ME                161    0.637  93.196   0.000   0.787   0.001   0.212
E T  1Z7ME                162    0.331  45.846   0.000   0.856   0.010   0.135
B L  1Z7ME                163    0.053   9.746   0.000   0.938   0.001   0.061
E S  1Z7ME                164    0.550  64.439   0.000   0.956   0.000   0.044
E A  1Z7ME                165    0.644  71.017   0.000   0.821   0.001   0.178
E N  1Z7ME                166    0.254  37.247   0.000   0.108   0.000   0.892
E G  1Z7ME                167    0.563  44.274   0.000   0.002   0.001   0.998
B L  1Z7ME                168    0.082  15.106   0.000   0.001   0.117   0.882
E E  1Z7ME                169    0.622 108.727   0.000   0.001   0.938   0.061
E V  1Z7ME                170    0.342  52.530   0.000   0.000   0.987   0.013
E I  1Z7ME                171    0.346  64.058   0.000   0.001   0.919   0.079
E E  1Z7ME                172    0.418  73.018   0.000   0.000   0.972   0.028
E K  1Z7ME                173    0.475  97.645   0.000   0.000   0.985   0.015
B I  1Z7ME                174    0.145  26.807   0.000   0.001   0.971   0.028
B S  1Z7ME                175    0.196  22.929   0.000   0.000   0.986   0.013
E D  1Z7ME                176    0.555  79.999   0.000   0.000   0.982   0.018
B I  1Z7ME                177    0.094  17.466   0.000   0.000   0.896   0.103
E S  1Z7ME                178    0.295  34.601   0.000   0.001   0.708   0.291
B T  1Z7ME                179    0.081  11.166   0.000   0.000   0.848   0.152
B R  1Z7ME                180    0.169  38.765   0.000   0.000   0.988   0.011
B M  1Z7ME                181    0.033   6.586   0.000   0.000   0.998   0.002
B I  1Z7ME                182    0.021   3.857   0.000   0.000   0.996   0.004
B V  1Z7ME                183    0.034   5.230   0.000   0.000   0.964   0.035
B N  1Z7ME                184    0.153  22.386   0.000   0.001   0.638   0.361
E K  1Z7ME                185    0.465  95.693   0.000   0.838   0.002   0.160
E S  1Z7ME                186    0.537  62.972   0.000   0.874   0.001   0.126
B S  1Z7ME                187    0.107  12.587   0.000   0.913   0.001   0.086
B F  1Z7ME                188    0.150  30.170   0.000   0.836   0.003   0.161
E K  1Z7ME                189    0.682 140.270   0.000   0.636   0.001   0.363
E F  1Z7ME                190    0.470  94.302   0.000   0.558   0.001   0.441
E K  1Z7ME                191    0.363  74.663   0.000   0.203   0.001   0.797
E K  1Z7ME                192    0.469  96.420   0.000   0.970   0.000   0.030
E D  1Z7ME                193    0.782 112.660   0.000   0.982   0.000   0.018
E K  1Z7ME                194    0.395  81.218   0.000   0.993   0.000   0.007
B I  1Z7ME                195    0.018   3.404   0.000   0.997   0.000   0.003
E I  1Z7ME                196    0.287  53.107   0.000   0.999   0.000   0.001
E E  1Z7ME                197    0.516  90.181   0.000   0.997   0.000   0.003
B M  1Z7ME                198    0.054  10.900   0.000   0.999   0.000   0.001
B V  1Z7ME                199    0.058   8.856   0.000   0.998   0.000   0.002
E E  1Z7ME                200    0.538  93.919   0.000   0.995   0.000   0.005
E R  1Z7ME                201    0.393  90.009   0.000   0.989   0.000   0.010
B L  1Z7ME                202    0.039   7.099   0.000   0.982   0.000   0.017
E E  1Z7ME                203    0.425  74.202   0.000   0.943   0.001   0.057
E D  1Z7ME                204    0.675  97.231   0.000   0.861   0.000   0.138
E A  1Z7ME                205    0.250  27.567   0.000   0.706   0.001   0.293
E Q  1Z7ME                206    0.404  72.151   0.000   0.493   0.008   0.499
E T  1Z7ME                207    0.775 107.427   0.000   0.228   0.006   0.766
E N  1Z7ME                208    0.906 132.659   0.000   0.001   0.000   0.999
