# For publication of results, please cite:
# ...
# ... Michael Schantz Klausen, Martin Closter Jespersen, Henrik Nielsen, Kamilla Kjærgaard Jensen, 
# ... Vanessa Isabell Jurtz, Casper Kaae Sønderby, Morten Otto Alexander Sommer, Ole Winther, 
# ... Morten Nielsen, Bent Petersen, and Paolo Marcatili. 
# ... NetSurfP-2.0: Improved prediction of protein structural features by integrated deep learning.
# ... Proteins: Structure, Function, and Bioinformatics (Feb. 2019).
# ... https://doi.org/10.1002/prot.25674
# ...
#
# Column 1: Class assignment - B for buried or E for Exposed - Threshold: 25% exposure, but not based on RSA
# Column 2: Amino acid
# Column 3: Sequence name
# Column 4: Amino acid number
# Column 5: Relative Surface Accessibility - RSA
# Column 6: Absolute Surface Accessibility
# Column 7: Not used
# Column 8: Probability for Alpha-Helix
# Column 9: Probability for Beta-strand
# Column 10: Probability for Coil
E M  3O7JA                  1    0.899 179.921   0.000   0.000   0.000   1.000
E G  3O7JA                  2    0.876  68.923   0.000   0.000   0.000   1.000
E S  3O7JA                  3    0.835  97.902   0.000   0.001   0.000   0.999
E D  3O7JA                  4    0.786 113.253   0.000   0.002   0.000   0.998
E K  3O7JA                  5    0.698 143.527   0.000   0.003   0.001   0.996
E I  3O7JA                  6    0.655 121.102   0.000   0.003   0.002   0.995
E H  3O7JA                  7    0.705 128.327   0.000   0.002   0.002   0.996
E H  3O7JA                  8    0.698 126.987   0.000   0.003   0.001   0.996
E H  3O7JA                  9    0.684 124.394   0.000   0.003   0.001   0.996
E H  3O7JA                 10    0.687 124.961   0.000   0.003   0.001   0.996
E H  3O7JA                 11    0.689 125.382   0.000   0.003   0.001   0.996
E H  3O7JA                 12    0.693 125.972   0.000   0.002   0.001   0.996
E S  3O7JA                 13    0.713  83.557   0.000   0.003   0.001   0.996
E S  3O7JA                 14    0.731  85.686   0.000   0.004   0.001   0.994
E G  3O7JA                 15    0.711  55.926   0.000   0.005   0.002   0.993
E E  3O7JA                 16    0.693 121.098   0.000   0.012   0.006   0.982
E N  3O7JA                 17    0.760 111.320   0.000   0.013   0.012   0.975
E L  3O7JA                 18    0.600 109.784   0.000   0.025   0.027   0.949
E Y  3O7JA                 19    0.647 138.223   0.000   0.021   0.037   0.942
E F  3O7JA                 20    0.562 112.871   0.000   0.021   0.043   0.936
E Q  3O7JA                 21    0.735 131.316   0.000   0.017   0.023   0.960
E G  3O7JA                 22    0.710  55.904   0.000   0.010   0.013   0.977
E H  3O7JA                 23    0.712 129.590   0.000   0.008   0.051   0.942
E M  3O7JA                 24    0.576 115.287   0.000   0.002   0.144   0.854
B I  3O7JA                 25    0.212  39.181   0.000   0.004   0.352   0.645
E A  3O7JA                 26    0.345  37.979   0.000   0.006   0.390   0.603
B L  3O7JA                 27    0.154  28.140   0.000   0.942   0.001   0.057
E S  3O7JA                 28    0.607  71.087   0.000   0.985   0.000   0.015
E Q  3O7JA                 29    0.508  90.774   0.000   0.986   0.000   0.013
B F  3O7JA                 30    0.032   6.412   0.000   0.982   0.000   0.018
B N  3O7JA                 31    0.216  31.561   0.000   0.867   0.000   0.133
E S  3O7JA                 32    0.763  89.403   0.000   0.556   0.000   0.444
B L  3O7JA                 33    0.144  26.454   0.000   0.002   0.001   0.997
E S  3O7JA                 34    0.500  58.626   0.000   0.002   0.001   0.997
E K  3O7JA                 35    0.529 108.847   0.000   0.981   0.000   0.019
E D  3O7JA                 36    0.813 117.085   0.000   0.985   0.000   0.015
E E  3O7JA                 37    0.564  98.451   0.000   0.990   0.000   0.010
B A  3O7JA                 38    0.029   3.151   0.000   0.993   0.000   0.007
B A  3O7JA                 39    0.164  18.087   0.000   0.995   0.000   0.005
E G  3O7JA                 40    0.553  43.503   0.000   0.979   0.000   0.020
B L  3O7JA                 41    0.246  45.040   0.000   0.959   0.000   0.041
B L  3O7JA                 42    0.016   2.876   0.000   0.820   0.000   0.180
E A  3O7JA                 43    0.347  38.233   0.000   0.905   0.000   0.095
E P  3O7JA                 44    0.523  74.230   0.000   0.914   0.000   0.085
B C  3O7JA                 45    0.071   9.902   0.000   0.909   0.001   0.090
B V  3O7JA                 46    0.106  16.309   0.000   0.372   0.044   0.584
E A  3O7JA                 47    0.570  62.846   0.000   0.171   0.016   0.813
B L  3O7JA                 48    0.202  36.905   0.000   0.016   0.003   0.981
E P  3O7JA                 49    0.452  64.107   0.000   0.493   0.005   0.501
E A  3O7JA                 50    0.490  53.999   0.000   0.909   0.001   0.089
B W  3O7JA                 51    0.125  30.063   0.000   0.921   0.002   0.077
B G  3O7JA                 52    0.059   4.648   0.000   0.944   0.000   0.056
E E  3O7JA                 53    0.589 102.970   0.000   0.979   0.000   0.020
E T  3O7JA                 54    0.466  64.650   0.000   0.978   0.001   0.021
B L  3O7JA                 55    0.066  12.111   0.000   0.975   0.000   0.025
B V  3O7JA                 56    0.185  28.453   0.000   0.948   0.001   0.051
E S  3O7JA                 57    0.715  83.746   0.000   0.705   0.000   0.294
E L  3O7JA                 58    0.485  88.800   0.000   0.519   0.000   0.481
E R  3O7JA                 59    0.308  70.570   0.000   0.003   0.003   0.994
E P  3O7JA                 60    0.423  60.081   0.000   0.001   0.003   0.996
B F  3O7JA                 61    0.115  23.123   0.000   0.003   0.100   0.897
E A  3O7JA                 62    0.612  67.406   0.000   0.001   0.001   0.998
E S  3O7JA                 63    0.413  48.408   0.000   0.001   0.007   0.992
E R  3O7JA                 64    0.376  86.198   0.000   0.981   0.000   0.018
E H  3O7JA                 65    0.646 117.536   0.000   0.991   0.000   0.009
B A  3O7JA                 66    0.230  25.327   0.000   0.995   0.000   0.005
B L  3O7JA                 67    0.016   2.936   0.000   0.997   0.000   0.003
B L  3O7JA                 68    0.107  19.560   0.000   0.998   0.000   0.002
E Q  3O7JA                 69    0.553  98.796   0.000   0.998   0.000   0.002
B T  3O7JA                 70    0.143  19.853   0.000   0.996   0.000   0.004
B A  3O7JA                 71    0.008   0.904   0.000   0.995   0.000   0.005
E R  3O7JA                 72    0.404  92.484   0.000   0.994   0.000   0.006
E E  3O7JA                 73    0.587 102.543   0.000   0.988   0.000   0.012
B A  3O7JA                 74    0.087   9.604   0.000   0.983   0.000   0.017
B M  3O7JA                 75    0.063  12.575   0.000   0.939   0.000   0.060
E A  3O7JA                 76    0.536  59.090   0.000   0.637   0.000   0.363
E N  3O7JA                 77    0.809 118.446   0.000   0.357   0.000   0.643
B W  3O7JA                 78    0.137  33.029   0.000   0.087   0.001   0.912
E G  3O7JA                 79    0.383  30.107   0.000   0.021   0.001   0.978
E E  3O7JA                 80    0.598 104.503   0.000   0.953   0.000   0.047
E D  3O7JA                 81    0.822 118.409   0.000   0.956   0.000   0.044
E E  3O7JA                 82    0.484  84.617   0.000   0.960   0.000   0.040
B L  3O7JA                 83    0.088  16.192   0.000   0.970   0.000   0.030
E N  3O7JA                 84    0.445  65.098   0.000   0.969   0.000   0.031
E A  3O7JA                 85    0.480  52.912   0.000   0.943   0.000   0.057
B A  3O7JA                 86    0.136  15.001   0.000   0.931   0.000   0.069
B L  3O7JA                 87    0.103  18.848   0.000   0.871   0.001   0.129
E S  3O7JA                 88    0.599  70.215   0.000   0.459   0.000   0.541
E A  3O7JA                 89    0.474  52.197   0.000   0.191   0.000   0.808
B H  3O7JA                 90    0.234  42.617   0.000   0.002   0.004   0.994
E P  3O7JA                 91    0.488  69.267   0.000   0.159   0.003   0.838
E R  3O7JA                 92    0.542 124.180   0.000   0.078   0.013   0.909
B I  3O7JA                 93    0.203  37.595   0.000   0.113   0.021   0.866
E G  3O7JA                 94    0.332  26.090   0.000   0.088   0.016   0.896
E E  3O7JA                 95    0.674 117.667   0.000   0.016   0.011   0.972
E K  3O7JA                 96    0.630 129.684   0.000   0.001   0.009   0.990
E P  3O7JA                 97    0.642  91.049   0.000   0.002   0.006   0.991
E T  3O7JA                 98    0.800 111.003   0.000   0.002   0.001   0.996
E G  3O7JA                 99    0.813  63.979   0.000   0.005   0.000   0.995
E S  3O7JA                100    0.664  77.770   0.000   0.010   0.001   0.989
E Q  3O7JA                101    0.740 132.121   0.000   0.018   0.001   0.982
E A  3O7JA                102    0.595  65.550   0.000   0.021   0.001   0.978
E H  3O7JA                103    0.574 104.414   0.000   0.028   0.003   0.969
E A  3O7JA                104    0.504  55.558   0.000   0.028   0.001   0.971
E A  3O7JA                105    0.640  70.492   0.000   0.028   0.000   0.972
E L  3O7JA                106    0.524  95.896   0.000   0.033   0.001   0.966
E S  3O7JA                107    0.440  51.511   0.000   0.032   0.001   0.967
E R  3O7JA                108    0.663 151.853   0.000   0.022   0.000   0.977
E Q  3O7JA                109    0.692 123.579   0.000   0.019   0.000   0.981
E E  3O7JA                110    0.541  94.563   0.000   0.018   0.000   0.981
E Q  3O7JA                111    0.559  99.827   0.000   0.019   0.001   0.980
E S  3O7JA                112    0.644  75.430   0.000   0.026   0.001   0.973
E S  3O7JA                113    0.628  73.551   0.000   0.027   0.001   0.972
E V  3O7JA                114    0.449  68.976   0.000   0.036   0.001   0.963
E D  3O7JA                115    0.751 108.158   0.000   0.042   0.000   0.958
E S  3O7JA                116    0.629  73.727   0.000   0.102   0.001   0.898
E E  3O7JA                117    0.712 124.336   0.000   0.156   0.001   0.843
E N  3O7JA                118    0.587  85.893   0.000   0.128   0.000   0.872
E E  3O7JA                119    0.778 135.900   0.000   0.619   0.000   0.381
E R  3O7JA                120    0.702 160.761   0.000   0.732   0.000   0.268
E L  3O7JA                121    0.300  54.971   0.000   0.827   0.001   0.172
E A  3O7JA                122    0.287  31.619   0.000   0.869   0.000   0.130
E Q  3O7JA                123    0.581 103.685   0.000   0.939   0.000   0.061
E A  3O7JA                124    0.320  35.310   0.000   0.956   0.000   0.043
B L  3O7JA                125    0.137  25.105   0.000   0.966   0.000   0.033
E R  3O7JA                126    0.529 121.109   0.000   0.988   0.000   0.012
E E  3O7JA                127    0.586 102.372   0.000   0.990   0.000   0.010
B G  3O7JA                128    0.064   5.039   0.000   0.986   0.000   0.014
B N  3O7JA                129    0.133  19.413   0.000   0.994   0.000   0.006
E A  3O7JA                130    0.490  53.944   0.000   0.991   0.000   0.009
E R  3O7JA                131    0.491 112.509   0.000   0.989   0.000   0.011
B Y  3O7JA                132    0.065  13.849   0.000   0.988   0.000   0.012
E E  3O7JA                133    0.447  78.164   0.000   0.993   0.000   0.007
E A  3O7JA                134    0.778  85.784   0.000   0.984   0.000   0.016
E R  3O7JA                135    0.566 129.517   0.000   0.949   0.001   0.050
E F  3O7JA                136    0.260  52.102   0.000   0.931   0.001   0.069
E G  3O7JA                137    0.449  35.366   0.000   0.004   0.003   0.993
E R  3O7JA                138    0.280  64.220   0.000   0.005   0.052   0.943
B V  3O7JA                139    0.119  18.270   0.000   0.010   0.260   0.730
B F  3O7JA                140    0.045   8.940   0.000   0.011   0.734   0.255
B L  3O7JA                141    0.038   6.945   0.000   0.028   0.841   0.131
B I  3O7JA                142    0.031   5.683   0.000   0.022   0.914   0.065
B R  3O7JA                143    0.222  50.877   0.000   0.023   0.835   0.142
B A  3O7JA                144    0.030   3.268   0.000   0.022   0.410   0.568
E K  3O7JA                145    0.517 106.410   0.000   0.007   0.071   0.923
E G  3O7JA                146    0.627  49.356   0.000   0.005   0.009   0.986
E R  3O7JA                147    0.336  76.938   0.000   0.002   0.065   0.933
E S  3O7JA                148    0.396  46.446   0.000   0.002   0.046   0.951
B G  3O7JA                149    0.139  10.971   0.000   0.972   0.000   0.028
E E  3O7JA                150    0.687 120.069   0.000   0.987   0.000   0.013
E E  3O7JA                151    0.479  83.761   0.000   0.992   0.000   0.008
B I  3O7JA                152    0.020   3.676   0.000   0.997   0.000   0.003
B L  3O7JA                153    0.129  23.589   0.000   0.997   0.000   0.003
E Q  3O7JA                154    0.552  98.608   0.000   0.994   0.000   0.006
B A  3O7JA                155    0.112  12.315   0.000   0.996   0.000   0.004
B L  3O7JA                156    0.021   3.906   0.000   0.995   0.000   0.005
E T  3O7JA                157    0.376  52.198   0.000   0.991   0.000   0.009
E R  3O7JA                158    0.611 139.934   0.000   0.960   0.000   0.040
B R  3O7JA                159    0.223  51.154   0.000   0.951   0.000   0.048
B L  3O7JA                160    0.107  19.543   0.000   0.571   0.001   0.427
E Q  3O7JA                161    0.771 137.743   0.000   0.117   0.000   0.883
E H  3O7JA                162    0.366  66.637   0.000   0.004   0.000   0.996
E T  3O7JA                163    0.504  69.874   0.000   0.004   0.001   0.995
E A  3O7JA                164    0.327  36.035   0.000   0.988   0.000   0.011
E D  3O7JA                165    0.782 112.756   0.000   0.996   0.000   0.004
E E  3O7JA                166    0.540  94.327   0.000   0.996   0.000   0.004
B E  3O7JA                167    0.064  11.245   0.000   0.998   0.000   0.002
B V  3O7JA                168    0.134  20.648   0.000   0.999   0.000   0.001
E A  3O7JA                169    0.455  50.136   0.000   1.000   0.000   0.000
E E  3O7JA                170    0.417  72.783   0.000   1.000   0.000   0.000
B A  3O7JA                171    0.007   0.806   0.000   1.000   0.000   0.000
B L  3O7JA                172    0.097  17.686   0.000   0.999   0.000   0.001
E A  3O7JA                173    0.391  43.067   0.000   0.999   0.000   0.000
B Q  3O7JA                174    0.246  43.921   0.000   0.999   0.000   0.001
B L  3O7JA                175    0.028   5.142   0.000   1.000   0.000   0.000
E R  3O7JA                176    0.343  78.529   0.000   1.000   0.000   0.000
E E  3O7JA                177    0.536  93.635   0.000   0.999   0.000   0.001
B I  3O7JA                178    0.064  11.863   0.000   0.999   0.000   0.001
B T  3O7JA                179    0.019   2.604   0.000   0.999   0.000   0.001
E M  3O7JA                180    0.271  54.210   0.000   0.996   0.000   0.004
E L  3O7JA                181    0.363  66.531   0.000   0.994   0.000   0.006
B R  3O7JA                182    0.202  46.294   0.000   0.992   0.000   0.007
B L  3O7JA                183    0.080  14.656   0.000   0.937   0.001   0.062
E E  3O7JA                184    0.570  99.533   0.000   0.809   0.001   0.190
E G  3O7JA                185    0.603  47.446   0.000   0.585   0.001   0.414
E A  3O7JA                186    0.289  31.876   0.000   0.512   0.003   0.485
B I  3O7JA                187    0.216  39.954   0.000   0.259   0.018   0.723
E G  3O7JA                188    0.711  55.975   0.000   0.030   0.005   0.965
E E  3O7JA                189    0.946 165.262   0.000   0.002   0.000   0.998
