# For publication of results, please cite:
# ...
# ... Michael Schantz Klausen, Martin Closter Jespersen, Henrik Nielsen, Kamilla Kjærgaard Jensen, 
# ... Vanessa Isabell Jurtz, Casper Kaae Sønderby, Morten Otto Alexander Sommer, Ole Winther, 
# ... Morten Nielsen, Bent Petersen, and Paolo Marcatili. 
# ... NetSurfP-2.0: Improved prediction of protein structural features by integrated deep learning.
# ... Proteins: Structure, Function, and Bioinformatics (Feb. 2019).
# ... https://doi.org/10.1002/prot.25674
# ...
#
# Column 1: Class assignment - B for buried or E for Exposed - Threshold: 25% exposure, but not based on RSA
# Column 2: Amino acid
# Column 3: Sequence name
# Column 4: Amino acid number
# Column 5: Relative Surface Accessibility - RSA
# Column 6: Absolute Surface Accessibility
# Column 7: Not used
# Column 8: Probability for Alpha-Helix
# Column 9: Probability for Beta-strand
# Column 10: Probability for Coil
E M  3HPGL                  1    0.739 147.858   0.000   0.019   0.000   0.981
E D  3HPGL                  2    0.802 115.506   0.000   0.241   0.000   0.759
E S  3HPGL                  3    0.681  79.809   0.000   0.553   0.000   0.446
E R  3HPGL                  4    0.561 128.474   0.000   0.911   0.000   0.089
E L  3HPGL                  5    0.375  68.669   0.000   0.964   0.001   0.036
E Q  3HPGL                  6    0.586 104.744   0.000   0.994   0.000   0.006
E R  3HPGL                  7    0.598 136.940   0.000   0.996   0.000   0.004
B I  3HPGL                  8    0.242  44.712   0.000   0.996   0.000   0.004
E H  3HPGL                  9    0.296  53.806   0.000   0.998   0.000   0.002
E A  3HPGL                 10    0.414  45.663   0.000   0.999   0.000   0.001
E E  3HPGL                 11    0.504  88.123   0.000   0.999   0.000   0.001
B I  3HPGL                 12    0.189  34.896   0.000   0.999   0.000   0.001
E K  3HPGL                 13    0.362  74.365   0.000   0.998   0.000   0.002
E N  3HPGL                 14    0.656  96.071   0.000   0.986   0.000   0.014
E S  3HPGL                 15    0.505  59.237   0.000   0.939   0.000   0.060
E L  3HPGL                 16    0.311  56.914   0.000   0.488   0.001   0.511
E K  3HPGL                 17    0.754 155.137   0.000   0.092   0.002   0.906
E I  3HPGL                 18    0.337  62.291   0.000   0.061   0.005   0.934
E D  3HPGL                 19    0.852 122.722   0.000   0.042   0.001   0.957
E N  3HPGL                 20    0.841 123.190   0.000   0.027   0.003   0.970
E L  3HPGL                 21    0.289  52.837   0.000   0.022   0.028   0.950
E D  3HPGL                 22    0.554  79.760   0.000   0.009   0.002   0.989
E V  3HPGL                 23    0.364  55.933   0.000   0.927   0.001   0.072
E N  3HPGL                 24    0.696 101.829   0.000   0.990   0.000   0.010
E R  3HPGL                 25    0.494 113.221   0.000   0.993   0.000   0.007
B C  3HPGL                 26    0.097  13.670   0.000   0.994   0.000   0.006
E I  3HPGL                 27    0.317  58.671   0.000   0.993   0.000   0.007
E E  3HPGL                 28    0.635 110.921   0.000   0.987   0.000   0.013
B A  3HPGL                 29    0.191  21.004   0.000   0.966   0.000   0.034
B L  3HPGL                 30    0.224  40.923   0.000   0.895   0.000   0.105
E D  3HPGL                 31    0.772 111.287   0.000   0.673   0.000   0.327
E E  3HPGL                 32    0.721 125.971   0.000   0.480   0.000   0.520
B V  3HPGL                 33    0.240  36.829   0.000   0.040   0.001   0.959
E T  3HPGL                 34    0.528  73.183   0.000   0.030   0.001   0.970
E M  3HPGL                 35    0.559 111.849   0.000   0.974   0.000   0.026
E Q  3HPGL                 36    0.712 127.229   0.000   0.989   0.000   0.011
E Q  3HPGL                 37    0.435  77.774   0.000   0.990   0.000   0.010
B A  3HPGL                 38    0.121  13.282   0.000   0.977   0.000   0.023
E Q  3HPGL                 39    0.684 122.169   0.000   0.876   0.000   0.123
E K  3HPGL                 40    0.714 146.897   0.000   0.694   0.000   0.306
E H  3HPGL                 41    0.329  59.842   0.000   0.017   0.001   0.982
E T  3HPGL                 42    0.593  82.185   0.000   0.979   0.000   0.021
E E  3HPGL                 43    0.667 116.529   0.000   0.987   0.000   0.013
B M  3HPGL                 44    0.231  46.127   0.000   0.994   0.000   0.006
E I  3HPGL                 45    0.281  51.893   0.000   0.997   0.000   0.002
E T  3HPGL                 46    0.495  68.622   0.000   0.997   0.000   0.003
E T  3HPGL                 47    0.350  48.565   0.000   0.997   0.000   0.003
E L  3HPGL                 48    0.294  53.886   0.000   0.997   0.000   0.003
E K  3HPGL                 49    0.495 101.775   0.000   0.995   0.000   0.005
E K  3HPGL                 50    0.553 113.718   0.000   0.978   0.000   0.022
E I  3HPGL                 51    0.395  73.137   0.000   0.946   0.000   0.053
E R  3HPGL                 52    0.584 133.705   0.000   0.819   0.001   0.181
E R  3HPGL                 53    0.706 161.695   0.000   0.544   0.003   0.453
E F  3HPGL                 54    0.658 132.145   0.000   0.372   0.006   0.622
E K  3HPGL                 55    0.653 134.416   0.000   0.346   0.007   0.646
E V  3HPGL                 56    0.640  98.392   0.000   0.350   0.002   0.648
E S  3HPGL                 57    0.730  85.591   0.000   0.251   0.001   0.747
E Q  3HPGL                 58    0.758 135.312   0.000   0.139   0.006   0.855
E V  3HPGL                 59    0.755 116.017   0.000   0.087   0.004   0.908
E I  3HPGL                 60    0.771 142.625   0.000   0.058   0.002   0.940
E M  3HPGL                 61    0.904 180.919   0.000   0.001   0.000   0.999
