# For publication of results, please cite:
# ...
# ... Michael Schantz Klausen, Martin Closter Jespersen, Henrik Nielsen, Kamilla Kjærgaard Jensen, 
# ... Vanessa Isabell Jurtz, Casper Kaae Sønderby, Morten Otto Alexander Sommer, Ole Winther, 
# ... Morten Nielsen, Bent Petersen, and Paolo Marcatili. 
# ... NetSurfP-2.0: Improved prediction of protein structural features by integrated deep learning.
# ... Proteins: Structure, Function, and Bioinformatics (Feb. 2019).
# ... https://doi.org/10.1002/prot.25674
# ...
#
# Column 1: Class assignment - B for buried or E for Exposed - Threshold: 25% exposure, but not based on RSA
# Column 2: Amino acid
# Column 3: Sequence name
# Column 4: Amino acid number
# Column 5: Relative Surface Accessibility - RSA
# Column 6: Absolute Surface Accessibility
# Column 7: Not used
# Column 8: Probability for Alpha-Helix
# Column 9: Probability for Beta-strand
# Column 10: Probability for Coil
E A  1EFDN                  1    0.893  98.392   0.000   0.001   0.000   0.999
E G  1EFDN                  2    0.774  60.908   0.000   0.002   0.003   0.996
E I  1EFDN                  3    0.495  91.538   0.000   0.002   0.011   0.987
E D  1EFDN                  4    0.699 100.762   0.000   0.001   0.003   0.996
B P  1EFDN                  5    0.139  19.763   0.000   0.015   0.008   0.977
E N  1EFDN                  6    0.637  93.301   0.000   0.005   0.020   0.975
E R  1EFDN                  7    0.367  84.145   0.000   0.005   0.407   0.587
B I  1EFDN                  8    0.014   2.503   0.000   0.000   0.996   0.004
B V  1EFDN                  9    0.004   0.565   0.000   0.000   0.999   0.001
B A  1EFDN                 10    0.003   0.383   0.000   0.000   0.968   0.032
B L  1EFDN                 11    0.034   6.191   0.000   0.000   0.150   0.850
B E  1EFDN                 12    0.090  15.726   0.000   0.001   0.014   0.985
B W  1EFDN                 13    0.089  21.410   0.000   0.470   0.004   0.526
B L  1EFDN                 14    0.056  10.308   0.000   0.833   0.001   0.167
B P  1EFDN                 15    0.014   2.024   0.000   0.970   0.000   0.030
B V  1EFDN                 16    0.013   1.946   0.000   0.995   0.000   0.005
B E  1EFDN                 17    0.049   8.511   0.000   0.999   0.000   0.001
B L  1EFDN                 18    0.013   2.373   0.000   0.999   0.000   0.001
B L  1EFDN                 19    0.003   0.507   0.000   0.999   0.000   0.001
B L  1EFDN                 20    0.093  17.010   0.000   0.998   0.000   0.002
B A  1EFDN                 21    0.116  12.814   0.000   0.946   0.000   0.054
B L  1EFDN                 22    0.064  11.678   0.000   0.155   0.000   0.845
E G  1EFDN                 23    0.610  47.994   0.000   0.001   0.000   0.999
B I  1EFDN                 24    0.074  13.665   0.000   0.001   0.005   0.995
E V  1EFDN                 25    0.372  57.168   0.000   0.005   0.379   0.616
B P  1EFDN                 26    0.138  19.593   0.000   0.003   0.240   0.757
B Y  1EFDN                 27    0.147  31.434   0.000   0.002   0.473   0.525
B G  1EFDN                 28    0.015   1.145   0.000   0.000   0.964   0.036
B V  1EFDN                 29    0.022   3.436   0.000   0.000   0.978   0.022
B A  1EFDN                 30    0.036   3.927   0.000   0.009   0.626   0.366
E D  1EFDN                 31    0.307  44.212   0.000   0.189   0.109   0.702
B T  1EFDN                 32    0.226  31.295   0.000   0.370   0.062   0.568
B I  1EFDN                 33    0.216  39.983   0.000   0.440   0.053   0.508
E N  1EFDN                 34    0.435  63.727   0.000   0.340   0.030   0.630
B Y  1EFDN                 35    0.199  42.440   0.000   0.623   0.010   0.367
E R  1EFDN                 36    0.545 124.834   0.000   0.772   0.009   0.219
E L  1EFDN                 37    0.437  79.927   0.000   0.820   0.009   0.171
B W  1EFDN                 38    0.145  34.951   0.000   0.800   0.011   0.189
B V  1EFDN                 39    0.133  20.488   0.000   0.468   0.109   0.422
E S  1EFDN                 40    0.570  66.758   0.000   0.412   0.025   0.562
E E  1EFDN                 41    0.619 108.079   0.000   0.009   0.008   0.983
E P  1EFDN                 42    0.434  61.585   0.000   0.001   0.001   0.998
E P  1EFDN                 43    0.580  82.329   0.000   0.001   0.003   0.997
B L  1EFDN                 44    0.237  43.336   0.000   0.007   0.008   0.985
E P  1EFDN                 45    0.289  41.039   0.000   0.055   0.005   0.940
E D  1EFDN                 46    0.913 131.514   0.000   0.103   0.004   0.894
E S  1EFDN                 47    0.640  74.970   0.000   0.052   0.030   0.918
B V  1EFDN                 48    0.117  17.933   0.000   0.003   0.274   0.723
E I  1EFDN                 49    0.315  58.183   0.000   0.001   0.862   0.137
E D  1EFDN                 50    0.421  60.675   0.000   0.000   0.968   0.032
B V  1EFDN                 51    0.047   7.262   0.000   0.003   0.614   0.383
B G  1EFDN                 52    0.120   9.480   0.000   0.003   0.761   0.236
E L  1EFDN                 53    0.258  47.330   0.000   0.008   0.500   0.492
E R  1EFDN                 54    0.329  75.339   0.000   0.013   0.066   0.920
E T  1EFDN                 55    0.453  62.772   0.000   0.010   0.039   0.951
E E  1EFDN                 56    0.650 113.471   0.000   0.003   0.061   0.936
B P  1EFDN                 57    0.122  17.241   0.000   0.004   0.261   0.735
E N  1EFDN                 58    0.451  65.984   0.000   0.006   0.004   0.989
E L  1EFDN                 59    0.316  57.840   0.000   0.956   0.000   0.044
E E  1EFDN                 60    0.853 149.002   0.000   0.994   0.000   0.006
B L  1EFDN                 61    0.235  43.056   0.000   0.998   0.000   0.002
B L  1EFDN                 62    0.009   1.687   0.000   0.997   0.000   0.003
E T  1EFDN                 63    0.422  58.577   0.000   0.988   0.000   0.012
E E  1EFDN                 64    0.776 135.594   0.000   0.913   0.000   0.087
B M  1EFDN                 65    0.122  24.374   0.000   0.662   0.000   0.338
E K  1EFDN                 66    0.730 150.168   0.000   0.000   0.000   1.000
B P  1EFDN                 67    0.025   3.581   0.000   0.000   0.000   1.000
E S  1EFDN                 68    0.374  43.781   0.000   0.000   0.000   1.000
B F  1EFDN                 69    0.037   7.366   0.000   0.000   0.993   0.007
B M  1EFDN                 70    0.004   0.732   0.000   0.000   1.000   0.000
B V  1EFDN                 71    0.003   0.515   0.000   0.000   0.999   0.001
B W  1EFDN                 72    0.005   1.231   0.000   0.000   0.973   0.027
B S  1EFDN                 73    0.059   6.865   0.000   0.001   0.716   0.283
E A  1EFDN                 74    0.306  33.686   0.000   0.091   0.029   0.880
E G  1EFDN                 75    0.573  45.121   0.000   0.054   0.008   0.938
E Y  1EFDN                 76    0.342  73.144   0.000   0.075   0.024   0.901
E G  1EFDN                 77    0.375  29.525   0.000   0.027   0.011   0.962
E P  1EFDN                 78    0.350  49.720   0.000   0.024   0.003   0.973
E S  1EFDN                 79    0.266  31.185   0.000   0.200   0.001   0.799
B P  1EFDN                 80    0.238  33.713   0.000   0.932   0.000   0.068
E E  1EFDN                 81    0.721 126.014   0.000   0.979   0.000   0.021
E M  1EFDN                 82    0.255  50.930   0.000   0.991   0.000   0.009
B L  1EFDN                 83    0.011   2.001   0.000   0.987   0.000   0.013
E A  1EFDN                 84    0.407  44.884   0.000   0.757   0.001   0.242
E R  1EFDN                 85    0.767 175.532   0.000   0.460   0.000   0.540
B I  1EFDN                 86    0.191  35.374   0.000   0.413   0.003   0.584
B A  1EFDN                 87    0.085   9.421   0.000   0.001   0.005   0.995
E P  1EFDN                 88    0.407  57.792   0.000   0.000   0.010   0.989
B G  1EFDN                 89    0.200  15.762   0.000   0.001   0.846   0.153
E R  1EFDN                 90    0.275  63.013   0.000   0.001   0.971   0.028
B G  1EFDN                 91    0.176  13.849   0.000   0.001   0.931   0.068
B F  1EFDN                 92    0.049   9.842   0.000   0.001   0.709   0.290
E N  1EFDN                 93    0.421  61.577   0.000   0.002   0.389   0.608
B F  1EFDN                 94    0.099  19.853   0.000   0.106   0.045   0.849
E S  1EFDN                 95    0.430  50.442   0.000   0.114   0.020   0.866
E D  1EFDN                 96    0.659  94.966   0.000   0.087   0.010   0.903
E G  1EFDN                 97    0.507  39.899   0.000   0.021   0.007   0.973
E K  1EFDN                 98    0.640 131.553   0.000   0.015   0.017   0.968
E Q  1EFDN                 99    0.359  64.105   0.000   0.012   0.031   0.957
E P  1EFDN                100    0.332  47.097   0.000   0.155   0.066   0.779
B L  1EFDN                101    0.145  26.522   0.000   0.944   0.002   0.054
E A  1EFDN                102    0.469  51.718   0.000   0.985   0.000   0.014
B M  1EFDN                103    0.178  35.556   0.000   0.988   0.000   0.012
B A  1EFDN                104    0.010   1.088   0.000   0.996   0.000   0.004
E R  1EFDN                105    0.321  73.423   0.000   0.999   0.000   0.001
E K  1EFDN                106    0.526 108.140   0.000   0.999   0.000   0.001
B S  1EFDN                107    0.043   5.006   0.000   0.998   0.000   0.002
B L  1EFDN                108    0.010   1.764   0.000   0.999   0.000   0.001
E T  1EFDN                109    0.326  45.164   0.000   1.000   0.000   0.000
E E  1EFDN                110    0.326  56.997   0.000   1.000   0.000   0.000
B M  1EFDN                111    0.005   1.047   0.000   1.000   0.000   0.000
B A  1EFDN                112    0.007   0.815   0.000   1.000   0.000   0.000
E D  1EFDN                113    0.642  92.581   0.000   0.999   0.000   0.001
B L  1EFDN                114    0.146  26.767   0.000   0.984   0.000   0.016
B L  1EFDN                115    0.064  11.705   0.000   0.241   0.000   0.759
E N  1EFDN                116    0.774 113.281   0.000   0.005   0.000   0.995
B L  1EFDN                117    0.226  41.302   0.000   0.009   0.001   0.991
E Q  1EFDN                118    0.581 103.724   0.000   0.993   0.000   0.007
E S  1EFDN                119    0.745  87.356   0.000   0.996   0.000   0.004
E A  1EFDN                120    0.256  28.226   0.000   0.996   0.000   0.004
B A  1EFDN                121    0.009   0.980   0.000   0.998   0.000   0.002
E E  1EFDN                122    0.575 100.426   0.000   0.999   0.000   0.001
E T  1EFDN                123    0.589  81.698   0.000   0.999   0.000   0.001
B H  1EFDN                124    0.096  17.522   0.000   0.999   0.000   0.001
B L  1EFDN                125    0.069  12.586   0.000   0.999   0.000   0.001
E A  1EFDN                126    0.473  52.179   0.000   0.999   0.000   0.001
E Q  1EFDN                127    0.436  77.797   0.000   0.998   0.000   0.002
B Y  1EFDN                128    0.028   5.997   0.000   0.998   0.000   0.002
E E  1EFDN                129    0.372  64.908   0.000   1.000   0.000   0.000
E D  1EFDN                130    0.596  85.824   0.000   1.000   0.000   0.000
B F  1EFDN                131    0.210  42.197   0.000   0.999   0.000   0.001
B I  1EFDN                132    0.036   6.665   0.000   0.999   0.000   0.001
E R  1EFDN                133    0.606 138.699   0.000   0.994   0.000   0.006
E S  1EFDN                134    0.561  65.772   0.000   0.930   0.000   0.070
B M  1EFDN                135    0.031   6.239   0.000   0.838   0.000   0.162
E K  1EFDN                136    0.348  71.606   0.000   0.966   0.000   0.034
E P  1EFDN                137    0.570  80.816   0.000   0.976   0.000   0.024
E R  1EFDN                138    0.417  95.525   0.000   0.981   0.000   0.019
B F  1EFDN                139    0.046   9.183   0.000   0.929   0.002   0.069
E V  1EFDN                140    0.482  74.011   0.000   0.755   0.004   0.241
E K  1EFDN                141    0.779 160.151   0.000   0.526   0.002   0.472
E R  1EFDN                142    0.510 116.762   0.000   0.205   0.002   0.794
E G  1EFDN                143    0.695  54.683   0.000   0.017   0.002   0.981
E A  1EFDN                144    0.477  52.590   0.000   0.004   0.004   0.992
E R  1EFDN                145    0.530 121.424   0.000   0.001   0.032   0.967
B P  1EFDN                146    0.183  25.937   0.000   0.000   0.058   0.942
B L  1EFDN                147    0.123  22.536   0.000   0.000   0.889   0.111
B L  1EFDN                148    0.018   3.243   0.000   0.000   0.994   0.006
B L  1EFDN                149    0.007   1.350   0.000   0.000   0.999   0.001
B T  1EFDN                150    0.007   0.959   0.000   0.000   0.997   0.003
B T  1EFDN                151    0.032   4.372   0.000   0.000   0.971   0.029
B L  1EFDN                152    0.112  20.471   0.000   0.000   0.914   0.085
B I  1EFDN                153    0.137  25.345   0.000   0.000   0.706   0.294
B D  1EFDN                154    0.199  28.681   0.000   0.001   0.511   0.488
E P  1EFDN                155    0.407  57.808   0.000   0.008   0.004   0.987
E R  1EFDN                156    0.551 126.113   0.000   0.007   0.004   0.988
E H  1EFDN                157    0.295  53.604   0.000   0.009   0.647   0.344
B M  1EFDN                158    0.024   4.720   0.000   0.000   0.935   0.064
B L  1EFDN                159    0.092  16.819   0.000   0.000   0.993   0.007
B V  1EFDN                160    0.027   4.220   0.000   0.000   0.981   0.019
B F  1EFDN                161    0.073  14.671   0.000   0.000   0.900   0.100
B G  1EFDN                162    0.033   2.559   0.000   0.000   0.085   0.914
E P  1EFDN                163    0.290  41.094   0.000   0.001   0.009   0.989
E N  1EFDN                164    0.581  85.128   0.000   0.003   0.001   0.995
B S  1EFDN                165    0.041   4.859   0.000   0.010   0.016   0.974
B L  1EFDN                166    0.050   9.215   0.000   0.931   0.001   0.068
B F  1EFDN                167    0.024   4.732   0.000   0.985   0.000   0.015
B Q  1EFDN                168    0.081  14.497   0.000   0.997   0.000   0.003
B E  1EFDN                169    0.228  39.772   0.000   0.999   0.000   0.001
B I  1EFDN                170    0.005   0.950   0.000   0.999   0.000   0.001
B L  1EFDN                171    0.011   2.076   0.000   0.999   0.000   0.001
E D  1EFDN                172    0.592  85.315   0.000   0.997   0.000   0.003
E E  1EFDN                173    0.430  75.061   0.000   0.954   0.000   0.046
B Y  1EFDN                174    0.112  24.027   0.000   0.318   0.000   0.682
E G  1EFDN                175    0.596  46.874   0.000   0.003   0.001   0.997
B I  1EFDN                176    0.049   9.141   0.000   0.000   0.007   0.993
E P  1EFDN                177    0.362  51.361   0.000   0.005   0.010   0.985
B N  1EFDN                178    0.140  20.513   0.000   0.004   0.680   0.316
B A  1EFDN                179    0.041   4.485   0.000   0.170   0.050   0.781
B W  1EFDN                180    0.077  18.627   0.000   0.244   0.062   0.694
E Q  1EFDN                181    0.561 100.196   0.000   0.187   0.028   0.786
E G  1EFDN                182    0.602  47.370   0.000   0.059   0.015   0.926
E E  1EFDN                183    0.546  95.337   0.000   0.068   0.030   0.902
E T  1EFDN                184    0.534  74.017   0.000   0.068   0.044   0.888
E N  1EFDN                185    0.598  87.484   0.000   0.055   0.054   0.891
E F  1EFDN                186    0.383  76.916   0.000   0.061   0.060   0.879
E W  1EFDN                187    0.394  94.728   0.000   0.049   0.078   0.872
B G  1EFDN                188    0.249  19.591   0.000   0.025   0.274   0.701
E S  1EFDN                189    0.255  29.874   0.000   0.004   0.660   0.336
B T  1EFDN                190    0.226  31.326   0.000   0.001   0.901   0.098
E A  1EFDN                191    0.424  46.692   0.000   0.000   0.944   0.056
B V  1EFDN                192    0.041   6.315   0.000   0.001   0.629   0.370
E S  1EFDN                193    0.417  48.872   0.000   0.002   0.133   0.865
E I  1EFDN                194    0.259  47.848   0.000   0.913   0.001   0.086
E D  1EFDN                195    0.876 126.222   0.000   0.968   0.000   0.031
E R  1EFDN                196    0.439 100.619   0.000   0.975   0.000   0.025
B L  1EFDN                197    0.012   2.275   0.000   0.980   0.000   0.020
E A  1EFDN                198    0.371  40.906   0.000   0.883   0.000   0.117
E A  1EFDN                199    0.583  64.221   0.000   0.559   0.000   0.441
B Y  1EFDN                200    0.121  25.839   0.000   0.208   0.001   0.791
E K  1EFDN                201    0.668 137.305   0.000   0.116   0.002   0.882
E D  1EFDN                202    0.644  92.739   0.000   0.030   0.001   0.969
B V  1EFDN                203    0.028   4.368   0.000   0.000   0.023   0.977
E D  1EFDN                204    0.406  58.469   0.000   0.000   0.010   0.989
B V  1EFDN                205    0.039   6.049   0.000   0.000   0.992   0.008
B L  1EFDN                206    0.009   1.575   0.000   0.000   1.000   0.000
B C  1EFDN                207    0.008   1.148   0.000   0.000   0.998   0.002
B F  1EFDN                208    0.011   2.171   0.000   0.000   0.947   0.053
B D  1EFDN                209    0.130  18.774   0.000   0.001   0.456   0.543
E H  1EFDN                210    0.267  48.572   0.000   0.036   0.077   0.888
E D  1EFDN                211    0.564  81.209   0.000   0.029   0.007   0.964
E N  1EFDN                212    0.466  68.293   0.000   0.104   0.009   0.887
E S  1EFDN                213    0.531  62.238   0.000   0.627   0.002   0.371
E K  1EFDN                214    0.672 138.250   0.000   0.648   0.002   0.351
E D  1EFDN                215    0.375  54.028   0.000   0.672   0.002   0.326
B M  1EFDN                216    0.108  21.693   0.000   0.952   0.000   0.048
E D  1EFDN                217    0.712 102.636   0.000   0.991   0.000   0.009
E A  1EFDN                218    0.412  45.403   0.000   0.991   0.000   0.009
B L  1EFDN                219    0.025   4.550   0.000   0.991   0.000   0.009
E M  1EFDN                220    0.265  53.001   0.000   0.879   0.000   0.121
E A  1EFDN                221    0.756  83.282   0.000   0.346   0.000   0.654
B T  1EFDN                222    0.205  28.465   0.000   0.001   0.000   0.999
E P  1EFDN                223    0.751 106.615   0.000   0.862   0.000   0.138
E L  1EFDN                224    0.281  51.479   0.000   0.850   0.000   0.150
B W  1EFDN                225    0.020   4.740   0.000   0.951   0.000   0.048
E Q  1EFDN                226    0.588 105.047   0.000   0.609   0.000   0.391
E A  1EFDN                227    0.662  72.930   0.000   0.196   0.000   0.804
B M  1EFDN                228    0.046   9.272   0.000   0.010   0.000   0.989
E P  1EFDN                229    0.385  54.700   0.000   0.996   0.000   0.004
B F  1EFDN                230    0.030   6.030   0.000   0.999   0.000   0.001
B V  1EFDN                231    0.087  13.427   0.000   1.000   0.000   0.000
E R  1EFDN                232    0.725 165.921   0.000   0.999   0.000   0.001
E A  1EFDN                233    0.554  61.040   0.000   0.360   0.000   0.640
E G  1EFDN                234    0.535  42.096   0.000   0.001   0.000   0.999
E R  1EFDN                235    0.350  80.109   0.000   0.001   0.002   0.997
B F  1EFDN                236    0.077  15.426   0.000   0.000   0.897   0.103
E Q  1EFDN                237    0.254  45.339   0.000   0.000   0.979   0.020
E R  1EFDN                238    0.394  90.291   0.000   0.000   0.975   0.025
B V  1EFDN                239    0.022   3.335   0.000   0.000   0.688   0.311
B P  1EFDN                240    0.213  30.271   0.000   0.003   0.408   0.589
B A  1EFDN                241    0.079   8.761   0.000   0.541   0.018   0.442
B V  1EFDN                242    0.179  27.510   0.000   0.627   0.020   0.353
B W  1EFDN                243    0.076  18.271   0.000   0.619   0.024   0.357
B F  1EFDN                244    0.031   6.171   0.000   0.457   0.027   0.517
B Y  1EFDN                245    0.082  17.440   0.000   0.285   0.030   0.685
B G  1EFDN                246    0.029   2.307   0.000   0.100   0.043   0.857
B A  1EFDN                247    0.032   3.488   0.000   0.233   0.032   0.735
B T  1EFDN                248    0.025   3.410   0.000   0.605   0.015   0.380
B L  1EFDN                249    0.042   7.729   0.000   0.946   0.002   0.052
B S  1EFDN                250    0.028   3.250   0.000   0.982   0.001   0.017
B A  1EFDN                251    0.005   0.548   0.000   0.998   0.000   0.002
B M  1EFDN                252    0.047   9.493   0.000   0.999   0.000   0.001
B H  1EFDN                253    0.212  38.529   0.000   0.999   0.000   0.001
B F  1EFDN                254    0.016   3.211   0.000   0.999   0.000   0.001
B V  1EFDN                255    0.013   2.061   0.000   1.000   0.000   0.000
E R  1EFDN                256    0.369  84.518   0.000   0.999   0.000   0.001
B V  1EFDN                257    0.142  21.847   0.000   0.998   0.000   0.002
B L  1EFDN                258    0.009   1.660   0.000   0.998   0.000   0.002
B D  1EFDN                259    0.212  30.595   0.000   0.995   0.000   0.005
E N  1EFDN                260    0.682  99.833   0.000   0.989   0.000   0.011
B A  1EFDN                261    0.215  23.732   0.000   0.969   0.000   0.031
B I  1EFDN                262    0.121  22.295   0.000   0.766   0.001   0.233
E G  1EFDN                263    0.650  51.181   0.000   0.155   0.003   0.843
E G  1EFDN                264    0.630  49.609   0.000   0.028   0.001   0.971
E K  1EFDN                265    0.707 145.343   0.000   0.020   0.005   0.974
E A  1EFDN                266    0.885  97.505   0.000   0.001   0.000   0.999
