# For publication of results, please cite:
# ...
# ... Michael Schantz Klausen, Martin Closter Jespersen, Henrik Nielsen, Kamilla Kjærgaard Jensen, 
# ... Vanessa Isabell Jurtz, Casper Kaae Sønderby, Morten Otto Alexander Sommer, Ole Winther, 
# ... Morten Nielsen, Bent Petersen, and Paolo Marcatili. 
# ... NetSurfP-2.0: Improved prediction of protein structural features by integrated deep learning.
# ... Proteins: Structure, Function, and Bioinformatics (Feb. 2019).
# ... https://doi.org/10.1002/prot.25674
# ...
#
# Column 1: Class assignment - B for buried or E for Exposed - Threshold: 25% exposure, but not based on RSA
# Column 2: Amino acid
# Column 3: Sequence name
# Column 4: Amino acid number
# Column 5: Relative Surface Accessibility - RSA
# Column 6: Absolute Surface Accessibility
# Column 7: Not used
# Column 8: Probability for Alpha-Helix
# Column 9: Probability for Beta-strand
# Column 10: Probability for Coil
E M  3PJZA                  1    0.593 118.682   0.000   0.005   0.001   0.994
E Q  3PJZA                  2    0.656 117.237   0.000   0.116   0.011   0.873
E F  3PJZA                  3    0.300  60.221   0.000   0.875   0.001   0.124
E R  3PJZA                  4    0.377  86.309   0.000   0.980   0.000   0.020
E S  3PJZA                  5    0.448  52.537   0.000   0.994   0.000   0.006
E I  3PJZA                  6    0.376  69.571   0.000   0.993   0.000   0.007
B I  3PJZA                  7    0.064  11.857   0.000   0.998   0.000   0.002
E R  3PJZA                  8    0.296  67.885   0.000   0.999   0.000   0.001
E I  3PJZA                  9    0.446  82.525   0.000   0.999   0.000   0.001
B V  3PJZA                 10    0.191  29.316   0.000   0.998   0.000   0.002
B G  3PJZA                 11    0.028   2.177   0.000   1.000   0.000   0.000
E L  3PJZA                 12    0.327  59.810   0.000   0.999   0.000   0.001
E L  3PJZA                 13    0.354  64.876   0.000   0.999   0.000   0.001
B L  3PJZA                 14    0.087  15.885   0.000   0.998   0.000   0.002
B A  3PJZA                 15    0.107  11.774   0.000   0.999   0.000   0.001
E L  3PJZA                 16    0.377  69.039   0.000   0.997   0.000   0.003
B F  3PJZA                 17    0.193  38.755   0.000   0.989   0.000   0.011
B S  3PJZA                 18    0.038   4.444   0.000   0.996   0.000   0.004
E V  3PJZA                 19    0.314  48.263   0.000   0.983   0.000   0.017
E T  3PJZA                 20    0.275  38.177   0.000   0.938   0.000   0.062
B M  3PJZA                 21    0.030   6.003   0.000   0.864   0.000   0.136
B L  3PJZA                 22    0.195  35.716   0.000   0.973   0.000   0.027
E A  3PJZA                 23    0.369  40.712   0.000   0.994   0.000   0.006
B P  3PJZA                 24    0.058   8.185   0.000   0.998   0.000   0.002
B A  3PJZA                 25    0.096  10.591   0.000   1.000   0.000   0.000
E L  3PJZA                 26    0.448  81.989   0.000   0.999   0.000   0.001
B V  3PJZA                 27    0.234  35.891   0.000   0.998   0.000   0.002
B A  3PJZA                 28    0.011   1.258   0.000   0.998   0.000   0.002
E L  3PJZA                 29    0.297  54.338   0.000   0.984   0.000   0.016
E L  3PJZA                 30    0.525  96.143   0.000   0.904   0.001   0.095
E Y  3PJZA                 31    0.346  73.846   0.000   0.527   0.003   0.470
E R  3PJZA                 32    0.531 121.582   0.000   0.201   0.017   0.782
E D  3PJZA                 33    0.647  93.202   0.000   0.183   0.018   0.799
E G  3PJZA                 34    0.476  37.461   0.000   0.195   0.008   0.797
B A  3PJZA                 35    0.174  19.192   0.000   0.468   0.005   0.527
B G  3PJZA                 36    0.234  18.422   0.000   0.745   0.002   0.252
E V  3PJZA                 37    0.368  56.571   0.000   0.973   0.000   0.027
B P  3PJZA                 38    0.077  10.987   0.000   0.980   0.001   0.019
B F  3PJZA                 39    0.048   9.703   0.000   0.997   0.000   0.003
E V  3PJZA                 40    0.381  58.521   0.000   0.997   0.000   0.003
E T  3PJZA                 41    0.348  48.264   0.000   0.997   0.000   0.003
B T  3PJZA                 42    0.011   1.545   0.000   0.999   0.000   0.001
B F  3PJZA                 43    0.133  26.667   0.000   0.999   0.000   0.001
E F  3PJZA                 44    0.449  90.154   0.000   1.000   0.000   0.000
E V  3PJZA                 45    0.270  41.490   0.000   1.000   0.000   0.000
B L  3PJZA                 46    0.014   2.612   0.000   0.999   0.000   0.001
B L  3PJZA                 47    0.205  37.474   0.000   1.000   0.000   0.000
E F  3PJZA                 48    0.484  97.139   0.000   0.999   0.000   0.001
B C  3PJZA                 49    0.163  22.924   0.000   0.998   0.000   0.002
B G  3PJZA                 50    0.008   0.649   0.000   0.999   0.000   0.001
B A  3PJZA                 51    0.201  22.145   0.000   0.997   0.000   0.003
E M  3PJZA                 52    0.378  75.608   0.000   0.979   0.000   0.021
B C  3PJZA                 53    0.100  13.973   0.000   0.894   0.000   0.106
B W  3PJZA                 54    0.154  37.135   0.000   0.724   0.001   0.275
E F  3PJZA                 55    0.458  91.867   0.000   0.400   0.005   0.595
E P  3PJZA                 56    0.457  64.789   0.000   0.516   0.006   0.479
E N  3PJZA                 57    0.315  46.072   0.000   0.392   0.016   0.593
E R  3PJZA                 58    0.466 106.742   0.000   0.326   0.012   0.662
E R  3PJZA                 59    0.678 155.164   0.000   0.244   0.006   0.750
E H  3PJZA                 60    0.453  82.332   0.000   0.197   0.019   0.783
E K  3PJZA                 61    0.619 127.319   0.000   0.180   0.026   0.794
E H  3PJZA                 62    0.497  90.431   0.000   0.207   0.040   0.753
E E  3PJZA                 63    0.579 101.195   0.000   0.205   0.068   0.726
B L  3PJZA                 64    0.091  16.748   0.000   0.015   0.111   0.874
E K  3PJZA                 65    0.473  97.238   0.000   0.007   0.025   0.968
E S  3PJZA                 66    0.376  44.034   0.000   0.986   0.000   0.014
E R  3PJZA                 67    0.547 125.242   0.000   0.997   0.000   0.003
B D  3PJZA                 68    0.191  27.580   0.000   0.996   0.000   0.004
B G  3PJZA                 69    0.014   1.077   0.000   0.999   0.000   0.001
B F  3PJZA                 70    0.206  41.397   0.000   0.999   0.000   0.001
E L  3PJZA                 71    0.401  73.367   0.000   1.000   0.000   0.000
B I  3PJZA                 72    0.152  28.083   0.000   0.999   0.000   0.001
B V  3PJZA                 73    0.029   4.510   0.000   0.999   0.000   0.001
B V  3PJZA                 74    0.219  33.715   0.000   1.000   0.000   0.000
E L  3PJZA                 75    0.361  66.189   0.000   0.999   0.000   0.001
B F  3PJZA                 76    0.097  19.436   0.000   0.998   0.000   0.002
B W  3PJZA                 77    0.056  13.508   0.000   0.999   0.000   0.001
B T  3PJZA                 78    0.221  30.704   0.000   0.998   0.000   0.002
E V  3PJZA                 79    0.305  46.825   0.000   0.997   0.000   0.003
B L  3PJZA                 80    0.073  13.296   0.000   0.988   0.000   0.012
B G  3PJZA                 81    0.013   0.990   0.000   0.998   0.000   0.002
B S  3PJZA                 82    0.243  28.446   0.000   0.994   0.000   0.006
E A  3PJZA                 83    0.272  30.015   0.000   0.948   0.000   0.052
B G  3PJZA                 84    0.022   1.741   0.000   0.871   0.000   0.129
B S  3PJZA                 85    0.028   3.267   0.000   0.821   0.000   0.178
E L  3PJZA                 86    0.256  46.900   0.000   0.954   0.000   0.046
B P  3PJZA                 87    0.121  17.198   0.000   0.982   0.000   0.018
B F  3PJZA                 88    0.117  23.580   0.000   0.973   0.001   0.026
E L  3PJZA                 89    0.253  46.385   0.000   0.935   0.001   0.064
E I  3PJZA                 90    0.406  75.182   0.000   0.694   0.003   0.303
E A  3PJZA                 91    0.275  30.344   0.000   0.185   0.004   0.810
E D  3PJZA                 92    0.789 113.704   0.000   0.059   0.002   0.939
E N  3PJZA                 93    0.329  48.145   0.000   0.002   0.005   0.993
E P  3PJZA                 94    0.624  88.582   0.000   0.009   0.002   0.989
E N  3PJZA                 95    0.791 115.747   0.000   0.017   0.003   0.980
B I  3PJZA                 96    0.104  19.262   0.000   0.008   0.023   0.969
E S  3PJZA                 97    0.357  41.894   0.000   0.005   0.014   0.982
E V  3PJZA                 98    0.280  43.044   0.000   0.991   0.000   0.009
E T  3PJZA                 99    0.324  44.919   0.000   0.998   0.000   0.002
B D  3PJZA                100    0.130  18.752   0.000   0.999   0.000   0.001
B A  3PJZA                101    0.007   0.720   0.000   0.999   0.000   0.001
B F  3PJZA                102    0.164  32.896   0.000   0.998   0.000   0.002
B F  3PJZA                103    0.133  26.670   0.000   0.998   0.000   0.002
B E  3PJZA                104    0.035   6.115   0.000   0.999   0.000   0.001
B S  3PJZA                105    0.018   2.131   0.000   0.999   0.000   0.001
B F  3PJZA                106    0.086  17.260   0.000   0.996   0.000   0.004
B S  3PJZA                107    0.024   2.842   0.000   0.995   0.000   0.005
B A  3PJZA                108    0.020   2.232   0.000   0.994   0.000   0.005
B L  3PJZA                109    0.084  15.415   0.000   0.979   0.001   0.020
B T  3PJZA                110    0.021   2.950   0.000   0.879   0.002   0.119
B T  3PJZA                111    0.046   6.335   0.000   0.626   0.006   0.368
B T  3PJZA                112    0.045   6.294   0.000   0.436   0.004   0.560
B G  3PJZA                113    0.062   4.884   0.000   0.015   0.002   0.983
B A  3PJZA                114    0.068   7.536   0.000   0.021   0.041   0.937
B T  3PJZA                115    0.087  12.053   0.000   0.030   0.524   0.446
B V  3PJZA                116    0.135  20.694   0.000   0.019   0.637   0.343
B I  3PJZA                117    0.096  17.676   0.000   0.005   0.713   0.282
E V  3PJZA                118    0.379  58.265   0.000   0.017   0.360   0.622
B G  3PJZA                119    0.244  19.221   0.000   0.021   0.016   0.963
B L  3PJZA                120    0.243  44.576   0.000   0.597   0.010   0.393
E D  3PJZA                121    0.787 113.444   0.000   0.660   0.001   0.339
E E  3PJZA                122    0.510  89.171   0.000   0.713   0.005   0.282
B L  3PJZA                123    0.093  17.109   0.000   0.021   0.006   0.973
E P  3PJZA                124    0.379  53.820   0.000   0.035   0.007   0.958
E K  3PJZA                125    0.443  91.028   0.000   0.983   0.000   0.017
E A  3PJZA                126    0.418  46.054   0.000   0.995   0.000   0.005
B I  3PJZA                127    0.222  41.153   0.000   0.996   0.000   0.004
B L  3PJZA                128    0.040   7.391   0.000   0.998   0.000   0.002
B F  3PJZA                129    0.234  46.885   0.000   0.999   0.000   0.001
E Y  3PJZA                130    0.442  94.453   0.000   0.998   0.000   0.002
B R  3PJZA                131    0.095  21.653   0.000   0.998   0.000   0.002
B Q  3PJZA                132    0.063  11.267   0.000   0.998   0.000   0.002
E F  3PJZA                133    0.363  72.792   0.000   0.996   0.000   0.004
B L  3PJZA                134    0.191  34.934   0.000   0.994   0.000   0.006
B Q  3PJZA                135    0.020   3.574   0.000   0.992   0.000   0.008
B W  3PJZA                136    0.129  30.922   0.000   0.993   0.000   0.007
E F  3PJZA                137    0.331  66.450   0.000   0.937   0.001   0.062
B G  3PJZA                138    0.032   2.515   0.000   0.973   0.000   0.026
B G  3PJZA                139    0.039   3.108   0.000   0.990   0.000   0.009
B M  3PJZA                140    0.184  36.732   0.000   0.989   0.000   0.011
B G  3PJZA                141    0.104   8.202   0.000   0.997   0.000   0.003
B I  3PJZA                142    0.195  36.135   0.000   0.998   0.000   0.002
B I  3PJZA                143    0.126  23.305   0.000   0.998   0.000   0.002
B V  3PJZA                144    0.167  25.731   0.000   0.998   0.000   0.002
E L  3PJZA                145    0.305  55.873   0.000   0.998   0.000   0.002
B A  3PJZA                146    0.150  16.480   0.000   0.996   0.000   0.004
B V  3PJZA                147    0.109  16.819   0.000   0.992   0.000   0.008
E A  3PJZA                148    0.263  28.940   0.000   0.941   0.001   0.058
E I  3PJZA                149    0.346  63.919   0.000   0.803   0.001   0.196
B L  3PJZA                150    0.174  31.893   0.000   0.926   0.000   0.074
E P  3PJZA                151    0.285  40.485   0.000   0.942   0.000   0.057
E V  3PJZA                152    0.529  81.265   0.000   0.907   0.002   0.091
E L  3PJZA                153    0.443  81.143   0.000   0.533   0.002   0.465
E G  3PJZA                154    0.473  37.225   0.000   0.092   0.003   0.905
E I  3PJZA                155    0.279  51.690   0.000   0.087   0.018   0.895
B G  3PJZA                156    0.239  18.779   0.000   0.263   0.018   0.719
B G  3PJZA                157    0.120   9.479   0.000   0.751   0.010   0.239
B M  3PJZA                158    0.240  48.097   0.000   0.834   0.020   0.147
E Q  3PJZA                159    0.435  77.632   0.000   0.865   0.025   0.111
B L  3PJZA                160    0.146  26.801   0.000   0.921   0.010   0.069
B Y  3PJZA                161    0.218  46.653   0.000   0.932   0.007   0.061
E R  3PJZA                162    0.478 109.568   0.000   0.874   0.007   0.119
E A  3PJZA                163    0.288  31.761   0.000   0.740   0.016   0.244
B E  3PJZA                164    0.200  34.947   0.000   0.468   0.034   0.498
B I  3PJZA                165    0.213  39.426   0.000   0.020   0.040   0.940
E P  3PJZA                166    0.430  61.014   0.000   0.017   0.020   0.963
E G  3PJZA                167    0.365  28.755   0.000   0.093   0.048   0.859
E P  3PJZA                168    0.540  76.558   0.000   0.183   0.022   0.795
E V  3PJZA                169    0.381  58.631   0.000   0.266   0.036   0.699
E K  3PJZA                170    0.588 121.040   0.000   0.200   0.022   0.777
E D  3PJZA                171    0.703 101.295   0.000   0.160   0.012   0.827
E T  3PJZA                172    0.507  70.328   0.000   0.125   0.026   0.849
E K  3PJZA                173    0.628 129.249   0.000   0.120   0.077   0.804
B M  3PJZA                174    0.226  45.257   0.000   0.116   0.159   0.725
E T  3PJZA                175    0.272  37.703   0.000   0.237   0.057   0.706
E P  3PJZA                176    0.418  59.279   0.000   0.607   0.022   0.371
E R  3PJZA                177    0.371  84.895   0.000   0.645   0.011   0.343
B I  3PJZA                178    0.160  29.661   0.000   0.985   0.000   0.015
E A  3PJZA                179    0.255  28.112   0.000   0.997   0.000   0.003
E E  3PJZA                180    0.446  77.871   0.000   0.997   0.000   0.002
B T  3PJZA                181    0.091  12.601   0.000   0.998   0.000   0.002
B A  3PJZA                182    0.089   9.819   0.000   0.999   0.000   0.001
E K  3PJZA                183    0.428  88.006   0.000   0.999   0.000   0.001
B A  3PJZA                184    0.226  24.902   0.000   0.998   0.000   0.002
B L  3PJZA                185    0.105  19.222   0.000   0.996   0.000   0.004
B W  3PJZA                186    0.229  54.967   0.000   0.998   0.000   0.002
E Y  3PJZA                187    0.465  99.315   0.000   0.999   0.000   0.001
E I  3PJZA                188    0.260  48.133   0.000   0.998   0.000   0.002
B Y  3PJZA                189    0.048  10.354   0.000   0.997   0.000   0.003
B L  3PJZA                190    0.239  43.811   0.000   0.998   0.000   0.002
E S  3PJZA                191    0.463  54.219   0.000   0.999   0.000   0.001
B L  3PJZA                192    0.164  29.996   0.000   0.999   0.000   0.001
B T  3PJZA                193    0.013   1.850   0.000   1.000   0.000   0.000
E I  3PJZA                194    0.416  77.046   0.000   1.000   0.000   0.000
E A  3PJZA                195    0.481  53.001   0.000   0.999   0.000   0.001
B C  3PJZA                196    0.018   2.575   0.000   0.999   0.000   0.001
B A  3PJZA                197    0.078   8.560   0.000   0.999   0.000   0.001
E V  3PJZA                198    0.497  76.451   0.000   0.999   0.000   0.001
B A  3PJZA                199    0.222  24.456   0.000   0.997   0.000   0.003
B F  3PJZA                200    0.036   7.234   0.000   0.996   0.000   0.004
E W  3PJZA                201    0.464 111.540   0.000   0.991   0.000   0.009
E L  3PJZA                202    0.688 125.974   0.000   0.903   0.000   0.097
E A  3PJZA                203    0.346  38.178   0.000   0.272   0.000   0.728
E G  3PJZA                204    0.643  50.602   0.000   0.002   0.000   0.998
B M  3PJZA                205    0.129  25.891   0.000   0.001   0.003   0.997
E T  3PJZA                206    0.382  53.037   0.000   0.002   0.001   0.998
E P  3PJZA                207    0.351  49.859   0.000   0.954   0.000   0.046
E F  3PJZA                208    0.398  79.898   0.000   0.988   0.000   0.012
B D  3PJZA                209    0.147  21.198   0.000   0.996   0.000   0.004
B A  3PJZA                210    0.013   1.401   0.000   0.999   0.000   0.001
B I  3PJZA                211    0.162  29.946   0.000   0.999   0.000   0.001
B S  3PJZA                212    0.073   8.604   0.000   0.999   0.000   0.001
B H  3PJZA                213    0.039   7.099   0.000   0.999   0.000   0.001
B S  3PJZA                214    0.024   2.826   0.000   0.999   0.000   0.001
B F  3PJZA                215    0.135  27.061   0.000   0.997   0.000   0.003
B S  3PJZA                216    0.033   3.856   0.000   0.997   0.000   0.003
B T  3PJZA                217    0.021   2.945   0.000   0.995   0.000   0.005
B I  3PJZA                218    0.080  14.711   0.000   0.986   0.001   0.013
B A  3PJZA                219    0.032   3.571   0.000   0.917   0.003   0.080
B I  3PJZA                220    0.034   6.262   0.000   0.701   0.005   0.294
B G  3PJZA                221    0.019   1.534   0.000   0.214   0.012   0.774
B G  3PJZA                222    0.025   1.947   0.000   0.020   0.024   0.956
B F  3PJZA                223    0.052  10.341   0.000   0.012   0.186   0.801
B S  3PJZA                224    0.042   4.980   0.000   0.007   0.309   0.684
B T  3PJZA                225    0.081  11.193   0.000   0.020   0.082   0.898
B H  3PJZA                226    0.216  39.277   0.000   0.077   0.164   0.759
E D  3PJZA                227    0.320  46.093   0.000   0.325   0.033   0.642
B A  3PJZA                228    0.199  21.973   0.000   0.473   0.028   0.500
B S  3PJZA                229    0.086  10.072   0.000   0.534   0.056   0.410
B M  3PJZA                230    0.108  21.598   0.000   0.434   0.078   0.488
B G  3PJZA                231    0.212  16.664   0.000   0.431   0.032   0.537
E Y  3PJZA                232    0.263  56.180   0.000   0.389   0.039   0.573
B F  3PJZA                233    0.233  46.811   0.000   0.176   0.023   0.802
E D  3PJZA                234    0.585  84.319   0.000   0.050   0.006   0.944
B S  3PJZA                235    0.239  28.005   0.000   0.049   0.009   0.942
E Y  3PJZA                236    0.510 108.931   0.000   0.979   0.000   0.021
E A  3PJZA                237    0.463  51.006   0.000   0.991   0.000   0.009
B I  3PJZA                238    0.060  11.106   0.000   0.999   0.000   0.001
B N  3PJZA                239    0.049   7.214   0.000   0.999   0.000   0.001
E L  3PJZA                240    0.388  70.981   0.000   0.999   0.000   0.001
E I  3PJZA                241    0.359  66.440   0.000   0.999   0.000   0.001
B T  3PJZA                242    0.013   1.785   0.000   0.999   0.000   0.001
B V  3PJZA                243    0.070  10.788   0.000   1.000   0.000   0.000
E V  3PJZA                244    0.423  65.031   0.000   0.999   0.000   0.001
B F  3PJZA                245    0.163  32.622   0.000   0.999   0.000   0.001
B L  3PJZA                246    0.013   2.342   0.000   0.999   0.000   0.001
B L  3PJZA                247    0.240  43.927   0.000   0.992   0.000   0.008
E I  3PJZA                248    0.275  50.930   0.000   0.963   0.000   0.037
B S  3PJZA                249    0.029   3.445   0.000   0.942   0.000   0.058
B A  3PJZA                250    0.036   3.938   0.000   0.889   0.001   0.110
B C  3PJZA                251    0.143  20.033   0.000   0.722   0.003   0.275
B N  3PJZA                252    0.051   7.524   0.000   0.862   0.001   0.136
B F  3PJZA                253    0.070  14.002   0.000   0.984   0.000   0.016
B T  3PJZA                254    0.154  21.306   0.000   0.994   0.000   0.006
B L  3PJZA                255    0.217  39.643   0.000   0.996   0.000   0.004
B H  3PJZA                256    0.080  14.628   0.000   0.999   0.000   0.001
B F  3PJZA                257    0.217  43.578   0.000   0.994   0.000   0.006
E A  3PJZA                258    0.277  30.546   0.000   0.985   0.000   0.015
B A  3PJZA                259    0.204  22.430   0.000   0.969   0.000   0.030
E F  3PJZA                260    0.325  65.317   0.000   0.918   0.001   0.081
E A  3PJZA                261    0.421  46.346   0.000   0.767   0.003   0.230
E S  3PJZA                262    0.617  72.314   0.000   0.386   0.003   0.610
E G  3PJZA                263    0.603  47.440   0.000   0.075   0.003   0.922
E G  3PJZA                264    0.645  50.784   0.000   0.013   0.003   0.984
E V  3PJZA                265    0.377  58.016   0.000   0.008   0.014   0.978
E H  3PJZA                266    0.531  96.611   0.000   0.002   0.004   0.994
E P  3PJZA                267    0.326  46.278   0.000   0.607   0.003   0.390
E K  3PJZA                268    0.540 111.090   0.000   0.830   0.003   0.167
E Y  3PJZA                269    0.489 104.484   0.000   0.892   0.002   0.105
B Y  3PJZA                270    0.166  35.524   0.000   0.917   0.001   0.082
E W  3PJZA                271    0.272  65.388   0.000   0.754   0.002   0.244
E K  3PJZA                272    0.652 134.043   0.000   0.486   0.000   0.514
E D  3PJZA                273    0.311  44.870   0.000   0.002   0.000   0.997
E P  3PJZA                274    0.480  68.122   0.000   0.978   0.000   0.022
E E  3PJZA                275    0.272  47.468   0.000   0.996   0.000   0.004
B F  3PJZA                276    0.066  13.338   0.000   0.998   0.000   0.002
E R  3PJZA                277    0.391  89.541   0.000   0.999   0.000   0.001
E A  3PJZA                278    0.264  29.136   0.000   0.999   0.000   0.001
B F  3PJZA                279    0.078  15.595   0.000   1.000   0.000   0.000
B I  3PJZA                280    0.194  35.877   0.000   1.000   0.000   0.000
E F  3PJZA                281    0.524 105.254   0.000   1.000   0.000   0.000
B I  3PJZA                282    0.248  45.941   0.000   1.000   0.000   0.000
B Q  3PJZA                283    0.064  11.368   0.000   0.999   0.000   0.001
E V  3PJZA                284    0.387  59.459   0.000   1.000   0.000   0.000
E L  3PJZA                285    0.529  96.776   0.000   1.000   0.000   0.000
B L  3PJZA                286    0.148  27.057   0.000   0.999   0.000   0.001
B F  3PJZA                287    0.128  25.597   0.000   0.999   0.000   0.001
E L  3PJZA                288    0.531  97.203   0.000   0.999   0.000   0.001
E V  3PJZA                289    0.477  73.350   0.000   0.999   0.000   0.001
B C  3PJZA                290    0.047   6.635   0.000   0.998   0.000   0.002
B F  3PJZA                291    0.222  44.526   0.000   0.997   0.000   0.003
E L  3PJZA                292    0.551 100.936   0.000   0.995   0.000   0.005
E L  3PJZA                293    0.267  48.869   0.000   0.990   0.000   0.010
B L  3PJZA                294    0.083  15.208   0.000   0.977   0.000   0.023
E L  3PJZA                295    0.448  82.067   0.000   0.915   0.001   0.084
E K  3PJZA                296    0.617 126.944   0.000   0.778   0.001   0.221
E H  3PJZA                297    0.443  80.581   0.000   0.307   0.002   0.691
E H  3PJZA                298    0.674 122.678   0.000   0.065   0.002   0.933
E S  3PJZA                299    0.342  40.140   0.000   0.046   0.015   0.939
E Y  3PJZA                300    0.387  82.732   0.000   0.025   0.011   0.965
E T  3PJZA                301    0.563  78.088   0.000   0.016   0.005   0.979
E S  3PJZA                302    0.342  40.111   0.000   0.009   0.001   0.990
E P  3PJZA                303    0.501  71.069   0.000   0.937   0.000   0.063
E Y  3PJZA                304    0.539 115.250   0.000   0.962   0.000   0.038
E D  3PJZA                305    0.280  40.366   0.000   0.983   0.000   0.017
B A  3PJZA                306    0.051   5.586   0.000   0.997   0.000   0.003
E F  3PJZA                307    0.307  61.515   0.000   0.994   0.000   0.006
E D  3PJZA                308    0.282  40.660   0.000   0.998   0.000   0.002
B Q  3PJZA                309    0.101  18.057   0.000   0.995   0.000   0.005
B A  3PJZA                310    0.025   2.786   0.000   0.997   0.000   0.003
B L  3PJZA                311    0.249  45.617   0.000   0.989   0.000   0.011
B F  3PJZA                312    0.096  19.292   0.000   0.989   0.000   0.011
B Q  3PJZA                313    0.033   5.844   0.000   0.981   0.000   0.019
B T  3PJZA                314    0.085  11.762   0.000   0.975   0.001   0.024
B V  3PJZA                315    0.150  23.129   0.000   0.939   0.004   0.058
B S  3PJZA                316    0.018   2.066   0.000   0.933   0.002   0.065
B I  3PJZA                317    0.062  11.518   0.000   0.925   0.001   0.074
B S  3PJZA                318    0.182  21.312   0.000   0.865   0.003   0.132
B T  3PJZA                319    0.088  12.249   0.000   0.642   0.008   0.349
B T  3PJZA                320    0.030   4.199   0.000   0.360   0.035   0.606
B A  3PJZA                321    0.025   2.804   0.000   0.187   0.034   0.779
B G  3PJZA                322    0.039   3.101   0.000   0.023   0.040   0.937
B F  3PJZA                323    0.091  18.230   0.000   0.027   0.183   0.790
B T  3PJZA                324    0.078  10.802   0.000   0.020   0.477   0.502
B T  3PJZA                325    0.113  15.736   0.000   0.022   0.451   0.527
B T  3PJZA                326    0.082  11.428   0.000   0.012   0.432   0.556
B G  3PJZA                327    0.126   9.879   0.000   0.013   0.213   0.775
B F  3PJZA                328    0.156  31.309   0.000   0.459   0.008   0.533
E A  3PJZA                329    0.494  54.488   0.000   0.594   0.002   0.404
E D  3PJZA                330    0.594  85.528   0.000   0.495   0.002   0.503
B W  3PJZA                331    0.163  39.126   0.000   0.023   0.005   0.972
E P  3PJZA                332    0.349  49.562   0.000   0.060   0.002   0.938
E L  3PJZA                333    0.550 100.627   0.000   0.622   0.001   0.377
E F  3PJZA                334    0.398  79.945   0.000   0.835   0.000   0.164
B L  3PJZA                335    0.066  12.148   0.000   0.995   0.000   0.005
B P  3PJZA                336    0.123  17.439   0.000   0.998   0.000   0.002
E V  3PJZA                337    0.325  49.959   0.000   0.999   0.000   0.001
B L  3PJZA                338    0.224  41.049   0.000   1.000   0.000   0.000
B L  3PJZA                339    0.040   7.403   0.000   0.999   0.000   0.001
B L  3PJZA                340    0.128  23.524   0.000   0.999   0.000   0.001
E F  3PJZA                341    0.395  79.275   0.000   0.998   0.000   0.002
B S  3PJZA                342    0.092  10.802   0.000   0.995   0.000   0.005
B S  3PJZA                343    0.016   1.869   0.000   0.984   0.000   0.016
B F  3PJZA                344    0.207  41.644   0.000   0.941   0.001   0.058
B I  3PJZA                345    0.215  39.849   0.000   0.910   0.002   0.088
B G  3PJZA                346    0.040   3.173   0.000   0.846   0.002   0.153
B G  3PJZA                347    0.035   2.733   0.000   0.737   0.006   0.257
B C  3PJZA                348    0.047   6.667   0.000   0.317   0.052   0.632
B A  3PJZA                349    0.058   6.414   0.000   0.536   0.027   0.437
B G  3PJZA                350    0.032   2.536   0.000   0.740   0.023   0.237
B S  3PJZA                351    0.033   3.848   0.000   0.701   0.042   0.258
B T  3PJZA                352    0.030   4.126   0.000   0.807   0.010   0.183
B G  3PJZA                353    0.017   1.363   0.000   0.941   0.003   0.056
B G  3PJZA                354    0.029   2.246   0.000   0.955   0.003   0.042
B G  3PJZA                355    0.048   3.769   0.000   0.978   0.001   0.021
B M  3PJZA                356    0.089  17.772   0.000   0.991   0.001   0.008
B K  3PJZA                357    0.078  16.117   0.000   0.994   0.000   0.005
B V  3PJZA                358    0.112  17.201   0.000   0.995   0.000   0.005
B I  3PJZA                359    0.114  21.180   0.000   0.997   0.000   0.003
B R  3PJZA                360    0.081  18.487   0.000   0.999   0.000   0.001
B I  3PJZA                361    0.099  18.397   0.000   0.999   0.000   0.001
B L  3PJZA                362    0.238  43.649   0.000   0.999   0.000   0.001
B L  3PJZA                363    0.113  20.715   0.000   0.999   0.000   0.001
B L  3PJZA                364    0.072  13.124   0.000   0.997   0.000   0.002
B T  3PJZA                365    0.180  24.940   0.000   0.996   0.000   0.004
E L  3PJZA                366    0.259  47.486   0.000   0.995   0.000   0.005
B Q  3PJZA                367    0.131  23.436   0.000   0.990   0.000   0.010
B G  3PJZA                368    0.050   3.965   0.000   0.986   0.000   0.014
B A  3PJZA                369    0.193  21.302   0.000   0.992   0.000   0.008
E R  3PJZA                370    0.344  78.817   0.000   0.991   0.000   0.009
B E  3PJZA                371    0.173  30.295   0.000   0.988   0.000   0.012
B L  3PJZA                372    0.113  20.676   0.000   0.982   0.000   0.018
E K  3PJZA                373    0.330  67.826   0.000   0.969   0.000   0.031
E R  3PJZA                374    0.419  95.890   0.000   0.952   0.001   0.047
E L  3PJZA                375    0.424  77.719   0.000   0.960   0.001   0.039
E V  3PJZA                376    0.402  61.855   0.000   0.895   0.001   0.103
E H  3PJZA                377    0.294  53.493   0.000   0.009   0.007   0.985
E P  3PJZA                378    0.573  81.299   0.000   0.354   0.002   0.644
E R  3PJZA                379    0.698 159.881   0.000   0.223   0.005   0.772
B A  3PJZA                380    0.119  13.089   0.000   0.213   0.070   0.717
E V  3PJZA                381    0.314  48.229   0.000   0.016   0.629   0.355
E Y  3PJZA                382    0.328  70.025   0.000   0.019   0.610   0.371
E T  3PJZA                383    0.418  57.911   0.000   0.007   0.729   0.264
B I  3PJZA                384    0.068  12.610   0.000   0.001   0.714   0.284
E K  3PJZA                385    0.521 107.234   0.000   0.000   0.983   0.017
B V  3PJZA                386    0.123  18.867   0.000   0.000   0.991   0.009
E G  3PJZA                387    0.690  54.268   0.000   0.002   0.001   0.997
E G  3PJZA                388    0.855  67.303   0.000   0.002   0.001   0.997
E S  3PJZA                389    0.473  55.400   0.000   0.000   0.994   0.006
E A  3PJZA                390    0.579  63.801   0.000   0.000   0.992   0.008
B L  3PJZA                391    0.063  11.517   0.000   0.001   0.391   0.608
E P  3PJZA                392    0.422  59.932   0.000   0.006   0.137   0.857
E Q  3PJZA                393    0.616 110.102   0.000   0.972   0.001   0.027
E R  3PJZA                394    0.494 113.144   0.000   0.975   0.001   0.024
B V  3PJZA                395    0.118  18.208   0.000   0.997   0.000   0.003
B V  3PJZA                396    0.187  28.673   0.000   0.997   0.000   0.003
E D  3PJZA                397    0.436  62.885   0.000   0.997   0.000   0.003
B A  3PJZA                398    0.083   9.144   0.000   0.997   0.000   0.003
B V  3PJZA                399    0.096  14.782   0.000   0.997   0.000   0.003
E W  3PJZA                400    0.358  86.094   0.000   0.996   0.000   0.004
B G  3PJZA                401    0.241  18.973   0.000   0.998   0.000   0.002
B F  3PJZA                402    0.083  16.581   0.000   0.999   0.000   0.001
B F  3PJZA                403    0.194  38.910   0.000   0.999   0.000   0.001
E S  3PJZA                404    0.451  52.889   0.000   0.999   0.000   0.001
B A  3PJZA                405    0.216  23.803   0.000   0.999   0.000   0.001
B Y  3PJZA                406    0.046   9.754   0.000   0.999   0.000   0.001
E A  3PJZA                407    0.324  35.687   0.000   1.000   0.000   0.000
E L  3PJZA                408    0.518  94.818   0.000   0.999   0.000   0.001
B V  3PJZA                409    0.083  12.771   0.000   0.998   0.000   0.002
B F  3PJZA                410    0.097  19.529   0.000   0.999   0.000   0.001
E V  3PJZA                411    0.485  74.520   0.000   0.999   0.000   0.001
E V  3PJZA                412    0.471  72.363   0.000   0.999   0.000   0.001
B C  3PJZA                413    0.018   2.488   0.000   0.999   0.000   0.001
B M  3PJZA                414    0.115  23.107   0.000   0.999   0.000   0.001
E L  3PJZA                415    0.516  94.484   0.000   0.998   0.000   0.002
B G  3PJZA                416    0.209  16.463   0.000   0.996   0.000   0.004
B L  3PJZA                417    0.029   5.345   0.000   0.995   0.000   0.005
E I  3PJZA                418    0.353  65.249   0.000   0.987   0.000   0.013
E A  3PJZA                419    0.691  76.145   0.000   0.888   0.000   0.112
E T  3PJZA                420    0.416  57.755   0.000   0.530   0.000   0.470
E G  3PJZA                421    0.695  54.679   0.000   0.001   0.000   0.999
B M  3PJZA                422    0.209  41.727   0.000   0.001   0.005   0.994
E D  3PJZA                423    0.584  84.150   0.000   0.008   0.002   0.990
E E  3PJZA                424    0.592 103.444   0.000   0.889   0.000   0.110
E L  3PJZA                425    0.454  83.097   0.000   0.964   0.001   0.035
B S  3PJZA                426    0.162  18.971   0.000   0.978   0.001   0.021
B A  3PJZA                427    0.029   3.207   0.000   0.997   0.000   0.003
E F  3PJZA                428    0.345  69.222   0.000   0.992   0.000   0.008
B S  3PJZA                429    0.216  25.275   0.000   0.994   0.000   0.006
B A  3PJZA                430    0.030   3.281   0.000   0.999   0.000   0.001
B V  3PJZA                431    0.084  12.911   0.000   0.998   0.000   0.002
B A  3PJZA                432    0.173  19.024   0.000   0.996   0.000   0.004
B A  3PJZA                433    0.045   5.004   0.000   0.991   0.000   0.009
B T  3PJZA                434    0.021   2.958   0.000   0.982   0.000   0.018
B L  3PJZA                435    0.184  33.680   0.000   0.951   0.002   0.047
B N  3PJZA                436    0.148  21.643   0.000   0.809   0.003   0.189
B N  3PJZA                437    0.039   5.767   0.000   0.692   0.007   0.301
B L  3PJZA                438    0.039   7.081   0.000   0.624   0.016   0.360
B G  3PJZA                439    0.042   3.342   0.000   0.769   0.009   0.222
B P  3PJZA                440    0.073  10.388   0.000   0.632   0.010   0.358
B G  3PJZA                441    0.046   3.628   0.000   0.694   0.031   0.275
B L  3PJZA                442    0.111  20.277   0.000   0.345   0.059   0.596
B G  3PJZA                443    0.136  10.718   0.000   0.195   0.062   0.743
E E  3PJZA                444    0.316  55.199   0.000   0.226   0.094   0.681
B V  3PJZA                445    0.233  35.885   0.000   0.212   0.120   0.668
B A  3PJZA                446    0.169  18.644   0.000   0.177   0.102   0.722
E L  3PJZA                447    0.398  72.874   0.000   0.176   0.041   0.783
E H  3PJZA                448    0.341  62.082   0.000   0.165   0.047   0.788
B F  3PJZA                449    0.182  36.446   0.000   0.491   0.010   0.500
E G  3PJZA                450    0.352  27.670   0.000   0.412   0.008   0.580
E D  3PJZA                451    0.632  91.005   0.000   0.362   0.011   0.626
B V  3PJZA                452    0.115  17.620   0.000   0.027   0.031   0.942
E N  3PJZA                453    0.479  70.127   0.000   0.013   0.003   0.985
E D  3PJZA                454    0.672  96.868   0.000   0.984   0.000   0.016
E K  3PJZA                455    0.646 132.802   0.000   0.991   0.000   0.009
B A  3PJZA                456    0.041   4.525   0.000   0.998   0.000   0.002
B K  3PJZA                457    0.094  19.437   0.000   0.999   0.000   0.001
E W  3PJZA                458    0.457 109.927   0.000   1.000   0.000   0.000
E V  3PJZA                459    0.329  50.607   0.000   1.000   0.000   0.000
B L  3PJZA                460    0.031   5.685   0.000   1.000   0.000   0.000
B I  3PJZA                461    0.102  18.853   0.000   1.000   0.000   0.000
E V  3PJZA                462    0.487  74.815   0.000   0.999   0.000   0.001
B S  3PJZA                463    0.134  15.712   0.000   0.999   0.000   0.001
B M  3PJZA                464    0.018   3.676   0.000   0.996   0.000   0.004
E L  3PJZA                465    0.363  66.419   0.000   0.985   0.000   0.015
E F  3PJZA                466    0.395  79.368   0.000   0.931   0.000   0.069
B G  3PJZA                467    0.048   3.761   0.000   0.933   0.000   0.067
B R  3PJZA                468    0.208  47.560   0.000   0.897   0.001   0.102
E L  3PJZA                469    0.263  48.087   0.000   0.851   0.002   0.147
B E  3PJZA                470    0.124  21.710   0.000   0.973   0.000   0.027
B I  3PJZA                471    0.175  32.357   0.000   0.988   0.000   0.012
E F  3PJZA                472    0.331  66.461   0.000   0.996   0.000   0.004
B T  3PJZA                473    0.107  14.888   0.000   0.998   0.000   0.002
B L  3PJZA                474    0.242  44.304   0.000   0.997   0.000   0.003
E L  3PJZA                475    0.300  54.931   0.000   0.997   0.000   0.003
B I  3PJZA                476    0.239  44.207   0.000   0.992   0.000   0.007
E L  3PJZA                477    0.260  47.697   0.000   0.955   0.000   0.045
E L  3PJZA                478    0.460  84.300   0.000   0.695   0.002   0.303
E T  3PJZA                479    0.331  45.921   0.000   0.227   0.001   0.772
E P  3PJZA                480    0.467  66.275   0.000   0.612   0.002   0.386
E T  3PJZA                481    0.525  72.828   0.000   0.701   0.002   0.297
E F  3PJZA                482    0.376  75.379   0.000   0.719   0.004   0.277
E W  3PJZA                483    0.350  84.072   0.000   0.586   0.013   0.401
E R  3PJZA                484    0.605 138.635   0.000   0.432   0.004   0.565
E S  3PJZA                485    0.579  67.877   0.000   0.338   0.002   0.660
E A  3PJZA                486    0.487  53.621   0.000   0.352   0.003   0.645
E A  3PJZA                487    0.468  51.547   0.000   0.365   0.005   0.630
E A  3PJZA                488    0.444  48.884   0.000   0.364   0.002   0.633
E E  3PJZA                489    0.609 106.317   0.000   0.339   0.003   0.658
E N  3PJZA                490    0.689 100.928   0.000   0.246   0.002   0.752
E L  3PJZA                491    0.591 108.150   0.000   0.167   0.003   0.831
E Y  3PJZA                492    0.639 136.541   0.000   0.065   0.002   0.933
E F  3PJZA                493    0.713 143.070   0.000   0.040   0.003   0.957
E Q  3PJZA                494    0.900 160.702   0.000   0.000   0.000   1.000
