# For publication of results, please cite:
# ...
# ... Michael Schantz Klausen, Martin Closter Jespersen, Henrik Nielsen, Kamilla Kjærgaard Jensen, 
# ... Vanessa Isabell Jurtz, Casper Kaae Sønderby, Morten Otto Alexander Sommer, Ole Winther, 
# ... Morten Nielsen, Bent Petersen, and Paolo Marcatili. 
# ... NetSurfP-2.0: Improved prediction of protein structural features by integrated deep learning.
# ... Proteins: Structure, Function, and Bioinformatics (Feb. 2019).
# ... https://doi.org/10.1002/prot.25674
# ...
#
# Column 1: Class assignment - B for buried or E for Exposed - Threshold: 25% exposure, but not based on RSA
# Column 2: Amino acid
# Column 3: Sequence name
# Column 4: Amino acid number
# Column 5: Relative Surface Accessibility - RSA
# Column 6: Absolute Surface Accessibility
# Column 7: Not used
# Column 8: Probability for Alpha-Helix
# Column 9: Probability for Beta-strand
# Column 10: Probability for Coil
E M  3CPWT                  1    0.856 171.363   0.000   0.000   0.000   1.000
E P  3CPWT                  2    0.490  69.507   0.000   0.000   0.010   0.990
E R  3CPWT                  3    0.607 139.044   0.000   0.001   0.574   0.425
E T  3CPWT                  4    0.525  72.781   0.000   0.000   0.882   0.117
E R  3CPWT                  5    0.489 111.963   0.000   0.000   0.966   0.034
E E  3CPWT                  6    0.630 110.096   0.000   0.000   0.989   0.011
B C  3CPWT                  7    0.034   4.758   0.000   0.000   0.192   0.808
E D  3CPWT                  8    0.641  92.414   0.000   0.001   0.002   0.997
E Y  3CPWT                  9    0.448  95.698   0.000   0.001   0.001   0.998
E C  3CPWT                 10    0.358  50.326   0.000   0.002   0.001   0.998
E G  3CPWT                 11    0.594  46.784   0.000   0.001   0.002   0.998
E T  3CPWT                 12    0.399  55.368   0.000   0.000   0.014   0.986
E D  3CPWT                 13    0.683  98.480   0.000   0.000   0.982   0.017
B I  3CPWT                 14    0.074  13.699   0.000   0.000   0.615   0.385
E E  3CPWT                 15    0.583 101.808   0.000   0.000   0.076   0.923
E P  3CPWT                 16    0.430  60.957   0.000   0.005   0.042   0.953
E G  3CPWT                 17    0.300  23.636   0.000   0.003   0.659   0.339
E T  3CPWT                 18    0.527  73.046   0.000   0.002   0.620   0.378
B G  3CPWT                 19    0.150  11.768   0.000   0.001   0.832   0.167
E T  3CPWT                 20    0.287  39.870   0.000   0.000   0.963   0.037
B M  3CPWT                 21    0.123  24.598   0.000   0.000   0.986   0.014
B F  3CPWT                 22    0.193  38.807   0.000   0.000   0.990   0.010
B V  3CPWT                 23    0.067  10.291   0.000   0.000   0.985   0.015
E H  3CPWT                 24    0.329  59.903   0.000   0.001   0.257   0.742
E K  3CPWT                 25    0.601 123.647   0.000   0.004   0.073   0.923
E D  3CPWT                 26    0.813 117.160   0.000   0.003   0.002   0.995
E G  3CPWT                 27    0.567  44.601   0.000   0.004   0.002   0.995
E A  3CPWT                 28    0.386  42.581   0.000   0.002   0.136   0.862
E T  3CPWT                 29    0.391  54.274   0.000   0.001   0.961   0.038
B T  3CPWT                 30    0.215  29.873   0.000   0.000   0.986   0.013
E H  3CPWT                 31    0.359  65.233   0.000   0.001   0.974   0.025
B F  3CPWT                 32    0.143  28.756   0.000   0.002   0.939   0.059
B C  3CPWT                 33    0.153  21.538   0.000   0.004   0.650   0.346
B S  3CPWT                 34    0.248  29.025   0.000   0.074   0.036   0.890
E S  3CPWT                 35    0.630  73.808   0.000   0.985   0.000   0.015
E K  3CPWT                 36    0.514 105.773   0.000   0.993   0.000   0.007
B C  3CPWT                 37    0.030   4.274   0.000   0.993   0.000   0.007
E E  3CPWT                 38    0.413  72.204   0.000   0.997   0.000   0.003
E N  3CPWT                 39    0.571  83.593   0.000   0.995   0.000   0.005
B N  3CPWT                 40    0.156  22.894   0.000   0.978   0.000   0.022
E A  3CPWT                 41    0.296  32.593   0.000   0.976   0.000   0.024
E D  3CPWT                 42    0.781 112.480   0.000   0.937   0.000   0.063
E L  3CPWT                 43    0.568 103.937   0.000   0.338   0.001   0.662
E G  3CPWT                 44    0.698  54.920   0.000   0.033   0.000   0.966
E R  3CPWT                 45    0.434  99.400   0.000   0.035   0.013   0.952
E E  3CPWT                 46    0.570  99.593   0.000   0.046   0.026   0.928
B A  3CPWT                 47    0.111  12.228   0.000   0.829   0.003   0.168
E R  3CPWT                 48    0.482 110.334   0.000   0.723   0.010   0.268
E N  3CPWT                 49    0.723 105.879   0.000   0.603   0.010   0.387
B L  3CPWT                 50    0.182  33.397   0.000   0.053   0.056   0.890
E E  3CPWT                 51    0.686 119.847   0.000   0.866   0.009   0.125
E W  3CPWT                 52    0.336  80.711   0.000   0.876   0.020   0.104
B T  3CPWT                 53    0.237  32.819   0.000   0.868   0.011   0.121
E D  3CPWT                 54    0.621  89.422   0.000   0.958   0.003   0.039
E T  3CPWT                 55    0.504  69.914   0.000   0.969   0.002   0.029
B A  3CPWT                 56    0.214  23.543   0.000   0.963   0.002   0.035
E R  3CPWT                 57    0.413  94.560   0.000   0.941   0.001   0.058
E G  3CPWT                 58    0.621  48.888   0.000   0.814   0.001   0.185
E E  3CPWT                 59    0.614 107.273   0.000   0.806   0.001   0.193
E A  3CPWT                 60    0.401  44.173   0.000   0.588   0.001   0.411
E G  3CPWT                 61    0.604  47.570   0.000   0.229   0.001   0.770
E E  3CPWT                 62    0.633 110.554   0.000   0.210   0.005   0.786
E A  3CPWT                 63    0.687  75.713   0.000   0.142   0.011   0.847
E E  3CPWT                 64    0.702 122.597   0.000   0.115   0.011   0.874
E D  3CPWT                 65    0.766 110.392   0.000   0.061   0.008   0.930
E E  3CPWT                 66    0.739 129.090   0.000   0.040   0.008   0.953
E A  3CPWT                 67    0.912 100.462   0.000   0.000   0.000   1.000
