# For publication of results, please cite:
# ...
# ... Michael Schantz Klausen, Martin Closter Jespersen, Henrik Nielsen, Kamilla Kjærgaard Jensen, 
# ... Vanessa Isabell Jurtz, Casper Kaae Sønderby, Morten Otto Alexander Sommer, Ole Winther, 
# ... Morten Nielsen, Bent Petersen, and Paolo Marcatili. 
# ... NetSurfP-2.0: Improved prediction of protein structural features by integrated deep learning.
# ... Proteins: Structure, Function, and Bioinformatics (Feb. 2019).
# ... https://doi.org/10.1002/prot.25674
# ...
#
# Column 1: Class assignment - B for buried or E for Exposed - Threshold: 25% exposure, but not based on RSA
# Column 2: Amino acid
# Column 3: Sequence name
# Column 4: Amino acid number
# Column 5: Relative Surface Accessibility - RSA
# Column 6: Absolute Surface Accessibility
# Column 7: Not used
# Column 8: Probability for Alpha-Helix
# Column 9: Probability for Beta-strand
# Column 10: Probability for Coil
E M  2A84A                  1    0.881 176.294   0.000   0.000   0.000   1.000
E A  2A84A                  2    0.897  98.841   0.000   0.000   0.001   0.999
E I  2A84A                  3    0.572 105.848   0.000   0.001   0.007   0.992
E P  2A84A                  4    0.570  80.877   0.000   0.002   0.003   0.995
E A  2A84A                  5    0.680  74.935   0.000   0.005   0.017   0.978
E F  2A84A                  6    0.323  64.917   0.000   0.003   0.046   0.951
E H  2A84A                  7    0.602 109.551   0.000   0.001   0.018   0.981
E P  2A84A                  8    0.611  86.710   0.000   0.037   0.011   0.952
E G  2A84A                  9    0.622  48.964   0.000   0.027   0.021   0.952
E E  2A84A                 10    0.610 106.565   0.000   0.043   0.075   0.882
B L  2A84A                 11    0.211  38.575   0.000   0.004   0.231   0.765
E N  2A84A                 12    0.486  71.085   0.000   0.003   0.792   0.205
E V  2A84A                 13    0.312  47.997   0.000   0.000   0.960   0.039
B Y  2A84A                 14    0.074  15.915   0.000   0.000   0.825   0.175
E S  2A84A                 15    0.545  63.834   0.000   0.001   0.029   0.970
E A  2A84A                 16    0.330  36.351   0.000   0.003   0.003   0.994
E P  2A84A                 17    0.265  37.553   0.000   0.939   0.001   0.060
E G  2A84A                 18    0.488  38.429   0.000   0.969   0.000   0.030
E D  2A84A                 19    0.439  63.216   0.000   0.985   0.000   0.014
B V  2A84A                 20    0.014   2.172   0.000   0.993   0.000   0.006
B A  2A84A                 21    0.247  27.213   0.000   0.998   0.000   0.002
E D  2A84A                 22    0.630  90.737   0.000   0.997   0.000   0.003
B V  2A84A                 23    0.120  18.372   0.000   0.997   0.000   0.003
B S  2A84A                 24    0.035   4.084   0.000   0.997   0.000   0.003
E R  2A84A                 25    0.532 121.942   0.000   0.995   0.000   0.005
E A  2A84A                 26    0.374  41.250   0.000   0.993   0.000   0.007
B L  2A84A                 27    0.059  10.873   0.000   0.992   0.000   0.008
E R  2A84A                 28    0.374  85.605   0.000   0.976   0.000   0.024
E L  2A84A                 29    0.732 134.065   0.000   0.910   0.000   0.090
E T  2A84A                 30    0.580  80.480   0.000   0.302   0.000   0.698
E G  2A84A                 31    0.686  53.976   0.000   0.001   0.000   0.999
E R  2A84A                 32    0.354  81.039   0.000   0.000   0.001   0.999
E R  2A84A                 33    0.407  93.150   0.000   0.000   0.449   0.551
B V  2A84A                 34    0.007   1.152   0.000   0.000   0.995   0.005
B M  2A84A                 35    0.005   0.983   0.000   0.000   0.999   0.001
B L  2A84A                 36    0.004   0.821   0.000   0.000   0.999   0.001
B V  2A84A                 37    0.004   0.622   0.000   0.000   0.974   0.026
B P  2A84A                 38    0.018   2.541   0.000   0.000   0.679   0.321
B T  2A84A                 39    0.024   3.309   0.000   0.007   0.294   0.700
B M  2A84A                 40    0.225  44.955   0.000   0.020   0.025   0.955
B G  2A84A                 41    0.214  16.831   0.000   0.016   0.007   0.977
B A  2A84A                 42    0.086   9.443   0.000   0.008   0.067   0.926
B L  2A84A                 43    0.039   7.187   0.000   0.005   0.125   0.870
B H  2A84A                 44    0.142  25.881   0.000   0.002   0.014   0.985
E E  2A84A                 45    0.448  78.352   0.000   0.989   0.000   0.011
B G  2A84A                 46    0.090   7.072   0.000   0.990   0.000   0.010
B H  2A84A                 47    0.013   2.383   0.000   0.996   0.000   0.004
B L  2A84A                 48    0.071  12.997   0.000   0.997   0.000   0.002
B A  2A84A                 49    0.194  21.366   0.000   0.997   0.000   0.003
B L  2A84A                 50    0.017   3.040   0.000   0.999   0.000   0.001
B V  2A84A                 51    0.009   1.325   0.000   0.999   0.000   0.001
E R  2A84A                 52    0.404  92.468   0.000   0.997   0.000   0.003
B A  2A84A                 53    0.158  17.392   0.000   0.993   0.000   0.007
B A  2A84A                 54    0.005   0.587   0.000   0.972   0.000   0.028
E K  2A84A                 55    0.411  84.591   0.000   0.678   0.001   0.321
E R  2A84A                 56    0.730 167.144   0.000   0.314   0.000   0.686
B V  2A84A                 57    0.211  32.411   0.000   0.004   0.000   0.995
E P  2A84A                 58    0.774 109.787   0.000   0.001   0.001   0.998
E G  2A84A                 59    0.561  44.127   0.000   0.001   0.005   0.995
B S  2A84A                 60    0.098  11.478   0.000   0.001   0.202   0.797
B V  2A84A                 61    0.071  10.954   0.000   0.000   0.969   0.031
B V  2A84A                 62    0.008   1.243   0.000   0.000   1.000   0.000
B V  2A84A                 63    0.004   0.670   0.000   0.000   1.000   0.000
B V  2A84A                 64    0.001   0.167   0.000   0.000   1.000   0.000
B S  2A84A                 65    0.010   1.199   0.000   0.000   0.973   0.027
B I  2A84A                 66    0.014   2.634   0.000   0.000   0.855   0.144
B F  2A84A                 67    0.128  25.742   0.000   0.001   0.360   0.640
B V  2A84A                 68    0.064   9.876   0.000   0.004   0.134   0.863
B N  2A84A                 69    0.187  27.362   0.000   0.002   0.007   0.992
B P  2A84A                 70    0.248  35.237   0.000   0.852   0.000   0.148
E M  2A84A                 71    0.391  78.250   0.000   0.801   0.001   0.198
B Q  2A84A                 72    0.189  33.717   0.000   0.810   0.004   0.186
B F  2A84A                 73    0.172  34.615   0.000   0.477   0.022   0.502
E G  2A84A                 74    0.312  24.524   0.000   0.019   0.004   0.977
E A  2A84A                 75    0.701  77.218   0.000   0.045   0.002   0.953
E G  2A84A                 76    0.752  59.171   0.000   0.084   0.001   0.916
E G  2A84A                 77    0.437  34.410   0.000   0.134   0.006   0.861
E D  2A84A                 78    0.450  64.839   0.000   0.088   0.007   0.905
E L  2A84A                 79    0.255  46.774   0.000   0.456   0.002   0.542
E D  2A84A                 80    0.867 124.921   0.000   0.496   0.000   0.504
E A  2A84A                 81    0.541  59.644   0.000   0.498   0.001   0.501
B Y  2A84A                 82    0.210  44.919   0.000   0.004   0.005   0.991
E P  2A84A                 83    0.350  49.636   0.000   0.000   0.004   0.996
B R  2A84A                 84    0.224  51.348   0.000   0.000   0.023   0.977
E T  2A84A                 85    0.456  63.260   0.000   0.000   0.001   0.999
E P  2A84A                 86    0.281  39.892   0.000   0.988   0.000   0.011
E D  2A84A                 87    0.795 114.510   0.000   0.995   0.000   0.005
E D  2A84A                 88    0.531  76.482   0.000   0.994   0.000   0.006
B D  2A84A                 89    0.018   2.608   0.000   0.998   0.000   0.002
B L  2A84A                 90    0.121  22.097   0.000   0.998   0.000   0.002
E A  2A84A                 91    0.496  54.687   0.000   0.999   0.000   0.001
E Q  2A84A                 92    0.373  66.643   0.000   0.999   0.000   0.001
B L  2A84A                 93    0.005   0.851   0.000   0.998   0.000   0.002
E R  2A84A                 94    0.539 123.439   0.000   0.996   0.000   0.004
E A  2A84A                 95    0.763  84.077   0.000   0.928   0.000   0.072
E E  2A84A                 96    0.379  66.193   0.000   0.225   0.000   0.775
E G  2A84A                 97    0.516  40.585   0.000   0.000   0.000   1.000
B V  2A84A                 98    0.028   4.373   0.000   0.000   0.006   0.994
E E  2A84A                 99    0.380  66.458   0.000   0.000   0.012   0.988
B I  2A84A                100    0.026   4.725   0.000   0.000   0.984   0.016
B A  2A84A                101    0.012   1.318   0.000   0.000   0.999   0.001
B F  2A84A                102    0.029   5.920   0.000   0.000   0.968   0.032
B T  2A84A                103    0.029   3.995   0.000   0.000   0.303   0.697
B P  2A84A                104    0.050   7.065   0.000   0.000   0.025   0.975
E T  2A84A                105    0.304  42.210   0.000   0.000   0.024   0.976
B T  2A84A                106    0.211  29.226   0.000   0.964   0.000   0.035
E A  2A84A                107    0.626  69.007   0.000   0.970   0.000   0.030
E A  2A84A                108    0.302  33.259   0.000   0.980   0.001   0.019
B M  2A84A                109    0.057  11.308   0.000   0.854   0.010   0.136
B Y  2A84A                110    0.162  34.578   0.000   0.006   0.037   0.957
E P  2A84A                111    0.431  61.181   0.000   0.027   0.012   0.961
E D  2A84A                112    0.842 121.368   0.000   0.020   0.010   0.971
E G  2A84A                113    0.628  49.426   0.000   0.064   0.007   0.928
E L  2A84A                114    0.320  58.678   0.000   0.038   0.103   0.859
E R  2A84A                115    0.654 149.788   0.000   0.037   0.300   0.664
B T  2A84A                116    0.245  33.942   0.000   0.006   0.587   0.407
E T  2A84A                117    0.518  71.778   0.000   0.002   0.819   0.179
B V  2A84A                118    0.177  27.206   0.000   0.001   0.693   0.306
E Q  2A84A                119    0.633 113.094   0.000   0.001   0.209   0.791
E P  2A84A                120    0.355  50.371   0.000   0.028   0.093   0.879
E G  2A84A                121    0.345  27.118   0.000   0.206   0.034   0.759
E P  2A84A                122    0.652  92.581   0.000   0.521   0.010   0.469
B L  2A84A                123    0.230  42.187   0.000   0.767   0.006   0.227
B A  2A84A                124    0.145  15.935   0.000   0.893   0.003   0.104
E A  2A84A                125    0.535  58.927   0.000   0.829   0.003   0.169
E E  2A84A                126    0.568  99.308   0.000   0.770   0.011   0.218
B L  2A84A                127    0.196  35.842   0.000   0.680   0.013   0.307
E E  2A84A                128    0.379  66.199   0.000   0.204   0.028   0.768
E G  2A84A                129    0.423  33.277   0.000   0.059   0.057   0.883
E G  2A84A                130    0.405  31.837   0.000   0.015   0.051   0.934
E P  2A84A                131    0.598  84.794   0.000   0.012   0.077   0.911
E R  2A84A                132    0.366  83.872   0.000   0.007   0.026   0.966
E P  2A84A                133    0.627  89.037   0.000   0.107   0.016   0.877
E T  2A84A                134    0.564  78.280   0.000   0.157   0.005   0.838
B H  2A84A                135    0.244  44.468   0.000   0.666   0.021   0.313
B F  2A84A                136    0.207  41.536   0.000   0.856   0.005   0.139
E A  2A84A                137    0.305  33.600   0.000   0.966   0.000   0.033
B G  2A84A                138    0.125   9.811   0.000   0.972   0.000   0.028
B V  2A84A                139    0.030   4.626   0.000   0.994   0.000   0.005
B L  2A84A                140    0.055  10.119   0.000   0.998   0.000   0.002
E T  2A84A                141    0.255  35.423   0.000   0.998   0.000   0.002
B V  2A84A                142    0.056   8.678   0.000   1.000   0.000   0.000
B V  2A84A                143    0.014   2.206   0.000   1.000   0.000   0.000
B L  2A84A                144    0.141  25.819   0.000   1.000   0.000   0.000
E K  2A84A                145    0.323  66.435   0.000   0.999   0.000   0.001
B L  2A84A                146    0.036   6.586   0.000   0.998   0.000   0.002
B L  2A84A                147    0.032   5.773   0.000   0.994   0.000   0.006
E Q  2A84A                148    0.458  81.727   0.000   0.979   0.000   0.021
E I  2A84A                149    0.294  54.441   0.000   0.956   0.000   0.044
B V  2A84A                150    0.066  10.136   0.000   0.924   0.000   0.076
E R  2A84A                151    0.548 125.597   0.000   0.000   0.001   0.999
B P  2A84A                152    0.039   5.486   0.000   0.001   0.004   0.996
E D  2A84A                153    0.397  57.259   0.000   0.000   0.003   0.997
B R  2A84A                154    0.243  55.607   0.000   0.000   0.982   0.018
B V  2A84A                155    0.021   3.221   0.000   0.000   0.997   0.003
B F  2A84A                156    0.065  12.991   0.000   0.000   0.992   0.008
B F  2A84A                157    0.027   5.462   0.000   0.000   0.944   0.056
B G  2A84A                158    0.061   4.776   0.000   0.005   0.624   0.371
E E  2A84A                159    0.306  53.389   0.000   0.571   0.061   0.368
E K  2A84A                160    0.263  54.157   0.000   0.760   0.007   0.232
B D  2A84A                161    0.147  21.202   0.000   0.667   0.012   0.321
B Y  2A84A                162    0.156  33.350   0.000   0.985   0.000   0.015
B Q  2A84A                163    0.198  35.296   0.000   0.996   0.000   0.004
B Q  2A84A                164    0.044   7.811   0.000   0.998   0.000   0.002
B L  2A84A                165    0.024   4.431   0.000   0.998   0.000   0.002
B V  2A84A                166    0.197  30.348   0.000   0.999   0.000   0.001
B L  2A84A                167    0.073  13.393   0.000   1.000   0.000   0.000
B I  2A84A                168    0.012   2.198   0.000   0.999   0.000   0.001
E R  2A84A                169    0.372  85.136   0.000   0.999   0.000   0.001
E Q  2A84A                170    0.436  77.786   0.000   0.999   0.000   0.001
B L  2A84A                171    0.041   7.506   0.000   0.998   0.000   0.002
B V  2A84A                172    0.029   4.409   0.000   0.996   0.000   0.004
E A  2A84A                173    0.560  61.676   0.000   0.991   0.000   0.009
E D  2A84A                174    0.571  82.223   0.000   0.959   0.000   0.040
B F  2A84A                175    0.211  42.371   0.000   0.301   0.000   0.698
E N  2A84A                176    0.874 127.933   0.000   0.001   0.000   0.999
B L  2A84A                177    0.118  21.517   0.000   0.002   0.007   0.991
E D  2A84A                178    0.712 102.582   0.000   0.001   0.153   0.846
B V  2A84A                179    0.103  15.797   0.000   0.000   0.627   0.373
E A  2A84A                180    0.351  38.683   0.000   0.000   0.983   0.017
B V  2A84A                181    0.176  27.021   0.000   0.000   0.996   0.004
B V  2A84A                182    0.201  30.868   0.000   0.000   0.995   0.005
B G  2A84A                183    0.229  18.028   0.000   0.000   0.966   0.034
B V  2A84A                184    0.056   8.586   0.000   0.000   0.760   0.240
E P  2A84A                185    0.299  42.389   0.000   0.000   0.285   0.715
B T  2A84A                186    0.083  11.494   0.000   0.001   0.492   0.507
B V  2A84A                187    0.239  36.790   0.000   0.001   0.767   0.232
E R  2A84A                188    0.355  81.206   0.000   0.001   0.779   0.220
E E  2A84A                189    0.276  48.164   0.000   0.001   0.087   0.912
E A  2A84A                190    0.834  91.908   0.000   0.005   0.003   0.992
E D  2A84A                191    0.554  79.816   0.000   0.006   0.004   0.990
B G  2A84A                192    0.158  12.401   0.000   0.010   0.037   0.953
B L  2A84A                193    0.126  23.085   0.000   0.005   0.112   0.883
B A  2A84A                194    0.068   7.536   0.000   0.005   0.776   0.219
B M  2A84A                195    0.173  34.621   0.000   0.007   0.434   0.559
B S  2A84A                196    0.142  16.653   0.000   0.019   0.198   0.784
E S  2A84A                197    0.314  36.804   0.000   0.268   0.030   0.701
E R  2A84A                198    0.282  64.677   0.000   0.562   0.010   0.428
B N  2A84A                199    0.131  19.234   0.000   0.736   0.005   0.259
E R  2A84A                200    0.628 143.751   0.000   0.594   0.003   0.403
E Y  2A84A                201    0.538 115.011   0.000   0.604   0.003   0.393
B L  2A84A                202    0.097  17.833   0.000   0.001   0.005   0.994
E D  2A84A                203    0.584  84.097   0.000   0.000   0.000   1.000
E P  2A84A                204    0.719 102.057   0.000   0.986   0.000   0.014
E A  2A84A                205    0.620  68.285   0.000   0.991   0.000   0.009
E Q  2A84A                206    0.321  57.400   0.000   0.990   0.000   0.010
E R  2A84A                207    0.294  67.214   0.000   0.993   0.000   0.007
E A  2A84A                208    0.472  52.056   0.000   0.984   0.000   0.016
E A  2A84A                209    0.253  27.889   0.000   0.974   0.000   0.026
B A  2A84A                210    0.027   2.961   0.000   0.943   0.000   0.057
E V  2A84A                211    0.300  46.139   0.000   0.987   0.001   0.012
B A  2A84A                212    0.145  16.004   0.000   0.994   0.001   0.005
B L  2A84A                213    0.021   3.883   0.000   0.999   0.000   0.001
B S  2A84A                214    0.148  17.364   0.000   0.999   0.000   0.000
E A  2A84A                215    0.352  38.803   0.000   1.000   0.000   0.000
B A  2A84A                216    0.035   3.892   0.000   1.000   0.000   0.000
B L  2A84A                217    0.022   3.997   0.000   0.999   0.000   0.001
E T  2A84A                218    0.387  53.616   0.000   0.998   0.000   0.002
B A  2A84A                219    0.244  26.903   0.000   0.998   0.000   0.002
B A  2A84A                220    0.011   1.193   0.000   0.996   0.000   0.004
B A  2A84A                221    0.187  20.571   0.000   0.999   0.000   0.001
E H  2A84A                222    0.626 113.931   0.000   0.996   0.000   0.004
B A  2A84A                223    0.167  18.358   0.000   0.994   0.000   0.006
B A  2A84A                224    0.133  14.684   0.000   0.985   0.000   0.015
E T  2A84A                225    0.671  93.062   0.000   0.965   0.000   0.034
E A  2A84A                226    0.650  71.677   0.000   0.757   0.001   0.242
E G  2A84A                227    0.376  29.565   0.000   0.135   0.001   0.865
B A  2A84A                228    0.197  21.745   0.000   0.759   0.001   0.240
E Q  2A84A                229    0.681 121.599   0.000   0.960   0.000   0.039
E A  2A84A                230    0.394  43.403   0.000   0.980   0.001   0.019
B A  2A84A                231    0.046   5.108   0.000   0.993   0.000   0.007
B L  2A84A                232    0.135  24.628   0.000   0.998   0.000   0.002
E D  2A84A                233    0.640  92.253   0.000   0.999   0.000   0.001
B A  2A84A                234    0.249  27.488   0.000   0.999   0.000   0.001
B A  2A84A                235    0.009   1.027   0.000   0.998   0.000   0.002
E R  2A84A                236    0.423  96.804   0.000   0.998   0.000   0.002
E A  2A84A                237    0.540  59.551   0.000   0.997   0.000   0.003
B V  2A84A                238    0.228  35.102   0.000   0.995   0.000   0.005
B L  2A84A                239    0.052   9.609   0.000   0.982   0.000   0.018
E D  2A84A                240    0.720 103.727   0.000   0.905   0.000   0.095
E A  2A84A                241    0.740  81.598   0.000   0.490   0.000   0.510
B A  2A84A                242    0.155  17.041   0.000   0.003   0.001   0.995
E P  2A84A                243    0.797 113.039   0.000   0.003   0.001   0.996
E G  2A84A                244    0.607  47.789   0.000   0.002   0.002   0.997
B V  2A84A                245    0.084  12.842   0.000   0.004   0.459   0.537
E A  2A84A                246    0.442  48.672   0.000   0.001   0.846   0.154
B V  2A84A                247    0.126  19.379   0.000   0.000   0.931   0.068
E D  2A84A                248    0.340  48.980   0.000   0.001   0.873   0.126
B Y  2A84A                249    0.160  34.187   0.000   0.000   0.992   0.008
B L  2A84A                250    0.037   6.715   0.000   0.000   0.996   0.003
B E  2A84A                251    0.151  26.425   0.000   0.000   0.997   0.003
B L  2A84A                252    0.042   7.628   0.000   0.000   0.987   0.013
B R  2A84A                253    0.228  52.265   0.000   0.001   0.942   0.058
E D  2A84A                254    0.259  37.315   0.000   0.002   0.607   0.391
E I  2A84A                255    0.415  76.715   0.000   0.049   0.030   0.920
E G  2A84A                256    0.692  54.425   0.000   0.032   0.016   0.952
E L  2A84A                257    0.259  47.501   0.000   0.034   0.021   0.945
E G  2A84A                258    0.375  29.495   0.000   0.005   0.227   0.768
E P  2A84A                259    0.740 105.027   0.000   0.001   0.275   0.724
B M  2A84A                260    0.192  38.497   0.000   0.001   0.045   0.954
E P  2A84A                261    0.559  79.337   0.000   0.004   0.033   0.963
E L  2A84A                262    0.405  74.226   0.000   0.006   0.065   0.929
E N  2A84A                263    0.723 105.916   0.000   0.006   0.065   0.930
E G  2A84A                264    0.488  38.404   0.000   0.008   0.042   0.950
E S  2A84A                265    0.511  59.877   0.000   0.004   0.169   0.827
B G  2A84A                266    0.084   6.594   0.000   0.001   0.809   0.191
B R  2A84A                267    0.220  50.480   0.000   0.000   0.959   0.040
B L  2A84A                268    0.014   2.483   0.000   0.000   0.996   0.004
B L  2A84A                269    0.024   4.381   0.000   0.000   0.996   0.004
B V  2A84A                270    0.004   0.674   0.000   0.000   0.999   0.001
B A  2A84A                271    0.019   2.129   0.000   0.000   0.999   0.001
B A  2A84A                272    0.005   0.528   0.000   0.000   1.000   0.000
E R  2A84A                273    0.251  57.383   0.000   0.000   0.999   0.001
B L  2A84A                274    0.047   8.647   0.000   0.000   0.976   0.024
E G  2A84A                275    0.440  34.592   0.000   0.001   0.008   0.992
E T  2A84A                276    0.665  92.221   0.000   0.000   0.001   0.999
B T  2A84A                277    0.140  19.378   0.000   0.000   0.915   0.085
B R  2A84A                278    0.206  47.264   0.000   0.000   0.991   0.009
B L  2A84A                279    0.033   5.954   0.000   0.000   0.996   0.004
B L  2A84A                280    0.025   4.596   0.000   0.000   0.987   0.013
B D  2A84A                281    0.073  10.478   0.000   0.001   0.976   0.023
B N  2A84A                282    0.083  12.115   0.000   0.001   0.933   0.066
B I  2A84A                283    0.078  14.459   0.000   0.001   0.954   0.044
B A  2A84A                284    0.204  22.504   0.000   0.002   0.969   0.029
B I  2A84A                285    0.074  13.734   0.000   0.004   0.897   0.100
E E  2A84A                286    0.531  92.765   0.000   0.007   0.768   0.226
B I  2A84A                287    0.211  39.051   0.000   0.116   0.187   0.697
E G  2A84A                288    0.527  41.456   0.000   0.083   0.063   0.854
E T  2A84A                289    0.598  83.011   0.000   0.112   0.062   0.826
E F  2A84A                290    0.427  85.694   0.000   0.060   0.048   0.892
E A  2A84A                291    0.591  65.117   0.000   0.044   0.022   0.934
E G  2A84A                292    0.651  51.240   0.000   0.058   0.009   0.933
E T  2A84A                293    0.663  91.919   0.000   0.051   0.015   0.933
E D  2A84A                294    0.732 105.548   0.000   0.029   0.014   0.957
E R  2A84A                295    0.528 121.018   0.000   0.005   0.015   0.981
E P  2A84A                296    0.669  94.917   0.000   0.013   0.004   0.983
E D  2A84A                297    0.782 112.623   0.000   0.015   0.004   0.981
E G  2A84A                298    0.623  49.059   0.000   0.019   0.005   0.975
E Y  2A84A                299    0.566 121.046   0.000   0.020   0.023   0.957
E R  2A84A                300    0.840 192.424   0.000   0.000   0.000   1.000
