# For publication of results, please cite:
# ...
# ... Michael Schantz Klausen, Martin Closter Jespersen, Henrik Nielsen, Kamilla Kjærgaard Jensen, 
# ... Vanessa Isabell Jurtz, Casper Kaae Sønderby, Morten Otto Alexander Sommer, Ole Winther, 
# ... Morten Nielsen, Bent Petersen, and Paolo Marcatili. 
# ... NetSurfP-2.0: Improved prediction of protein structural features by integrated deep learning.
# ... Proteins: Structure, Function, and Bioinformatics (Feb. 2019).
# ... https://doi.org/10.1002/prot.25674
# ...
#
# Column 1: Class assignment - B for buried or E for Exposed - Threshold: 25% exposure, but not based on RSA
# Column 2: Amino acid
# Column 3: Sequence name
# Column 4: Amino acid number
# Column 5: Relative Surface Accessibility - RSA
# Column 6: Absolute Surface Accessibility
# Column 7: Not used
# Column 8: Probability for Alpha-Helix
# Column 9: Probability for Beta-strand
# Column 10: Probability for Coil
E M  1TJLD                  1    0.865 173.007   0.000   0.000   0.000   1.000
E Q  1TJLD                  2    0.830 148.319   0.000   0.003   0.001   0.996
E E  1TJLD                  3    0.757 132.329   0.000   0.007   0.003   0.990
E G  1TJLD                  4    0.710  55.875   0.000   0.013   0.001   0.986
E Q  1TJLD                  5    0.706 126.145   0.000   0.037   0.004   0.960
E N  1TJLD                  6    0.769 112.650   0.000   0.044   0.004   0.952
E R  1TJLD                  7    0.595 136.312   0.000   0.110   0.017   0.873
E K  1TJLD                  8    0.616 126.782   0.000   0.116   0.026   0.858
E T  1TJLD                  9    0.550  76.331   0.000   0.153   0.030   0.818
E S  1TJLD                 10    0.515  60.302   0.000   0.225   0.009   0.765
E S  1TJLD                 11    0.345  40.482   0.000   0.512   0.005   0.483
E L  1TJLD                 12    0.356  65.260   0.000   0.514   0.016   0.470
E S  1TJLD                 13    0.453  53.066   0.000   0.497   0.021   0.482
E I  1TJLD                 14    0.308  57.013   0.000   0.581   0.028   0.391
E L  1TJLD                 15    0.273  49.963   0.000   0.473   0.041   0.486
E A  1TJLD                 16    0.456  50.198   0.000   0.402   0.039   0.559
E I  1TJLD                 17    0.455  84.197   0.000   0.393   0.041   0.567
E A  1TJLD                 18    0.497  54.748   0.000   0.178   0.015   0.807
E G  1TJLD                 19    0.699  55.028   0.000   0.027   0.012   0.961
E V  1TJLD                 20    0.332  50.968   0.000   0.009   0.079   0.912
E E  1TJLD                 21    0.594 103.826   0.000   0.009   0.135   0.855
E P  1TJLD                 22    0.456  64.757   0.000   0.027   0.181   0.791
E Y  1TJLD                 23    0.250  53.467   0.000   0.063   0.110   0.827
E Q  1TJLD                 24    0.598 106.755   0.000   0.051   0.071   0.877
E E  1TJLD                 25    0.607 106.030   0.000   0.039   0.071   0.890
E K  1TJLD                 26    0.447  91.892   0.000   0.003   0.052   0.945
E P  1TJLD                 27    0.570  80.950   0.000   0.023   0.026   0.952
E G  1TJLD                 28    0.591  46.519   0.000   0.159   0.003   0.838
E E  1TJLD                 29    0.550  96.132   0.000   0.214   0.024   0.762
E E  1TJLD                 30    0.656 114.553   0.000   0.207   0.066   0.728
E Y  1TJLD                 31    0.324  69.329   0.000   0.151   0.064   0.785
B M  1TJLD                 32    0.106  21.294   0.000   0.012   0.025   0.963
E N  1TJLD                 33    0.516  75.538   0.000   0.006   0.002   0.991
E E  1TJLD                 34    0.797 139.297   0.000   0.992   0.000   0.008
E A  1TJLD                 35    0.614  67.655   0.000   0.994   0.000   0.006
E Q  1TJLD                 36    0.308  54.979   0.000   0.997   0.000   0.003
B L  1TJLD                 37    0.126  23.137   0.000   0.998   0.000   0.001
E A  1TJLD                 38    0.438  48.286   0.000   1.000   0.000   0.000
E H  1TJLD                 39    0.482  87.699   0.000   1.000   0.000   0.000
B F  1TJLD                 40    0.057  11.406   0.000   1.000   0.000   0.000
E R  1TJLD                 41    0.385  88.112   0.000   1.000   0.000   0.000
E R  1TJLD                 42    0.624 142.791   0.000   1.000   0.000   0.000
E I  1TJLD                 43    0.268  49.547   0.000   1.000   0.000   0.000
B L  1TJLD                 44    0.046   8.378   0.000   0.999   0.000   0.001
E E  1TJLD                 45    0.453  79.081   0.000   1.000   0.000   0.000
E A  1TJLD                 46    0.454  50.081   0.000   0.999   0.000   0.001
B W  1TJLD                 47    0.193  46.493   0.000   0.999   0.000   0.001
B R  1TJLD                 48    0.236  53.989   0.000   1.000   0.000   0.000
E N  1TJLD                 49    0.551  80.669   0.000   0.999   0.000   0.001
E Q  1TJLD                 50    0.526  93.933   0.000   0.999   0.000   0.001
B L  1TJLD                 51    0.051   9.355   0.000   0.999   0.000   0.001
E R  1TJLD                 52    0.374  85.620   0.000   0.999   0.000   0.001
E D  1TJLD                 53    0.589  84.938   0.000   0.999   0.000   0.001
E E  1TJLD                 54    0.393  68.606   0.000   0.998   0.000   0.002
B V  1TJLD                 55    0.070  10.830   0.000   0.995   0.000   0.005
E D  1TJLD                 56    0.539  77.644   0.000   0.990   0.000   0.010
E R  1TJLD                 57    0.615 140.834   0.000   0.973   0.000   0.027
B T  1TJLD                 58    0.168  23.355   0.000   0.972   0.000   0.028
B V  1TJLD                 59    0.210  32.260   0.000   0.958   0.001   0.041
E T  1TJLD                 60    0.548  76.040   0.000   0.941   0.000   0.058
E H  1TJLD                 61    0.535  97.306   0.000   0.893   0.001   0.106
B M  1TJLD                 62    0.156  31.141   0.000   0.880   0.001   0.119
E Q  1TJLD                 63    0.560 100.081   0.000   0.887   0.001   0.113
E D  1TJLD                 64    0.764 110.065   0.000   0.832   0.000   0.167
E E  1TJLD                 65    0.492  86.009   0.000   0.718   0.001   0.281
E A  1TJLD                 66    0.333  36.651   0.000   0.730   0.001   0.269
E A  1TJLD                 67    0.673  74.171   0.000   0.525   0.001   0.474
E N  1TJLD                 68    0.819 119.915   0.000   0.287   0.001   0.712
E F  1TJLD                 69    0.389  78.069   0.000   0.004   0.002   0.994
E P  1TJLD                 70    0.719 102.081   0.000   0.002   0.000   0.997
E D  1TJLD                 71    0.579  83.450   0.000   0.005   0.001   0.994
E P  1TJLD                 72    0.604  85.709   0.000   0.764   0.000   0.236
E V  1TJLD                 73    0.600  92.286   0.000   0.682   0.002   0.317
E D  1TJLD                 74    0.464  66.896   0.000   0.859   0.001   0.140
E R  1TJLD                 75    0.446 102.142   0.000   0.930   0.000   0.070
E A  1TJLD                 76    0.477  52.556   0.000   0.872   0.001   0.127
E A  1TJLD                 77    0.413  45.524   0.000   0.932   0.000   0.068
E Q  1TJLD                 78    0.383  68.394   0.000   0.952   0.000   0.048
E E  1TJLD                 79    0.451  78.778   0.000   0.967   0.000   0.033
E E  1TJLD                 80    0.585 102.144   0.000   0.975   0.000   0.025
E E  1TJLD                 81    0.498  87.026   0.000   0.967   0.000   0.033
E F  1TJLD                 82    0.289  58.073   0.000   0.971   0.000   0.028
E S  1TJLD                 83    0.420  49.231   0.000   0.978   0.000   0.022
E L  1TJLD                 84    0.443  81.070   0.000   0.983   0.000   0.016
E E  1TJLD                 85    0.368  64.361   0.000   0.986   0.000   0.014
E L  1TJLD                 86    0.286  52.306   0.000   0.984   0.000   0.016
E R  1TJLD                 87    0.568 130.183   0.000   0.980   0.000   0.020
E N  1TJLD                 88    0.418  61.184   0.000   0.972   0.000   0.028
E R  1TJLD                 89    0.329  75.418   0.000   0.990   0.000   0.010
E D  1TJLD                 90    0.489  70.395   0.000   0.995   0.000   0.005
E R  1TJLD                 91    0.518 118.726   0.000   0.996   0.000   0.004
E E  1TJLD                 92    0.253  44.144   0.000   0.997   0.000   0.003
E R  1TJLD                 93    0.448 102.578   0.000   0.999   0.000   0.001
E K  1TJLD                 94    0.548 112.754   0.000   1.000   0.000   0.000
B L  1TJLD                 95    0.210  38.471   0.000   1.000   0.000   0.000
B I  1TJLD                 96    0.124  22.855   0.000   1.000   0.000   0.000
E K  1TJLD                 97    0.527 108.364   0.000   1.000   0.000   0.000
E K  1TJLD                 98    0.445  91.469   0.000   0.999   0.000   0.001
B I  1TJLD                 99    0.055  10.162   0.000   1.000   0.000   0.000
E E  1TJLD                100    0.427  74.592   0.000   1.000   0.000   0.000
E K  1TJLD                101    0.518 106.459   0.000   1.000   0.000   0.000
B T  1TJLD                102    0.073  10.187   0.000   0.999   0.000   0.001
B L  1TJLD                103    0.150  27.555   0.000   0.998   0.000   0.002
E K  1TJLD                104    0.514 105.701   0.000   0.998   0.000   0.002
E K  1TJLD                105    0.314  64.692   0.000   0.997   0.000   0.003
B V  1TJLD                106    0.105  16.164   0.000   0.994   0.000   0.005
E E  1TJLD                107    0.620 108.254   0.000   0.985   0.000   0.015
E D  1TJLD                108    0.619  89.214   0.000   0.323   0.001   0.677
E E  1TJLD                109    0.622 108.632   0.000   0.011   0.000   0.989
E D  1TJLD                110    0.495  71.288   0.000   0.002   0.008   0.990
B F  1TJLD                111    0.192  38.588   0.000   0.005   0.064   0.931
B G  1TJLD                112    0.089   7.014   0.000   0.005   0.406   0.589
E Y  1TJLD                113    0.363  77.634   0.000   0.000   0.970   0.029
B C  1TJLD                114    0.045   6.339   0.000   0.001   0.387   0.612
E E  1TJLD                115    0.526  91.940   0.000   0.001   0.001   0.998
E S  1TJLD                116    0.603  70.649   0.000   0.000   0.001   0.999
E C  1TJLD                117    0.453  63.593   0.000   0.001   0.000   0.998
E G  1TJLD                118    0.507  39.904   0.000   0.000   0.000   1.000
E V  1TJLD                119    0.444  68.219   0.000   0.000   0.009   0.991
E E  1TJLD                120    0.640 111.748   0.000   0.000   0.985   0.015
B I  1TJLD                121    0.042   7.755   0.000   0.004   0.056   0.940
E G  1TJLD                122    0.280  22.013   0.000   0.038   0.028   0.934
E I  1TJLD                123    0.356  65.927   0.000   0.978   0.001   0.022
E R  1TJLD                124    0.587 134.442   0.000   0.989   0.000   0.011
B R  1TJLD                125    0.178  40.864   0.000   0.997   0.000   0.002
B L  1TJLD                126    0.101  18.409   0.000   0.992   0.000   0.008
E E  1TJLD                127    0.579 101.153   0.000   0.959   0.000   0.041
B A  1TJLD                128    0.197  21.733   0.000   0.830   0.001   0.169
E R  1TJLD                129    0.280  64.195   0.000   0.042   0.006   0.952
E P  1TJLD                130    0.309  43.872   0.000   0.041   0.002   0.957
E T  1TJLD                131    0.409  56.733   0.000   0.098   0.011   0.890
B A  1TJLD                132    0.082   9.090   0.000   0.045   0.028   0.927
E D  1TJLD                133    0.592  85.328   0.000   0.080   0.106   0.813
E L  1TJLD                134    0.254  46.560   0.000   0.057   0.606   0.337
B C  1TJLD                135    0.108  15.201   0.000   0.095   0.183   0.722
E I  1TJLD                136    0.378  69.970   0.000   0.932   0.013   0.055
E D  1TJLD                137    0.517  74.477   0.000   0.918   0.007   0.075
B C  1TJLD                138    0.128  17.913   0.000   0.928   0.002   0.070
E K  1TJLD                139    0.396  81.425   0.000   0.976   0.001   0.023
E T  1TJLD                140    0.460  63.791   0.000   0.976   0.001   0.024
E L  1TJLD                141    0.323  59.229   0.000   0.979   0.001   0.020
B A  1TJLD                142    0.231  25.508   0.000   0.979   0.000   0.021
E E  1TJLD                143    0.506  88.451   0.000   0.957   0.000   0.043
E I  1TJLD                144    0.494  91.464   0.000   0.951   0.000   0.049
E R  1TJLD                145    0.501 114.800   0.000   0.925   0.000   0.075
E E  1TJLD                146    0.586 102.316   0.000   0.884   0.000   0.115
E K  1TJLD                147    0.696 143.136   0.000   0.870   0.000   0.130
E Q  1TJLD                148    0.704 125.766   0.000   0.770   0.001   0.229
E M  1TJLD                149    0.655 130.987   0.000   0.579   0.001   0.421
E A  1TJLD                150    0.795  87.599   0.000   0.313   0.001   0.686
E G  1TJLD                151    0.963  75.806   0.000   0.001   0.000   0.999
