# For publication of results, please cite:
# ...
# ... Michael Schantz Klausen, Martin Closter Jespersen, Henrik Nielsen, Kamilla Kjærgaard Jensen, 
# ... Vanessa Isabell Jurtz, Casper Kaae Sønderby, Morten Otto Alexander Sommer, Ole Winther, 
# ... Morten Nielsen, Bent Petersen, and Paolo Marcatili. 
# ... NetSurfP-2.0: Improved prediction of protein structural features by integrated deep learning.
# ... Proteins: Structure, Function, and Bioinformatics (Feb. 2019).
# ... https://doi.org/10.1002/prot.25674
# ...
#
# Column 1: Class assignment - B for buried or E for Exposed - Threshold: 25% exposure, but not based on RSA
# Column 2: Amino acid
# Column 3: Sequence name
# Column 4: Amino acid number
# Column 5: Relative Surface Accessibility - RSA
# Column 6: Absolute Surface Accessibility
# Column 7: Not used
# Column 8: Probability for Alpha-Helix
# Column 9: Probability for Beta-strand
# Column 10: Probability for Coil
E M  2CDMC                  1    0.633 126.643   0.000   0.000   0.002   0.998
E L  2CDMC                  2    0.281  51.524   0.000   0.001   0.514   0.485
E S  2CDMC                  3    0.437  51.197   0.000   0.002   0.673   0.325
E H  2CDMC                  4    0.409  74.352   0.000   0.006   0.716   0.278
E M  2CDMC                  5    0.377  75.387   0.000   0.003   0.875   0.122
E V  2CDMC                  6    0.449  68.994   0.000   0.004   0.831   0.165
B L  2CDMC                  7    0.179  32.859   0.000   0.009   0.472   0.518
E T  2CDMC                  8    0.427  59.291   0.000   0.018   0.284   0.699
E R  2CDMC                  9    0.545 124.708   0.000   0.474   0.031   0.495
E Q  2CDMC                 10    0.769 137.289   0.000   0.452   0.007   0.541
E D  2CDMC                 11    0.436  62.887   0.000   0.433   0.022   0.545
B I  2CDMC                 12    0.171  31.646   0.000   0.702   0.007   0.291
E G  2CDMC                 13    0.403  31.718   0.000   0.626   0.004   0.370
E R  2CDMC                 14    0.568 130.044   0.000   0.557   0.006   0.437
B A  2CDMC                 15    0.113  12.464   0.000   0.593   0.004   0.403
B A  2CDMC                 16    0.211  23.213   0.000   0.628   0.008   0.364
E S  2CDMC                 17    0.486  56.933   0.000   0.518   0.005   0.477
E F  2CDMC                 18    0.293  58.872   0.000   0.532   0.014   0.454
E Y  2CDMC                 19    0.278  59.328   0.000   0.508   0.027   0.465
E E  2CDMC                 20    0.642 112.198   0.000   0.593   0.015   0.392
E D  2CDMC                 21    0.744 107.212   0.000   0.278   0.004   0.719
E G  2CDMC                 22    0.469  36.906   0.000   0.065   0.002   0.934
E A  2CDMC                 23    0.417  45.960   0.000   0.131   0.010   0.859
E D  2CDMC                 24    0.587  84.625   0.000   0.100   0.011   0.889
E D  2CDMC                 25    0.497  71.568   0.000   0.080   0.024   0.896
B Y  2CDMC                 26    0.228  48.691   0.000   0.084   0.067   0.849
E Y  2CDMC                 27    0.281  60.044   0.000   0.060   0.166   0.775
B A  2CDMC                 28    0.243  26.826   0.000   0.041   0.172   0.787
E K  2CDMC                 29    0.603 124.123   0.000   0.044   0.078   0.878
E D  2CDMC                 30    0.784 113.046   0.000   0.043   0.022   0.935
E G  2CDMC                 31    0.615  48.436   0.000   0.024   0.013   0.963
E D  2CDMC                 32    0.664  95.643   0.000   0.017   0.050   0.933
E A  2CDMC                 33    0.364  40.113   0.000   0.017   0.101   0.882
B S  2CDMC                 34    0.181  21.232   0.000   0.009   0.354   0.637
E E  2CDMC                 35    0.440  76.831   0.000   0.002   0.883   0.115
B W  2CDMC                 36    0.181  43.420   0.000   0.002   0.893   0.105
E Q  2CDMC                 37    0.262  46.862   0.000   0.006   0.693   0.300
B G  2CDMC                 38    0.163  12.790   0.000   0.084   0.038   0.877
E K  2CDMC                 39    0.496 101.997   0.000   0.811   0.018   0.171
B G  2CDMC                 40    0.021   1.678   0.000   0.908   0.001   0.091
B A  2CDMC                 41    0.018   1.993   0.000   0.975   0.000   0.025
E E  2CDMC                 42    0.716 125.005   0.000   0.986   0.000   0.013
E E  2CDMC                 43    0.550  96.091   0.000   0.948   0.000   0.052
B L  2CDMC                 44    0.133  24.433   0.000   0.530   0.000   0.470
E G  2CDMC                 45    0.689  54.210   0.000   0.002   0.000   0.998
B L  2CDMC                 46    0.108  19.830   0.000   0.001   0.015   0.984
E S  2CDMC                 47    0.730  85.564   0.000   0.001   0.081   0.918
E G  2CDMC                 48    0.409  32.182   0.000   0.002   0.078   0.920
E E  2CDMC                 49    0.693 121.093   0.000   0.003   0.246   0.751
B V  2CDMC                 50    0.075  11.552   0.000   0.002   0.297   0.701
E D  2CDMC                 51    0.456  65.743   0.000   0.003   0.060   0.938
E S  2CDMC                 52    0.345  40.443   0.000   0.956   0.000   0.044
E K  2CDMC                 53    0.613 126.100   0.000   0.984   0.000   0.016
B R  2CDMC                 54    0.229  52.352   0.000   0.994   0.000   0.005
B F  2CDMC                 55    0.020   3.914   0.000   0.998   0.000   0.002
E R  2CDMC                 56    0.403  92.364   0.000   0.998   0.000   0.002
E E  2CDMC                 57    0.340  59.462   0.000   0.997   0.000   0.003
B L  2CDMC                 58    0.036   6.582   0.000   0.995   0.000   0.005
B L  2CDMC                 59    0.089  16.277   0.000   0.934   0.001   0.065
E A  2CDMC                 60    0.435  47.888   0.000   0.263   0.001   0.736
B G  2CDMC                 61    0.233  18.307   0.000   0.010   0.003   0.987
E N  2CDMC                 62    0.433  63.328   0.000   0.008   0.065   0.927
B I  2CDMC                 63    0.174  32.123   0.000   0.046   0.102   0.852
E G  2CDMC                 64    0.302  23.773   0.000   0.085   0.026   0.889
E E  2CDMC                 65    0.636 111.057   0.000   0.095   0.050   0.855
E G  2CDMC                 66    0.269  21.156   0.000   0.369   0.035   0.596
E H  2CDMC                 67    0.424  77.060   0.000   0.339   0.130   0.531
E R  2CDMC                 68    0.470 107.713   0.000   0.317   0.257   0.426
B I  2CDMC                 69    0.177  32.771   0.000   0.360   0.202   0.438
B M  2CDMC                 70    0.158  31.558   0.000   0.443   0.154   0.404
E R  2CDMC                 71    0.491 112.439   0.000   0.370   0.104   0.527
E S  2CDMC                 72    0.378  44.331   0.000   0.305   0.068   0.627
E A  2CDMC                 73    0.279  30.737   0.000   0.242   0.040   0.718
E T  2CDMC                 74    0.522  72.440   0.000   0.214   0.020   0.767
E R  2CDMC                 75    0.527 120.673   0.000   0.169   0.024   0.807
E Q  2CDMC                 76    0.688 122.868   0.000   0.104   0.013   0.883
E D  2CDMC                 77    0.598  86.196   0.000   0.110   0.020   0.870
E S  2CDMC                 78    0.488  57.251   0.000   0.094   0.026   0.881
E K  2CDMC                 79    0.595 122.377   0.000   0.081   0.067   0.851
E E  2CDMC                 80    0.347  60.603   0.000   0.033   0.259   0.708
E R  2CDMC                 81    0.289  66.237   0.000   0.006   0.603   0.391
B I  2CDMC                 82    0.068  12.506   0.000   0.001   0.783   0.216
B G  2CDMC                 83    0.022   1.696   0.000   0.000   0.929   0.071
B L  2CDMC                 84    0.019   3.496   0.000   0.001   0.977   0.023
B D  2CDMC                 85    0.061   8.797   0.000   0.000   0.981   0.018
B L  2CDMC                 86    0.008   1.450   0.000   0.000   0.987   0.013
B T  2CDMC                 87    0.052   7.278   0.000   0.000   0.963   0.037
B F  2CDMC                 88    0.024   4.778   0.000   0.000   0.783   0.216
B S  2CDMC                 89    0.108  12.671   0.000   0.001   0.296   0.703
B A  2CDMC                 90    0.032   3.498   0.000   0.325   0.012   0.663
B P  2CDMC                 91    0.098  13.957   0.000   0.434   0.008   0.559
B K  2CDMC                 92    0.137  28.174   0.000   0.937   0.002   0.061
B S  2CDMC                 93    0.058   6.821   0.000   0.951   0.006   0.043
B V  2CDMC                 94    0.019   2.872   0.000   0.994   0.001   0.005
B S  2CDMC                 95    0.021   2.491   0.000   0.997   0.001   0.003
B L  2CDMC                 96    0.018   3.247   0.000   0.999   0.000   0.001
B Q  2CDMC                 97    0.034   6.066   0.000   0.999   0.000   0.001
B A  2CDMC                 98    0.020   2.243   0.000   0.999   0.000   0.001
B L  2CDMC                 99    0.091  16.621   0.000   0.994   0.000   0.006
B V  2CDMC                100    0.141  21.708   0.000   0.966   0.000   0.034
B A  2CDMC                101    0.236  26.059   0.000   0.824   0.001   0.175
E G  2CDMC                102    0.558  43.951   0.000   0.003   0.000   0.996
E D  2CDMC                103    0.314  45.317   0.000   0.046   0.000   0.954
E A  2CDMC                104    0.632  69.670   0.000   0.983   0.000   0.017
E E  2CDMC                105    0.504  88.122   0.000   0.994   0.000   0.006
B I  2CDMC                106    0.011   2.014   0.000   0.999   0.000   0.001
B I  2CDMC                107    0.150  27.818   0.000   1.000   0.000   0.000
E K  2CDMC                108    0.537 110.391   0.000   1.000   0.000   0.000
B A  2CDMC                109    0.019   2.089   0.000   1.000   0.000   0.000
B H  2CDMC                110    0.026   4.753   0.000   1.000   0.000   0.000
E D  2CDMC                111    0.386  55.616   0.000   1.000   0.000   0.000
E R  2CDMC                112    0.461 105.590   0.000   1.000   0.000   0.000
B A  2CDMC                113    0.006   0.666   0.000   1.000   0.000   0.000
B V  2CDMC                114    0.034   5.256   0.000   1.000   0.000   0.000
E A  2CDMC                115    0.376  41.478   0.000   1.000   0.000   0.000
E R  2CDMC                116    0.383  87.770   0.000   1.000   0.000   0.000
B T  2CDMC                117    0.006   0.799   0.000   0.999   0.000   0.001
B L  2CDMC                118    0.043   7.848   0.000   0.999   0.000   0.001
E E  2CDMC                119    0.574 100.359   0.000   0.999   0.000   0.001
B Q  2CDMC                120    0.245  43.755   0.000   0.999   0.000   0.001
B A  2CDMC                121    0.009   1.042   0.000   0.998   0.000   0.002
B E  2CDMC                122    0.217  37.994   0.000   0.996   0.000   0.004
E A  2CDMC                123    0.614  67.701   0.000   0.911   0.000   0.089
E R  2CDMC                124    0.372  85.161   0.000   0.730   0.001   0.269
B A  2CDMC                125    0.052   5.766   0.000   0.150   0.139   0.711
E Q  2CDMC                126    0.374  66.853   0.000   0.022   0.682   0.296
B A  2CDMC                127    0.113  12.428   0.000   0.004   0.858   0.138
E R  2CDMC                128    0.295  67.593   0.000   0.001   0.947   0.051
E Q  2CDMC                129    0.345  61.543   0.000   0.001   0.923   0.076
E K  2CDMC                130    0.414  85.182   0.000   0.005   0.705   0.291
E I  2CDMC                131    0.431  79.647   0.000   0.007   0.761   0.232
E Q  2CDMC                132    0.793 141.604   0.000   0.011   0.014   0.975
E G  2CDMC                133    0.678  53.386   0.000   0.016   0.011   0.972
E K  2CDMC                134    0.555 114.253   0.000   0.001   0.828   0.172
E T  2CDMC                135    0.450  62.475   0.000   0.001   0.890   0.109
E R  2CDMC                136    0.432  98.973   0.000   0.000   0.970   0.029
E I  2CDMC                137    0.410  75.768   0.000   0.000   0.984   0.016
E E  2CDMC                138    0.362  63.302   0.000   0.000   0.993   0.007
E T  2CDMC                139    0.539  74.706   0.000   0.000   0.985   0.015
B T  2CDMC                140    0.134  18.624   0.000   0.002   0.752   0.246
E G  2CDMC                141    0.384  30.244   0.000   0.002   0.195   0.803
E N  2CDMC                142    0.349  51.126   0.000   0.002   0.116   0.882
B L  2CDMC                143    0.030   5.493   0.000   0.000   0.895   0.105
B V  2CDMC                144    0.020   3.047   0.000   0.000   0.995   0.005
B I  2CDMC                145    0.030   5.566   0.000   0.000   0.998   0.002
B G  2CDMC                146    0.010   0.779   0.000   0.000   0.999   0.001
B K  2CDMC                147    0.183  37.563   0.000   0.000   0.999   0.001
B F  2CDMC                148    0.032   6.343   0.000   0.000   0.998   0.002
E R  2CDMC                149    0.341  78.161   0.000   0.000   0.968   0.031
B H  2CDMC                150    0.092  16.737   0.000   0.001   0.724   0.275
E E  2CDMC                151    0.481  84.044   0.000   0.013   0.204   0.783
E T  2CDMC                152    0.320  44.384   0.000   0.017   0.151   0.832
E S  2CDMC                153    0.342  40.088   0.000   0.040   0.068   0.893
E R  2CDMC                154    0.509 116.659   0.000   0.059   0.014   0.927
E E  2CDMC                155    0.820 143.246   0.000   0.061   0.001   0.938
E R  2CDMC                156    0.690 157.926   0.000   0.034   0.003   0.963
E D  2CDMC                157    0.422  60.875   0.000   0.002   0.021   0.977
E P  2CDMC                158    0.339  48.115   0.000   0.023   0.057   0.920
E Q  2CDMC                159    0.267  47.681   0.000   0.016   0.156   0.828
B L  2CDMC                160    0.228  41.658   0.000   0.039   0.268   0.693
B H  2CDMC                161    0.134  24.387   0.000   0.003   0.778   0.219
B T  2CDMC                162    0.084  11.635   0.000   0.001   0.859   0.140
B H  2CDMC                163    0.077  14.070   0.000   0.000   0.963   0.036
B A  2CDMC                164    0.011   1.170   0.000   0.000   0.995   0.005
B V  2CDMC                165    0.056   8.589   0.000   0.000   0.996   0.004
B I  2CDMC                166    0.018   3.391   0.000   0.001   0.988   0.012
B L  2CDMC                167    0.094  17.233   0.000   0.004   0.898   0.097
B N  2CDMC                168    0.071  10.329   0.000   0.002   0.875   0.123
B M  2CDMC                169    0.107  21.324   0.000   0.001   0.935   0.064
B T  2CDMC                170    0.070   9.724   0.000   0.000   0.955   0.045
E K  2CDMC                171    0.352  72.389   0.000   0.000   0.991   0.009
B R  2CDMC                172    0.183  42.021   0.000   0.000   0.230   0.770
E S  2CDMC                173    0.769  90.140   0.000   0.000   0.000   0.999
E D  2CDMC                174    0.775 111.646   0.000   0.001   0.000   0.999
E G  2CDMC                175    0.560  44.106   0.000   0.002   0.001   0.998
E Q  2CDMC                176    0.572 102.203   0.000   0.000   0.014   0.986
E W  2CDMC                177    0.306  73.590   0.000   0.000   0.986   0.014
E R  2CDMC                178    0.288  66.056   0.000   0.000   0.993   0.007
B A  2CDMC                179    0.223  24.601   0.000   0.000   0.922   0.078
B L  2CDMC                180    0.107  19.669   0.000   0.005   0.317   0.678
E K  2CDMC                181    0.386  79.493   0.000   0.011   0.121   0.869
E N  2CDMC                182    0.256  37.420   0.000   0.343   0.016   0.641
E D  2CDMC                183    0.522  75.286   0.000   0.973   0.001   0.026
E E  2CDMC                184    0.415  72.423   0.000   0.992   0.000   0.008
B I  2CDMC                185    0.061  11.298   0.000   0.995   0.000   0.005
E V  2CDMC                186    0.288  44.300   0.000   0.992   0.000   0.007
E K  2CDMC                187    0.546 112.222   0.000   0.963   0.000   0.037
B A  2CDMC                188    0.107  11.808   0.000   0.861   0.000   0.139
B T  2CDMC                189    0.164  22.754   0.000   0.956   0.001   0.042
E R  2CDMC                190    0.554 126.865   0.000   0.990   0.001   0.009
E Y  2CDMC                191    0.400  85.572   0.000   0.989   0.002   0.009
B L  2CDMC                192    0.043   7.913   0.000   0.995   0.000   0.005
B G  2CDMC                193    0.095   7.439   0.000   0.991   0.000   0.008
E A  2CDMC                194    0.483  53.212   0.000   0.994   0.000   0.006
E V  2CDMC                195    0.277  42.564   0.000   0.990   0.000   0.009
B Y  2CDMC                196    0.060  12.798   0.000   0.962   0.001   0.037
E N  2CDMC                197    0.304  44.574   0.000   0.978   0.000   0.022
E A  2CDMC                198    0.506  55.796   0.000   0.992   0.000   0.008
E E  2CDMC                199    0.386  67.464   0.000   0.991   0.000   0.009
B L  2CDMC                200    0.033   6.071   0.000   0.984   0.000   0.016
B A  2CDMC                201    0.176  19.352   0.000   0.994   0.000   0.006
E H  2CDMC                202    0.585 106.405   0.000   0.991   0.000   0.009
E E  2CDMC                203    0.318  55.499   0.000   0.988   0.000   0.012
B L  2CDMC                204    0.036   6.543   0.000   0.978   0.000   0.022
E Q  2CDMC                205    0.593 105.995   0.000   0.977   0.000   0.023
E K  2CDMC                206    0.738 151.836   0.000   0.840   0.000   0.159
E L  2CDMC                207    0.286  52.313   0.000   0.176   0.000   0.824
E G  2CDMC                208    0.585  46.043   0.000   0.002   0.000   0.997
B Y  2CDMC                209    0.186  39.671   0.000   0.000   0.021   0.979
E Q  2CDMC                210    0.665 118.703   0.000   0.001   0.383   0.616
E L  2CDMC                211    0.363  66.469   0.000   0.000   0.624   0.375
E R  2CDMC                212    0.587 134.500   0.000   0.000   0.750   0.250
E Y  2CDMC                213    0.543 116.062   0.000   0.000   0.844   0.156
B G  2CDMC                214    0.243  19.113   0.000   0.001   0.017   0.982
E K  2CDMC                215    0.857 176.305   0.000   0.005   0.002   0.992
E D  2CDMC                216    0.652  93.992   0.000   0.004   0.000   0.995
E G  2CDMC                217    0.359  28.229   0.000   0.009   0.002   0.988
E N  2CDMC                218    0.306  44.764   0.000   0.002   0.024   0.975
B F  2CDMC                219    0.156  31.349   0.000   0.001   0.874   0.125
E D  2CDMC                220    0.301  43.328   0.000   0.001   0.859   0.140
B L  2CDMC                221    0.099  18.104   0.000   0.002   0.823   0.176
E A  2CDMC                222    0.329  36.244   0.000   0.002   0.459   0.539
E H  2CDMC                223    0.599 108.892   0.000   0.004   0.167   0.829
B I  2CDMC                224    0.190  35.118   0.000   0.001   0.101   0.897
E D  2CDMC                225    0.565  81.371   0.000   0.002   0.014   0.983
E R  2CDMC                226    0.602 137.788   0.000   0.211   0.001   0.788
E Q  2CDMC                227    0.711 126.915   0.000   0.114   0.001   0.885
E Q  2CDMC                228    0.470  83.903   0.000   0.088   0.001   0.911
E I  2CDMC                229    0.278  51.449   0.000   0.038   0.000   0.962
E E  2CDMC                230    0.648 113.290   0.000   0.020   0.000   0.980
E G  2CDMC                231    0.523  41.150   0.000   0.024   0.000   0.976
E F  2CDMC                232    0.417  83.709   0.000   0.025   0.000   0.975
E S  2CDMC                233    0.450  52.704   0.000   0.020   0.000   0.980
E K  2CDMC                234    0.695 142.933   0.000   0.019   0.000   0.981
E R  2CDMC                235    0.554 126.881   0.000   0.005   0.000   0.995
E T  2CDMC                236    0.576  79.836   0.000   0.005   0.000   0.995
E E  2CDMC                237    0.709 123.836   0.000   0.002   0.000   0.998
E Q  2CDMC                238    0.616 110.046   0.000   0.001   0.000   0.999
E I  2CDMC                239    0.399  73.854   0.000   0.001   0.000   0.999
E A  2CDMC                240    0.585  64.499   0.000   0.001   0.000   0.999
E E  2CDMC                241    0.743 129.797   0.000   0.001   0.000   0.999
E W  2CDMC                242    0.492 118.271   0.000   0.001   0.000   0.999
E Y  2CDMC                243    0.561 119.782   0.000   0.002   0.000   0.998
E A  2CDMC                244    0.755  83.196   0.000   0.004   0.000   0.996
E A  2CDMC                245    0.772  85.092   0.000   0.006   0.000   0.994
E R  2CDMC                246    0.599 137.080   0.000   0.003   0.000   0.997
E G  2CDMC                247    0.770  60.621   0.000   0.001   0.000   0.999
E L  2CDMC                248    0.442  80.862   0.000   0.001   0.004   0.995
E D  2CDMC                249    0.661  95.255   0.000   0.000   0.001   0.998
E P  2CDMC                250    0.460  65.338   0.000   0.024   0.000   0.975
E N  2CDMC                251    0.791 115.742   0.000   0.018   0.000   0.982
E S  2CDMC                252    0.639  74.862   0.000   0.035   0.002   0.963
E V  2CDMC                253    0.463  71.199   0.000   0.015   0.002   0.983
E S  2CDMC                254    0.552  64.736   0.000   0.013   0.001   0.986
E L  2CDMC                255    0.574 105.115   0.000   0.027   0.001   0.973
E E  2CDMC                256    0.699 122.043   0.000   0.013   0.000   0.987
E Q  2CDMC                257    0.633 113.120   0.000   0.010   0.000   0.990
E K  2CDMC                258    0.583 119.851   0.000   0.006   0.000   0.993
E Q  2CDMC                259    0.678 121.164   0.000   0.006   0.000   0.994
E A  2CDMC                260    0.600  66.157   0.000   0.005   0.000   0.995
E A  2CDMC                261    0.585  64.426   0.000   0.003   0.000   0.997
E K  2CDMC                262    0.690 141.928   0.000   0.004   0.000   0.996
E V  2CDMC                263    0.649  99.788   0.000   0.004   0.000   0.995
E L  2CDMC                264    0.709 129.851   0.000   0.005   0.001   0.995
E S  2CDMC                265    0.686  80.450   0.000   0.005   0.001   0.994
E R  2CDMC                266    0.690 157.925   0.000   0.003   0.000   0.997
E A  2CDMC                267    0.767  84.481   0.000   0.002   0.000   0.998
E K  2CDMC                268    0.802 165.003   0.000   0.001   0.000   0.998
E K  2CDMC                269    0.735 151.210   0.000   0.001   0.000   0.999
E T  2CDMC                270    0.764 105.930   0.000   0.002   0.001   0.998
E S  2CDMC                271    0.849  99.486   0.000   0.002   0.001   0.997
E V  2CDMC                272    0.504  77.486   0.000   0.003   0.001   0.996
E D  2CDMC                273    0.717 103.299   0.000   0.004   0.000   0.996
E R  2CDMC                274    0.535 122.569   0.000   0.016   0.000   0.984
E E  2CDMC                275    0.731 127.709   0.000   0.007   0.000   0.993
E A  2CDMC                276    0.556  61.228   0.000   0.004   0.000   0.996
E L  2CDMC                277    0.326  59.715   0.000   0.003   0.000   0.997
E R  2CDMC                278    0.509 116.673   0.000   0.002   0.000   0.998
E A  2CDMC                279    0.622  68.511   0.000   0.002   0.000   0.998
E E  2CDMC                280    0.642 112.211   0.000   0.003   0.000   0.997
E W  2CDMC                281    0.303  72.855   0.000   0.003   0.000   0.997
E Q  2CDMC                282    0.569 101.572   0.000   0.002   0.000   0.998
E A  2CDMC                283    0.567  62.450   0.000   0.003   0.000   0.997
E T  2CDMC                284    0.464  64.420   0.000   0.006   0.000   0.994
B A  2CDMC                285    0.191  21.102   0.000   0.012   0.000   0.988
E K  2CDMC                286    0.721 148.255   0.000   0.022   0.000   0.978
E E  2CDMC                287    0.812 141.855   0.000   0.026   0.000   0.973
E L  2CDMC                288    0.454  83.121   0.000   0.008   0.000   0.992
E G  2CDMC                289    0.717  56.435   0.000   0.001   0.000   0.999
E I  2CDMC                290    0.347  64.112   0.000   0.001   0.004   0.995
E D  2CDMC                291    0.770 110.917   0.000   0.001   0.004   0.995
E F  2CDMC                292    0.489  98.099   0.000   0.003   0.001   0.996
E S  2CDMC                293    0.901 105.646   0.000   0.000   0.000   1.000
