# For publication of results, please cite:
# ...
# ... Michael Schantz Klausen, Martin Closter Jespersen, Henrik Nielsen, Kamilla Kjærgaard Jensen, 
# ... Vanessa Isabell Jurtz, Casper Kaae Sønderby, Morten Otto Alexander Sommer, Ole Winther, 
# ... Morten Nielsen, Bent Petersen, and Paolo Marcatili. 
# ... NetSurfP-2.0: Improved prediction of protein structural features by integrated deep learning.
# ... Proteins: Structure, Function, and Bioinformatics (Feb. 2019).
# ... https://doi.org/10.1002/prot.25674
# ...
#
# Column 1: Class assignment - B for buried or E for Exposed - Threshold: 25% exposure, but not based on RSA
# Column 2: Amino acid
# Column 3: Sequence name
# Column 4: Amino acid number
# Column 5: Relative Surface Accessibility - RSA
# Column 6: Absolute Surface Accessibility
# Column 7: Not used
# Column 8: Probability for Alpha-Helix
# Column 9: Probability for Beta-strand
# Column 10: Probability for Coil
E M  1YWSA                  1    0.864 172.898   0.000   0.000   0.000   0.999
E S  1YWSA                  2    0.813  95.298   0.000   0.001   0.019   0.981
E T  1YWSA                  3    0.554  76.778   0.000   0.010   0.167   0.823
E Y  1YWSA                  4    0.608 129.977   0.000   0.014   0.327   0.659
E D  1YWSA                  5    0.521  75.100   0.000   0.017   0.562   0.421
E E  1YWSA                  6    0.675 117.936   0.000   0.005   0.861   0.134
B I  1YWSA                  7    0.199  36.778   0.000   0.001   0.761   0.238
E E  1YWSA                  8    0.594 103.689   0.000   0.001   0.616   0.383
B I  1YWSA                  9    0.238  44.103   0.000   0.983   0.001   0.016
E E  1YWSA                 10    0.840 146.703   0.000   0.979   0.002   0.019
E D  1YWSA                 11    0.586  84.478   0.000   0.964   0.002   0.034
B M  1YWSA                 12    0.139  27.741   0.000   0.018   0.261   0.721
E T  1YWSA                 13    0.625  86.726   0.000   0.000   0.962   0.037
E F  1YWSA                 14    0.424  85.005   0.000   0.000   0.988   0.012
E E  1YWSA                 15    0.412  71.890   0.000   0.000   0.929   0.071
E P  1YWSA                 16    0.726 103.013   0.000   0.151   0.004   0.845
E E  1YWSA                 17    0.904 157.962   0.000   0.164   0.002   0.834
E N  1YWSA                 18    0.554  81.154   0.000   0.163   0.003   0.833
E Q  1YWSA                 19    0.431  77.038   0.000   0.002   0.005   0.992
B M  1YWSA                 20    0.137  27.437   0.000   0.000   0.989   0.011
B F  1YWSA                 21    0.052  10.349   0.000   0.000   1.000   0.000
B T  1YWSA                 22    0.239  33.112   0.000   0.000   0.998   0.002
B Y  1YWSA                 23    0.140  30.003   0.000   0.000   0.996   0.004
E P  1YWSA                 24    0.387  54.849   0.000   0.000   0.956   0.044
B C  1YWSA                 25    0.055   7.773   0.000   0.000   0.268   0.731
E P  1YWSA                 26    0.521  73.880   0.000   0.005   0.156   0.839
E C  1YWSA                 27    0.463  65.029   0.000   0.007   0.041   0.952
E G  1YWSA                 28    0.543  42.700   0.000   0.004   0.002   0.994
E D  1YWSA                 29    0.477  68.788   0.000   0.001   0.003   0.996
E R  1YWSA                 30    0.428  97.964   0.000   0.000   0.975   0.025
B F  1YWSA                 31    0.084  16.945   0.000   0.000   0.996   0.004
E Q  1YWSA                 32    0.336  59.964   0.000   0.000   0.998   0.002
B I  1YWSA                 33    0.022   4.040   0.000   0.000   0.973   0.027
E Y  1YWSA                 34    0.397  84.848   0.000   0.000   0.680   0.320
E L  1YWSA                 35    0.282  51.699   0.000   0.978   0.001   0.022
E D  1YWSA                 36    0.736 105.986   0.000   0.990   0.000   0.010
E D  1YWSA                 37    0.251  36.170   0.000   0.993   0.000   0.007
B M  1YWSA                 38    0.070  13.995   0.000   0.885   0.011   0.104
E F  1YWSA                 39    0.553 111.015   0.000   0.603   0.018   0.379
E E  1YWSA                 40    0.722 126.133   0.000   0.252   0.007   0.741
E G  1YWSA                 41    0.440  34.592   0.000   0.011   0.019   0.969
E E  1YWSA                 42    0.460  80.413   0.000   0.003   0.244   0.753
E K  1YWSA                 43    0.419  86.163   0.000   0.002   0.819   0.180
B V  1YWSA                 44    0.218  33.492   0.000   0.000   0.974   0.025
B A  1YWSA                 45    0.058   6.405   0.000   0.000   0.989   0.011
E V  1YWSA                 46    0.377  57.931   0.000   0.000   0.956   0.044
B C  1YWSA                 47    0.066   9.279   0.000   0.000   0.164   0.835
E P  1YWSA                 48    0.668  94.798   0.000   0.002   0.001   0.996
E S  1YWSA                 49    0.704  82.553   0.000   0.002   0.001   0.998
E C  1YWSA                 50    0.316  44.406   0.000   0.005   0.010   0.984
E S  1YWSA                 51    0.408  47.875   0.000   0.002   0.069   0.929
B L  1YWSA                 52    0.197  35.995   0.000   0.001   0.177   0.822
E M  1YWSA                 53    0.259  51.819   0.000   0.000   0.984   0.016
B I  1YWSA                 54    0.026   4.823   0.000   0.000   0.998   0.001
E D  1YWSA                 55    0.286  41.201   0.000   0.000   0.998   0.002
B V  1YWSA                 56    0.034   5.263   0.000   0.000   0.993   0.007
B V  1YWSA                 57    0.227  34.961   0.000   0.000   0.977   0.023
B F  1YWSA                 58    0.118  23.675   0.000   0.000   0.864   0.135
E D  1YWSA                 59    0.398  57.393   0.000   0.002   0.562   0.436
E K  1YWSA                 60    0.490 100.882   0.000   0.940   0.002   0.058
E E  1YWSA                 61    0.792 138.280   0.000   0.944   0.001   0.055
E D  1YWSA                 62    0.324  46.746   0.000   0.968   0.001   0.030
B L  1YWSA                 63    0.091  16.588   0.000   0.985   0.000   0.015
E A  1YWSA                 64    0.417  45.979   0.000   0.985   0.000   0.015
E E  1YWSA                 65    0.599 104.610   0.000   0.989   0.000   0.011
B Y  1YWSA                 66    0.210  44.975   0.000   0.990   0.000   0.010
B Y  1YWSA                 67    0.242  51.736   0.000   0.983   0.000   0.016
E E  1YWSA                 68    0.764 133.424   0.000   0.979   0.000   0.021
E E  1YWSA                 69    0.757 132.299   0.000   0.965   0.000   0.035
E A  1YWSA                 70    0.432  47.622   0.000   0.487   0.000   0.512
E G  1YWSA                 71    0.869  68.406   0.000   0.005   0.000   0.995
E I  1YWSA                 72    0.299  55.258   0.000   0.002   0.002   0.996
E H  1YWSA                 73    0.823 149.715   0.000   0.000   0.004   0.996
E P  1YWSA                 74    0.389  55.201   0.000   0.001   0.001   0.998
E P  1YWSA                 75    0.390  55.344   0.000   0.001   0.004   0.996
E E  1YWSA                 76    0.760 132.709   0.000   0.005   0.059   0.935
E P  1YWSA                 77    0.508  72.067   0.000   0.027   0.071   0.902
E I  1YWSA                 78    0.449  82.983   0.000   0.036   0.071   0.893
E A  1YWSA                 79    0.632  69.700   0.000   0.038   0.100   0.862
E A  1YWSA                 80    0.667  73.521   0.000   0.028   0.069   0.904
E A  1YWSA                 81    0.748  82.444   0.000   0.018   0.037   0.946
E A  1YWSA                 82    0.946 104.233   0.000   0.000   0.000   1.000
