# For publication of results, please cite:
# ...
# ... Michael Schantz Klausen, Martin Closter Jespersen, Henrik Nielsen, Kamilla Kjærgaard Jensen, 
# ... Vanessa Isabell Jurtz, Casper Kaae Sønderby, Morten Otto Alexander Sommer, Ole Winther, 
# ... Morten Nielsen, Bent Petersen, and Paolo Marcatili. 
# ... NetSurfP-2.0: Improved prediction of protein structural features by integrated deep learning.
# ... Proteins: Structure, Function, and Bioinformatics (Feb. 2019).
# ... https://doi.org/10.1002/prot.25674
# ...
#
# Column 1: Class assignment - B for buried or E for Exposed - Threshold: 25% exposure, but not based on RSA
# Column 2: Amino acid
# Column 3: Sequence name
# Column 4: Amino acid number
# Column 5: Relative Surface Accessibility - RSA
# Column 6: Absolute Surface Accessibility
# Column 7: Not used
# Column 8: Probability for Alpha-Helix
# Column 9: Probability for Beta-strand
# Column 10: Probability for Coil
E M  2VT8A                  1    0.789 157.977   0.000   0.002   0.000   0.998
E A  2VT8A                  2    0.543  59.813   0.000   0.175   0.027   0.797
E G  2VT8A                  3    0.351  27.593   0.000   0.464   0.005   0.531
E L  2VT8A                  4    0.274  50.233   0.000   0.863   0.004   0.133
E E  2VT8A                  5    0.550  96.101   0.000   0.961   0.001   0.037
E V  2VT8A                  6    0.413  63.406   0.000   0.972   0.002   0.026
B L  2VT8A                  7    0.231  42.274   0.000   0.962   0.003   0.035
B F  2VT8A                  8    0.222  44.641   0.000   0.950   0.003   0.047
E A  2VT8A                  9    0.523  57.655   0.000   0.854   0.005   0.141
E S  2VT8A                 10    0.466  54.607   0.000   0.659   0.013   0.329
B A  2VT8A                 11    0.225  24.799   0.000   0.385   0.007   0.607
E A  2VT8A                 12    0.381  42.003   0.000   0.292   0.024   0.684
E P  2VT8A                 13    0.612  86.821   0.000   0.311   0.017   0.671
E A  2VT8A                 14    0.449  49.458   0.000   0.375   0.033   0.592
B I  2VT8A                 15    0.244  45.084   0.000   0.012   0.008   0.981
E T  2VT8A                 16    0.406  56.305   0.000   0.006   0.007   0.987
E R  2VT8A                 17    0.465 106.467   0.000   0.989   0.000   0.011
E Q  2VT8A                 18    0.267  47.672   0.000   0.997   0.000   0.003
B D  2VT8A                 19    0.088  12.684   0.000   0.999   0.000   0.001
B A  2VT8A                 20    0.021   2.273   0.000   1.000   0.000   0.000
B L  2VT8A                 21    0.055  10.158   0.000   1.000   0.000   0.000
B V  2VT8A                 22    0.019   2.857   0.000   1.000   0.000   0.000
B C  2VT8A                 23    0.017   2.324   0.000   1.000   0.000   0.000
B F  2VT8A                 24    0.045   9.018   0.000   1.000   0.000   0.000
B L  2VT8A                 25    0.028   5.136   0.000   1.000   0.000   0.000
B H  2VT8A                 26    0.037   6.734   0.000   1.000   0.000   0.000
B W  2VT8A                 27    0.061  14.755   0.000   0.999   0.000   0.001
B E  2VT8A                 28    0.095  16.647   0.000   0.998   0.000   0.002
B V  2VT8A                 29    0.034   5.242   0.000   0.997   0.000   0.003
B V  2VT8A                 30    0.149  22.866   0.000   0.992   0.000   0.008
E T  2VT8A                 31    0.347  48.130   0.000   0.930   0.000   0.070
E H  2VT8A                 32    0.345  62.789   0.000   0.216   0.000   0.784
E G  2VT8A                 33    0.452  35.553   0.000   0.004   0.001   0.996
B Y  2VT8A                 34    0.151  32.194   0.000   0.005   0.107   0.888
B G  2VT8A                 35    0.141  11.073   0.000   0.001   0.747   0.252
B L  2VT8A                 36    0.072  13.249   0.000   0.002   0.601   0.397
B G  2VT8A                 37    0.098   7.679   0.000   0.002   0.423   0.575
B V  2VT8A                 38    0.220  33.791   0.000   0.003   0.244   0.754
E G  2VT8A                 39    0.292  22.969   0.000   0.007   0.057   0.936
E D  2VT8A                 40    0.510  73.449   0.000   0.007   0.035   0.958
E Q  2VT8A                 41    0.624 111.531   0.000   0.001   0.032   0.968
E P  2VT8A                 42    0.429  60.812   0.000   0.002   0.027   0.971
E G  2VT8A                 43    0.315  24.777   0.000   0.010   0.020   0.971
E P  2VT8A                 44    0.751 106.601   0.000   0.072   0.004   0.924
E N  2VT8A                 45    0.796 116.590   0.000   0.065   0.003   0.932
E D  2VT8A                 46    0.358  51.603   0.000   0.110   0.032   0.857
E K  2VT8A                 47    0.671 138.060   0.000   0.156   0.046   0.798
E K  2VT8A                 48    0.615 126.586   0.000   0.203   0.085   0.712
E S  2VT8A                 49    0.275  32.250   0.000   0.166   0.056   0.778
E E  2VT8A                 50    0.624 109.047   0.000   0.133   0.057   0.811
E L  2VT8A                 51    0.416  76.119   0.000   0.064   0.102   0.834
B L  2VT8A                 52    0.117  21.354   0.000   0.001   0.012   0.988
B P  2VT8A                 53    0.195  27.629   0.000   0.000   0.004   0.996
E A  2VT8A                 54    0.857  94.477   0.000   0.048   0.003   0.949
E G  2VT8A                 55    0.660  51.913   0.000   0.045   0.002   0.952
B W  2VT8A                 56    0.130  31.297   0.000   0.228   0.095   0.677
E N  2VT8A                 57    0.352  51.498   0.000   0.167   0.163   0.670
E N  2VT8A                 58    0.728 106.552   0.000   0.134   0.065   0.802
E N  2VT8A                 59    0.565  82.682   0.000   0.020   0.049   0.932
E K  2VT8A                 60    0.670 137.744   0.000   0.028   0.005   0.967
E D  2VT8A                 61    0.553  79.710   0.000   0.009   0.007   0.985
B L  2VT8A                 62    0.194  35.579   0.000   0.005   0.737   0.258
B Y  2VT8A                 63    0.093  19.856   0.000   0.002   0.923   0.074
B V  2VT8A                 64    0.090  13.790   0.000   0.000   0.968   0.031
B L  2VT8A                 65    0.014   2.486   0.000   0.000   0.995   0.005
E R  2VT8A                 66    0.317  72.551   0.000   0.000   0.997   0.002
B Y  2VT8A                 67    0.046   9.923   0.000   0.000   0.997   0.003
E E  2VT8A                 68    0.354  61.797   0.000   0.000   0.989   0.011
B Y  2VT8A                 69    0.159  34.030   0.000   0.001   0.339   0.660
E K  2VT8A                 70    0.701 144.133   0.000   0.042   0.007   0.951
E D  2VT8A                 71    0.804 115.789   0.000   0.025   0.001   0.974
E G  2VT8A                 72    0.531  41.771   0.000   0.040   0.020   0.941
E R  2VT8A                 73    0.435  99.602   0.000   0.001   0.019   0.980
E K  2VT8A                 74    0.484  99.648   0.000   0.000   0.952   0.047
B L  2VT8A                 75    0.037   6.802   0.000   0.000   0.998   0.002
B L  2VT8A                 76    0.151  27.730   0.000   0.000   0.999   0.001
B V  2VT8A                 77    0.006   0.997   0.000   0.000   0.998   0.002
E K  2VT8A                 78    0.293  60.233   0.000   0.000   0.998   0.002
B A  2VT8A                 79    0.017   1.840   0.000   0.000   0.997   0.003
B I  2VT8A                 80    0.221  40.807   0.000   0.000   0.996   0.004
E T  2VT8A                 81    0.314  43.603   0.000   0.000   0.983   0.016
E V  2VT8A                 82    0.351  53.975   0.000   0.001   0.655   0.344
E E  2VT8A                 83    0.796 139.105   0.000   0.003   0.010   0.988
E S  2VT8A                 84    0.701  82.142   0.000   0.001   0.001   0.998
E S  2VT8A                 85    0.288  33.704   0.000   0.000   0.961   0.038
B M  2VT8A                 86    0.037   7.345   0.000   0.000   0.997   0.003
B I  2VT8A                 87    0.159  29.424   0.000   0.000   0.999   0.001
B L  2VT8A                 88    0.011   1.989   0.000   0.000   1.000   0.000
B N  2VT8A                 89    0.217  31.834   0.000   0.000   0.996   0.004
B V  2VT8A                 90    0.031   4.721   0.000   0.001   0.983   0.015
B L  2VT8A                 91    0.171  31.246   0.000   0.002   0.954   0.044
E E  2VT8A                 92    0.313  54.643   0.000   0.003   0.876   0.121
E Y  2VT8A                 93    0.473 101.097   0.000   0.026   0.208   0.766
E G  2VT8A                 94    0.768  60.408   0.000   0.009   0.018   0.972
E S  2VT8A                 95    0.549  64.386   0.000   0.012   0.027   0.961
E Q  2VT8A                 96    0.794 141.767   0.000   0.006   0.017   0.976
E Q  2VT8A                 97    0.620 110.675   0.000   0.006   0.288   0.706
E V  2VT8A                 98    0.417  64.082   0.000   0.001   0.642   0.357
B A  2VT8A                 99    0.182  20.058   0.000   0.000   0.973   0.027
E D  2VT8A                100    0.507  73.062   0.000   0.000   0.985   0.015
B L  2VT8A                101    0.098  17.870   0.000   0.000   0.990   0.010
E T  2VT8A                102    0.420  58.280   0.000   0.000   0.995   0.005
B L  2VT8A                103    0.048   8.748   0.000   0.000   0.977   0.023
E N  2VT8A                104    0.369  53.989   0.000   0.000   0.926   0.074
B L  2VT8A                105    0.053   9.682   0.000   0.920   0.001   0.079
E D  2VT8A                106    0.614  88.533   0.000   0.974   0.000   0.025
E D  2VT8A                107    0.639  92.121   0.000   0.971   0.001   0.028
B Y  2VT8A                108    0.152  32.449   0.000   0.770   0.005   0.225
B I  2VT8A                109    0.081  14.970   0.000   0.012   0.518   0.471
E D  2VT8A                110    0.410  59.152   0.000   0.004   0.060   0.937
E A  2VT8A                111    0.613  67.503   0.000   0.606   0.003   0.391
E E  2VT8A                112    0.864 150.878   0.000   0.524   0.003   0.474
E H  2VT8A                113    0.440  80.044   0.000   0.517   0.014   0.469
E L  2VT8A                114    0.299  54.810   0.000   0.208   0.041   0.752
E G  2VT8A                115    0.592  46.606   0.000   0.057   0.032   0.911
E D  2VT8A                116    0.525  75.683   0.000   0.027   0.033   0.940
B F  2VT8A                117    0.221  44.342   0.000   0.575   0.019   0.405
E H  2VT8A                118    0.622 113.185   0.000   0.535   0.029   0.437
E R  2VT8A                119    0.538 123.172   0.000   0.621   0.044   0.335
B T  2VT8A                120    0.183  25.401   0.000   0.453   0.126   0.421
B Y  2VT8A                121    0.113  24.093   0.000   0.042   0.499   0.459
E K  2VT8A                122    0.598 122.917   0.000   0.023   0.041   0.936
E N  2VT8A                123    0.428  62.589   0.000   0.010   0.022   0.969
B S  2VT8A                124    0.195  22.840   0.000   0.963   0.000   0.037
E E  2VT8A                125    0.673 117.511   0.000   0.995   0.000   0.005
E E  2VT8A                126    0.489  85.343   0.000   0.996   0.000   0.004
B L  2VT8A                127    0.025   4.561   0.000   0.996   0.000   0.004
E R  2VT8A                128    0.346  79.182   0.000   0.994   0.000   0.006
E S  2VT8A                129    0.532  62.323   0.000   0.989   0.000   0.011
E R  2VT8A                130    0.357  81.750   0.000   0.987   0.000   0.012
B I  2VT8A                131    0.057  10.519   0.000   0.984   0.002   0.014
E V  2VT8A                132    0.443  68.105   0.000   0.977   0.002   0.020
E S  2VT8A                133    0.588  68.968   0.000   0.741   0.008   0.252
E G  2VT8A                134    0.373  29.370   0.000   0.586   0.009   0.405
B I  2VT8A                135    0.087  16.025   0.000   0.637   0.017   0.346
B I  2VT8A                136    0.127  23.569   0.000   0.482   0.184   0.334
E T  2VT8A                137    0.541  74.992   0.000   0.058   0.275   0.667
E P  2VT8A                138    0.537  76.151   0.000   0.033   0.297   0.669
E I  2VT8A                139    0.655 121.232   0.000   0.003   0.000   0.997
