# For publication of results, please cite:
# ...
# ... Michael Schantz Klausen, Martin Closter Jespersen, Henrik Nielsen, Kamilla Kjærgaard Jensen, 
# ... Vanessa Isabell Jurtz, Casper Kaae Sønderby, Morten Otto Alexander Sommer, Ole Winther, 
# ... Morten Nielsen, Bent Petersen, and Paolo Marcatili. 
# ... NetSurfP-2.0: Improved prediction of protein structural features by integrated deep learning.
# ... Proteins: Structure, Function, and Bioinformatics (Feb. 2019).
# ... https://doi.org/10.1002/prot.25674
# ...
#
# Column 1: Class assignment - B for buried or E for Exposed - Threshold: 25% exposure, but not based on RSA
# Column 2: Amino acid
# Column 3: Sequence name
# Column 4: Amino acid number
# Column 5: Relative Surface Accessibility - RSA
# Column 6: Absolute Surface Accessibility
# Column 7: Not used
# Column 8: Probability for Alpha-Helix
# Column 9: Probability for Beta-strand
# Column 10: Probability for Coil
E M  1SWXA                  1    0.766 153.221   0.000   0.002   0.000   0.998
E A  1SWXA                  2    0.695  76.621   0.000   0.024   0.001   0.975
E L  1SWXA                  3    0.512  93.670   0.000   0.160   0.007   0.833
E L  1SWXA                  4    0.392  71.819   0.000   0.227   0.006   0.767
E A  1SWXA                  5    0.378  41.616   0.000   0.256   0.005   0.739
E E  1SWXA                  6    0.630 110.025   0.000   0.304   0.006   0.690
E H  1SWXA                  7    0.442  80.442   0.000   0.302   0.020   0.679
E L  1SWXA                  8    0.298  54.592   0.000   0.310   0.028   0.662
E L  1SWXA                  9    0.374  68.405   0.000   0.165   0.027   0.808
E K  1SWXA                 10    0.569 117.051   0.000   0.010   0.021   0.969
E P  1SWXA                 11    0.541  76.817   0.000   0.004   0.013   0.982
B L  1SWXA                 12    0.188  34.381   0.000   0.004   0.029   0.967
E P  1SWXA                 13    0.375  53.240   0.000   0.005   0.004   0.990
E A  1SWXA                 14    0.859  94.641   0.000   0.020   0.003   0.977
E D  1SWXA                 15    0.828 119.281   0.000   0.023   0.004   0.973
E K  1SWXA                 16    0.456  93.874   0.000   0.023   0.018   0.959
E Q  1SWXA                 17    0.579 103.323   0.000   0.008   0.174   0.818
B I  1SWXA                 18    0.103  19.110   0.000   0.003   0.609   0.388
E E  1SWXA                 19    0.499  87.110   0.000   0.005   0.632   0.363
B T  1SWXA                 20    0.074  10.288   0.000   0.626   0.004   0.369
B G  1SWXA                 21    0.203  15.990   0.000   0.990   0.000   0.010
E P  1SWXA                 22    0.275  39.022   0.000   0.996   0.000   0.003
B F  1SWXA                 23    0.031   6.174   0.000   0.999   0.000   0.001
B L  1SWXA                 24    0.070  12.761   0.000   0.998   0.000   0.002
E E  1SWXA                 25    0.532  93.021   0.000   0.992   0.000   0.008
B A  1SWXA                 26    0.044   4.804   0.000   0.978   0.000   0.022
B V  1SWXA                 27    0.036   5.605   0.000   0.941   0.000   0.059
E S  1SWXA                 28    0.435  50.925   0.000   0.620   0.001   0.379
E H  1SWXA                 29    0.347  63.066   0.000   0.381   0.000   0.619
B L  1SWXA                 30    0.063  11.480   0.000   0.762   0.000   0.237
B P  1SWXA                 31    0.225  31.973   0.000   0.897   0.000   0.103
E P  1SWXA                 32    0.408  57.843   0.000   0.949   0.001   0.051
B F  1SWXA                 33    0.094  18.874   0.000   0.973   0.000   0.027
B F  1SWXA                 34    0.087  17.536   0.000   0.970   0.000   0.030
E D  1SWXA                 35    0.657  94.681   0.000   0.888   0.000   0.111
E C  1SWXA                 36    0.300  42.113   0.000   0.774   0.000   0.226
B L  1SWXA                 37    0.160  29.259   0.000   0.563   0.003   0.435
E G  1SWXA                 38    0.490  38.527   0.000   0.153   0.003   0.843
E S  1SWXA                 39    0.450  52.740   0.000   0.519   0.010   0.471
E P  1SWXA                 40    0.688  97.569   0.000   0.728   0.001   0.271
E V  1SWXA                 41    0.394  60.597   0.000   0.737   0.001   0.262
B F  1SWXA                 42    0.119  23.827   0.000   0.797   0.000   0.202
E T  1SWXA                 43    0.503  69.804   0.000   0.982   0.000   0.017
E P  1SWXA                 44    0.481  68.203   0.000   0.983   0.001   0.017
B I  1SWXA                 45    0.123  22.672   0.000   0.992   0.000   0.008
E K  1SWXA                 46    0.353  72.593   0.000   0.989   0.000   0.011
E A  1SWXA                 47    0.579  63.805   0.000   0.986   0.000   0.014
E D  1SWXA                 48    0.472  68.076   0.000   0.981   0.000   0.019
B I  1SWXA                 49    0.058  10.638   0.000   0.991   0.000   0.009
E S  1SWXA                 50    0.392  45.893   0.000   0.987   0.000   0.013
E G  1SWXA                 51    0.429  33.741   0.000   0.959   0.000   0.040
B N  1SWXA                 52    0.220  32.250   0.000   0.957   0.000   0.042
B I  1SWXA                 53    0.090  16.558   0.000   0.994   0.000   0.006
E T  1SWXA                 54    0.577  80.019   0.000   0.998   0.000   0.002
E K  1SWXA                 55    0.508 104.513   0.000   0.997   0.000   0.003
B I  1SWXA                 56    0.029   5.442   0.000   0.998   0.000   0.002
E K  1SWXA                 57    0.381  78.448   0.000   0.998   0.000   0.002
E A  1SWXA                 58    0.498  54.931   0.000   0.994   0.000   0.006
B V  1SWXA                 59    0.174  26.817   0.000   0.994   0.000   0.006
B Y  1SWXA                 60    0.152  32.576   0.000   0.989   0.000   0.011
E D  1SWXA                 61    0.754 108.695   0.000   0.983   0.000   0.017
E T  1SWXA                 62    0.761 105.585   0.000   0.960   0.000   0.040
E N  1SWXA                 63    0.467  68.343   0.000   0.003   0.000   0.996
E P  1SWXA                 64    0.496  70.426   0.000   0.590   0.000   0.410
E A  1SWXA                 65    0.783  86.286   0.000   0.509   0.000   0.491
E K  1SWXA                 66    0.590 121.367   0.000   0.665   0.001   0.334
B F  1SWXA                 67    0.068  13.664   0.000   0.024   0.038   0.938
E R  1SWXA                 68    0.588 134.759   0.000   0.006   0.010   0.983
B T  1SWXA                 69    0.234  32.464   0.000   0.011   0.178   0.811
B L  1SWXA                 70    0.026   4.850   0.000   0.992   0.000   0.008
E Q  1SWXA                 71    0.347  62.015   0.000   0.998   0.000   0.002
E N  1SWXA                 72    0.372  54.427   0.000   0.998   0.000   0.002
B I  1SWXA                 73    0.018   3.398   0.000   0.999   0.000   0.001
B L  1SWXA                 74    0.019   3.566   0.000   0.996   0.000   0.004
E E  1SWXA                 75    0.508  88.800   0.000   0.996   0.000   0.004
B V  1SWXA                 76    0.234  35.978   0.000   0.990   0.000   0.010
B E  1SWXA                 77    0.023   4.059   0.000   0.993   0.000   0.007
E K  1SWXA                 78    0.344  70.688   0.000   0.988   0.000   0.012
E E  1SWXA                 79    0.832 145.404   0.000   0.985   0.000   0.015
E M  1SWXA                 80    0.524 104.811   0.000   0.959   0.000   0.041
E Y  1SWXA                 81    0.362  77.362   0.000   0.805   0.001   0.194
E G  1SWXA                 82    0.444  34.914   0.000   0.364   0.001   0.635
E A  1SWXA                 83    0.652  71.839   0.000   0.491   0.001   0.508
E E  1SWXA                 84    0.810 141.454   0.000   0.373   0.001   0.626
B W  1SWXA                 85    0.232  55.912   0.000   0.038   0.003   0.959
E P  1SWXA                 86    0.417  59.133   0.000   0.033   0.001   0.966
E K  1SWXA                 87    0.632 130.049   0.000   0.182   0.004   0.813
E V  1SWXA                 88    0.334  51.300   0.000   0.127   0.012   0.861
B G  1SWXA                 89    0.166  13.097   0.000   0.365   0.007   0.628
B A  1SWXA                 90    0.055   6.078   0.000   0.972   0.000   0.028
B T  1SWXA                 91    0.051   7.121   0.000   0.992   0.000   0.008
B L  1SWXA                 92    0.138  25.316   0.000   0.998   0.000   0.002
B A  1SWXA                 93    0.010   1.109   0.000   0.999   0.000   0.001
B L  1SWXA                 94    0.010   1.818   0.000   0.999   0.000   0.001
B M  1SWXA                 95    0.053  10.613   0.000   0.999   0.000   0.001
B W  1SWXA                 96    0.075  18.071   0.000   0.999   0.000   0.001
B L  1SWXA                 97    0.006   1.044   0.000   0.999   0.000   0.001
B K  1SWXA                 98    0.133  27.415   0.000   0.999   0.000   0.001
B R  1SWXA                 99    0.127  29.042   0.000   0.999   0.000   0.001
B G  1SWXA                100    0.005   0.411   0.000   1.000   0.000   0.000
B L  1SWXA                101    0.010   1.773   0.000   1.000   0.000   0.000
E R  1SWXA                102    0.302  69.173   0.000   0.999   0.000   0.001
B F  1SWXA                103    0.032   6.452   0.000   1.000   0.000   0.000
B I  1SWXA                104    0.006   1.080   0.000   1.000   0.000   0.000
B Q  1SWXA                105    0.143  25.622   0.000   1.000   0.000   0.000
B V  1SWXA                106    0.153  23.508   0.000   1.000   0.000   0.000
B F  1SWXA                107    0.018   3.597   0.000   1.000   0.000   0.000
B L  1SWXA                108    0.015   2.835   0.000   0.999   0.000   0.001
E Q  1SWXA                109    0.353  63.024   0.000   0.996   0.000   0.004
B S  1SWXA                110    0.194  22.759   0.000   0.989   0.000   0.011
B I  1SWXA                111    0.030   5.509   0.000   0.969   0.000   0.030
B C  1SWXA                112    0.117  16.405   0.000   0.827   0.002   0.171
E D  1SWXA                113    0.628  90.506   0.000   0.515   0.002   0.483
E G  1SWXA                114    0.388  30.531   0.000   0.117   0.002   0.881
E E  1SWXA                115    0.620 108.241   0.000   0.151   0.004   0.845
E R  1SWXA                116    0.587 134.505   0.000   0.120   0.006   0.874
E D  1SWXA                117    0.411  59.206   0.000   0.104   0.007   0.889
E E  1SWXA                118    0.746 130.320   0.000   0.105   0.001   0.894
E N  1SWXA                119    0.781 114.379   0.000   0.075   0.001   0.924
E H  1SWXA                120    0.341  61.984   0.000   0.047   0.003   0.950
E P  1SWXA                121    0.428  60.691   0.000   0.265   0.007   0.728
E N  1SWXA                122    0.575  84.154   0.000   0.483   0.006   0.510
E L  1SWXA                123    0.252  46.167   0.000   0.782   0.017   0.201
B I  1SWXA                124    0.062  11.411   0.000   0.917   0.003   0.080
E R  1SWXA                125    0.390  89.331   0.000   0.979   0.001   0.020
E V  1SWXA                126    0.391  60.170   0.000   0.989   0.001   0.010
B N  1SWXA                127    0.094  13.810   0.000   0.991   0.000   0.008
B A  1SWXA                128    0.013   1.458   0.000   0.995   0.000   0.005
E T  1SWXA                129    0.342  47.472   0.000   0.997   0.000   0.003
E K  1SWXA                130    0.480  98.668   0.000   0.998   0.000   0.002
B A  1SWXA                131    0.020   2.196   0.000   0.998   0.000   0.001
B Y  1SWXA                132    0.088  18.871   0.000   0.998   0.000   0.002
E E  1SWXA                133    0.475  83.059   0.000   0.998   0.000   0.002
E M  1SWXA                134    0.382  76.449   0.000   0.995   0.000   0.005
B A  1SWXA                135    0.042   4.645   0.000   0.983   0.000   0.017
B L  1SWXA                136    0.027   4.892   0.000   0.755   0.001   0.244
E K  1SWXA                137    0.505 103.795   0.000   0.805   0.001   0.195
E K  1SWXA                138    0.628 129.087   0.000   0.774   0.001   0.225
E Y  1SWXA                139    0.269  57.443   0.000   0.813   0.001   0.185
B H  1SWXA                140    0.171  31.175   0.000   0.221   0.012   0.767
E G  1SWXA                141    0.397  31.215   0.000   0.502   0.001   0.497
E W  1SWXA                142    0.626 150.564   0.000   0.922   0.000   0.077
E I  1SWXA                143    0.334  61.713   0.000   0.963   0.000   0.037
B V  1SWXA                144    0.074  11.409   0.000   0.973   0.000   0.026
E Q  1SWXA                145    0.357  63.770   0.000   0.993   0.000   0.007
E K  1SWXA                146    0.442  90.983   0.000   0.994   0.000   0.005
B I  1SWXA                147    0.100  18.526   0.000   0.998   0.000   0.002
B F  1SWXA                148    0.080  15.982   0.000   0.998   0.000   0.002
E Q  1SWXA                149    0.392  70.018   0.000   0.997   0.000   0.003
B A  1SWXA                150    0.200  21.987   0.000   0.996   0.000   0.004
B A  1SWXA                151    0.050   5.461   0.000   0.995   0.000   0.005
B L  1SWXA                152    0.120  21.899   0.000   0.980   0.000   0.020
E Y  1SWXA                153    0.518 110.775   0.000   0.827   0.000   0.173
E A  1SWXA                154    0.282  31.082   0.000   0.661   0.000   0.339
B A  1SWXA                155    0.076   8.413   0.000   0.003   0.002   0.995
B P  1SWXA                156    0.188  26.741   0.000   0.001   0.002   0.997
E Y  1SWXA                157    0.384  81.963   0.000   0.003   0.162   0.835
E K  1SWXA                158    0.251  51.608   0.000   0.994   0.000   0.006
E S  1SWXA                159    0.494  57.935   0.000   0.995   0.000   0.005
E D  1SWXA                160    0.429  61.810   0.000   0.995   0.000   0.005
B F  1SWXA                161    0.022   4.451   0.000   0.998   0.000   0.002
B L  1SWXA                162    0.083  15.269   0.000   0.997   0.000   0.003
E K  1SWXA                163    0.537 110.374   0.000   0.990   0.000   0.009
B A  1SWXA                164    0.223  24.603   0.000   0.975   0.000   0.025
B L  1SWXA                165    0.078  14.233   0.000   0.845   0.002   0.153
B S  1SWXA                166    0.159  18.674   0.000   0.269   0.006   0.725
E K  1SWXA                167    0.644 132.547   0.000   0.080   0.005   0.915
E G  1SWXA                168    0.707  55.603   0.000   0.021   0.001   0.978
E Q  1SWXA                169    0.641 114.456   0.000   0.005   0.001   0.994
E N  1SWXA                170    0.915 134.017   0.000   0.005   0.001   0.995
B V  1SWXA                171    0.183  28.162   0.000   0.009   0.014   0.976
E T  1SWXA                172    0.514  71.266   0.000   0.007   0.004   0.989
E E  1SWXA                173    0.523  91.370   0.000   0.972   0.000   0.028
E E  1SWXA                174    0.720 125.813   0.000   0.988   0.000   0.012
E E  1SWXA                175    0.502  87.702   0.000   0.992   0.000   0.008
B C  1SWXA                176    0.017   2.446   0.000   0.997   0.000   0.003
B L  1SWXA                177    0.201  36.762   0.000   0.998   0.000   0.002
E E  1SWXA                178    0.579 101.161   0.000   0.999   0.000   0.001
E K  1SWXA                179    0.333  68.514   0.000   0.998   0.000   0.002
B I  1SWXA                180    0.015   2.756   0.000   0.998   0.000   0.002
E R  1SWXA                181    0.461 105.561   0.000   0.999   0.000   0.001
E L  1SWXA                182    0.453  82.884   0.000   0.997   0.000   0.003
B F  1SWXA                183    0.062  12.501   0.000   0.996   0.000   0.004
B L  1SWXA                184    0.056  10.257   0.000   0.993   0.000   0.007
E V  1SWXA                185    0.503  77.330   0.000   0.980   0.000   0.020
E N  1SWXA                186    0.326  47.789   0.000   0.942   0.000   0.058
B Y  1SWXA                187    0.039   8.349   0.000   0.930   0.001   0.069
E T  1SWXA                188    0.305  42.301   0.000   0.995   0.000   0.005
E A  1SWXA                189    0.400  44.035   0.000   0.997   0.000   0.003
B T  1SWXA                190    0.067   9.287   0.000   0.995   0.000   0.005
B I  1SWXA                191    0.041   7.552   0.000   0.998   0.000   0.002
E D  1SWXA                192    0.524  75.459   0.000   0.998   0.000   0.002
B V  1SWXA                193    0.222  34.190   0.000   0.996   0.000   0.004
B I  1SWXA                194    0.019   3.578   0.000   0.996   0.000   0.004
E Y  1SWXA                195    0.315  67.221   0.000   0.995   0.000   0.005
E E  1SWXA                196    0.560  97.792   0.000   0.980   0.000   0.020
B M  1SWXA                197    0.104  20.851   0.000   0.982   0.000   0.017
B Y  1SWXA                198    0.107  22.836   0.000   0.983   0.000   0.017
E T  1SWXA                199    0.510  70.786   0.000   0.959   0.000   0.041
E Q  1SWXA                200    0.669 119.412   0.000   0.888   0.000   0.112
E M  1SWXA                201    0.267  53.510   0.000   0.158   0.000   0.841
E N  1SWXA                202    0.782 114.491   0.000   0.022   0.001   0.978
B A  1SWXA                203    0.204  22.500   0.000   0.078   0.007   0.915
E E  1SWXA                204    0.703 122.755   0.000   0.064   0.015   0.921
E L  1SWXA                205    0.395  72.355   0.000   0.073   0.012   0.915
E N  1SWXA                206    0.754 110.435   0.000   0.053   0.012   0.935
E Y  1SWXA                207    0.462  98.701   0.000   0.037   0.018   0.944
E K  1SWXA                208    0.679 139.712   0.000   0.011   0.031   0.957
E V  1SWXA                209    0.778 119.550   0.000   0.000   0.000   1.000
