# For publication of results, please cite:
# ...
# ... Michael Schantz Klausen, Martin Closter Jespersen, Henrik Nielsen, Kamilla Kjærgaard Jensen, 
# ... Vanessa Isabell Jurtz, Casper Kaae Sønderby, Morten Otto Alexander Sommer, Ole Winther, 
# ... Morten Nielsen, Bent Petersen, and Paolo Marcatili. 
# ... NetSurfP-2.0: Improved prediction of protein structural features by integrated deep learning.
# ... Proteins: Structure, Function, and Bioinformatics (Feb. 2019).
# ... https://doi.org/10.1002/prot.25674
# ...
#
# Column 1: Class assignment - B for buried or E for Exposed - Threshold: 25% exposure, but not based on RSA
# Column 2: Amino acid
# Column 3: Sequence name
# Column 4: Amino acid number
# Column 5: Relative Surface Accessibility - RSA
# Column 6: Absolute Surface Accessibility
# Column 7: Not used
# Column 8: Probability for Alpha-Helix
# Column 9: Probability for Beta-strand
# Column 10: Probability for Coil
E L  3CXJC                  1    0.422  77.274   0.000   0.030   0.000   0.970
E S  3CXJC                  2    0.465  54.466   0.000   0.489   0.000   0.510
E Q  3CXJC                  3    0.696 124.250   0.000   0.900   0.000   0.100
E E  3CXJC                  4    0.500  87.326   0.000   0.973   0.001   0.027
B I  3CXJC                  5    0.028   5.267   0.000   0.992   0.000   0.008
E K  3CXJC                  6    0.363  74.689   0.000   0.996   0.000   0.003
E K  3CXJC                  7    0.536 110.201   0.000   0.996   0.000   0.004
B W  3CXJC                  8    0.132  31.780   0.000   0.998   0.000   0.002
B L  3CXJC                  9    0.028   5.117   0.000   0.995   0.000   0.005
E D  3CXJC                 10    0.574  82.683   0.000   0.986   0.000   0.014
E E  3CXJC                 11    0.746 130.255   0.000   0.949   0.000   0.051
E E  3CXJC                 12    0.381  66.533   0.000   0.281   0.000   0.719
E G  3CXJC                 13    0.542  42.643   0.000   0.004   0.000   0.995
B F  3CXJC                 14    0.193  38.770   0.000   0.013   0.028   0.959
E L  3CXJC                 15    0.274  50.172   0.000   0.006   0.667   0.326
E R  3CXJC                 16    0.510 116.885   0.000   0.002   0.775   0.223
E E  3CXJC                 17    0.659 115.110   0.000   0.001   0.717   0.282
E V  3CXJC                 18    0.253  38.826   0.000   0.001   0.211   0.788
E P  3CXJC                 19    0.619  87.790   0.000   0.007   0.054   0.940
E D  3CXJC                 20    0.540  77.885   0.000   0.022   0.036   0.942
E E  3CXJC                 21    0.804 140.396   0.000   0.034   0.008   0.957
E N  3CXJC                 22    0.751 109.899   0.000   0.026   0.009   0.965
B A  3CXJC                 23    0.135  14.867   0.000   0.015   0.165   0.820
E R  3CXJC                 24    0.503 115.256   0.000   0.009   0.406   0.585
B F  3CXJC                 25    0.142  28.507   0.000   0.004   0.848   0.148
B H  3CXJC                 26    0.225  40.983   0.000   0.001   0.959   0.040
B Y  3CXJC                 27    0.078  16.749   0.000   0.001   0.986   0.013
B V  3CXJC                 28    0.164  25.237   0.000   0.000   0.993   0.007
B V  3CXJC                 29    0.041   6.310   0.000   0.000   0.976   0.024
E N  3CXJC                 30    0.434  63.468   0.000   0.001   0.804   0.195
B Y  3CXJC                 31    0.187  39.966   0.000   0.000   0.104   0.895
E P  3CXJC                 32    0.310  44.055   0.000   0.021   0.038   0.941
E E  3CXJC                 33    0.765 133.586   0.000   0.025   0.008   0.967
E D  3CXJC                 34    0.776 111.818   0.000   0.042   0.022   0.936
E H  3CXJC                 35    0.327  59.519   0.000   0.024   0.324   0.653
E V  3CXJC                 36    0.353  54.265   0.000   0.002   0.634   0.364
B I  3CXJC                 37    0.105  19.357   0.000   0.000   0.922   0.077
E D  3CXJC                 38    0.261  37.625   0.000   0.000   0.991   0.009
B I  3CXJC                 39    0.077  14.182   0.000   0.000   0.993   0.007
B I  3CXJC                 40    0.130  24.098   0.000   0.000   0.991   0.009
E Q  3CXJC                 41    0.362  64.585   0.000   0.000   0.853   0.147
B P  3CXJC                 42    0.146  20.757   0.000   0.002   0.791   0.207
E A  3CXJC                 43    0.529  58.287   0.000   0.009   0.063   0.928
E G  3CXJC                 44    0.675  53.160   0.000   0.023   0.039   0.938
E K  3CXJC                 45    0.638 131.203   0.000   0.008   0.012   0.980
E D  3CXJC                 46    0.576  83.010   0.000   0.003   0.036   0.961
B D  3CXJC                 47    0.219  31.578   0.000   0.001   0.730   0.269
B I  3CXJC                 48    0.031   5.731   0.000   0.000   0.993   0.007
B L  3CXJC                 49    0.064  11.662   0.000   0.000   0.998   0.002
B I  3CXJC                 50    0.011   2.102   0.000   0.000   0.999   0.001
B A  3CXJC                 51    0.097  10.735   0.000   0.000   0.994   0.006
B C  3CXJC                 52    0.042   5.962   0.000   0.000   0.990   0.010
B A  3CXJC                 53    0.187  20.559   0.000   0.000   0.962   0.038
B T  3CXJC                 54    0.090  12.512   0.000   0.000   0.896   0.104
E S  3CXJC                 55    0.415  48.649   0.000   0.000   0.785   0.214
B V  3CXJC                 56    0.132  20.234   0.000   0.001   0.258   0.741
E S  3CXJC                 57    0.276  32.315   0.000   0.000   0.001   0.999
E P  3CXJC                 58    0.652  92.456   0.000   0.944   0.000   0.056
E E  3CXJC                 59    0.748 130.707   0.000   0.956   0.000   0.044
B H  3CXJC                 60    0.206  37.560   0.000   0.971   0.000   0.029
E Q  3CXJC                 61    0.333  59.424   0.000   0.970   0.000   0.029
E A  3CXJC                 62    0.556  61.272   0.000   0.945   0.000   0.054
E G  3CXJC                 63    0.403  31.693   0.000   0.916   0.000   0.084
B I  3CXJC                 64    0.137  25.294   0.000   0.924   0.000   0.075
E R  3CXJC                 65    0.640 146.666   0.000   0.729   0.000   0.271
E A  3CXJC                 66    0.750  82.686   0.000   0.338   0.000   0.662
E L  3CXJC                 67    0.261  47.872   0.000   0.056   0.000   0.944
E S  3CXJC                 68    0.578  67.786   0.000   0.316   0.000   0.684
E E  3CXJC                 69    0.833 145.579   0.000   0.895   0.000   0.105
E K  3CXJC                 70    0.583 119.968   0.000   0.910   0.000   0.090
E R  3CXJC                 71    0.391  89.511   0.000   0.970   0.000   0.030
E T  3CXJC                 72    0.518  71.862   0.000   0.986   0.000   0.014
E E  3CXJC                 73    0.597 104.321   0.000   0.993   0.000   0.006
B F  3CXJC                 74    0.234  46.911   0.000   0.996   0.000   0.004
B I  3CXJC                 75    0.230  42.585   0.000   0.998   0.000   0.002
E W  3CXJC                 76    0.616 148.241   0.000   0.998   0.000   0.002
E K  3CXJC                 77    0.505 103.839   0.000   0.997   0.000   0.003
B V  3CXJC                 78    0.072  11.069   0.000   0.997   0.000   0.003
E R  3CXJC                 79    0.447 102.272   0.000   0.997   0.000   0.003
E F  3CXJC                 80    0.641 128.731   0.000   0.997   0.000   0.003
E T  3CXJC                 81    0.256  35.506   0.000   0.997   0.000   0.003
B L  3CXJC                 82    0.074  13.529   0.000   0.995   0.000   0.005
E N  3CXJC                 83    0.702 102.768   0.000   0.982   0.000   0.018
E R  3CXJC                 84    0.770 176.260   0.000   0.920   0.000   0.079
E F  3CXJC                 85    0.358  71.921   0.000   0.367   0.001   0.632
E G  3CXJC                 86    0.560  44.097   0.000   0.008   0.007   0.985
B V  3CXJC                 87    0.114  17.448   0.000   0.002   0.120   0.878
E D  3CXJC                 88    0.564  81.252   0.000   0.003   0.560   0.437
B F  3CXJC                 89    0.213  42.835   0.000   0.000   0.927   0.072
E Q  3CXJC                 90    0.504  89.989   0.000   0.000   0.984   0.016
E L  3CXJC                 91    0.269  49.275   0.000   0.000   0.933   0.066
E D  3CXJC                 92    0.518  74.678   0.000   0.001   0.809   0.190
E H  3CXJC                 93    0.387  70.416   0.000   0.004   0.170   0.826
E P  3CXJC                 94    0.430  61.046   0.000   0.074   0.048   0.878
E E  3CXJC                 95    0.835 145.835   0.000   0.103   0.012   0.885
E N  3CXJC                 96    0.763 111.682   0.000   0.135   0.018   0.847
E V  3CXJC                 97    0.351  53.890   0.000   0.141   0.148   0.711
E L  3CXJC                 98    0.291  53.315   0.000   0.031   0.231   0.738
E N  3CXJC                 99    0.503  73.624   0.000   0.012   0.310   0.678
B S  3CXJC                100    0.218  25.550   0.000   0.002   0.939   0.059
B Y  3CXJC                101    0.198  42.253   0.000   0.001   0.986   0.013
E L  3CXJC                102    0.294  53.824   0.000   0.001   0.984   0.015
B V  3CXJC                103    0.153  23.482   0.000   0.002   0.960   0.038
E T  3CXJC                104    0.343  47.616   0.000   0.003   0.892   0.104
E D  3CXJC                105    0.414  59.695   0.000   0.008   0.885   0.107
E E  3CXJC                106    0.470  82.152   0.000   0.019   0.809   0.172
E I  3CXJC                107    0.339  62.646   0.000   0.021   0.496   0.483
E F  3CXJC                108    0.544 109.198   0.000   0.027   0.489   0.484
E F  3CXJC                109    0.463  92.954   0.000   0.087   0.239   0.674
E D  3CXJC                110    0.762 109.858   0.000   0.043   0.044   0.913
E G  3CXJC                111    0.706  55.563   0.000   0.014   0.009   0.977
B L  3CXJC                112    0.214  39.262   0.000   0.009   0.076   0.915
E S  3CXJC                113    0.454  53.236   0.000   0.009   0.013   0.979
E K  3CXJC                114    0.513 105.584   0.000   0.966   0.000   0.034
E D  3CXJC                115    0.722 103.989   0.000   0.979   0.000   0.021
E R  3CXJC                116    0.524 119.958   0.000   0.985   0.000   0.015
B L  3CXJC                117    0.123  22.575   0.000   0.995   0.000   0.005
E I  3CXJC                118    0.261  48.253   0.000   0.997   0.000   0.003
E S  3CXJC                119    0.479  56.123   0.000   0.993   0.000   0.007
B S  3CXJC                120    0.147  17.270   0.000   0.995   0.000   0.005
B I  3CXJC                121    0.110  20.270   0.000   0.996   0.000   0.004
E K  3CXJC                122    0.413  84.923   0.000   0.994   0.001   0.005
E N  3CXJC                123    0.452  66.164   0.000   0.989   0.001   0.010
B V  3CXJC                124    0.140  21.456   0.000   0.991   0.001   0.009
B F  3CXJC                125    0.243  48.815   0.000   0.985   0.001   0.014
E R  3CXJC                126    0.468 107.105   0.000   0.950   0.001   0.049
B A  3CXJC                127    0.145  15.944   0.000   0.928   0.001   0.071
E K  3CXJC                128    0.351  72.206   0.000   0.954   0.008   0.038
B L  3CXJC                129    0.248  45.479   0.000   0.979   0.003   0.018
E Q  3CXJC                130    0.362  64.651   0.000   0.973   0.004   0.022
B V  3CXJC                131    0.244  37.564   0.000   0.958   0.009   0.033
E W  3CXJC                132    0.379  91.107   0.000   0.954   0.010   0.036
E I  3CXJC                133    0.283  52.414   0.000   0.957   0.005   0.038
E Q  3CXJC                134    0.415  74.184   0.000   0.922   0.008   0.070
E E  3CXJC                135    0.575 100.403   0.000   0.891   0.014   0.095
E R  3CXJC                136    0.587 134.359   0.000   0.835   0.007   0.157
E F  3CXJC                137    0.553 111.014   0.000   0.610   0.004   0.387
E G  3CXJC                138    0.904  71.153   0.000   0.002   0.000   0.998
