# For publication of results, please cite:
# ...
# ... Michael Schantz Klausen, Martin Closter Jespersen, Henrik Nielsen, Kamilla Kjærgaard Jensen, 
# ... Vanessa Isabell Jurtz, Casper Kaae Sønderby, Morten Otto Alexander Sommer, Ole Winther, 
# ... Morten Nielsen, Bent Petersen, and Paolo Marcatili. 
# ... NetSurfP-2.0: Improved prediction of protein structural features by integrated deep learning.
# ... Proteins: Structure, Function, and Bioinformatics (Feb. 2019).
# ... https://doi.org/10.1002/prot.25674
# ...
#
# Column 1: Class assignment - B for buried or E for Exposed - Threshold: 25% exposure, but not based on RSA
# Column 2: Amino acid
# Column 3: Sequence name
# Column 4: Amino acid number
# Column 5: Relative Surface Accessibility - RSA
# Column 6: Absolute Surface Accessibility
# Column 7: Not used
# Column 8: Probability for Alpha-Helix
# Column 9: Probability for Beta-strand
# Column 10: Probability for Coil
E R  2AMCA                  1    0.842 192.858   0.000   0.001   0.012   0.987
E V  2AMCA                  2    0.414  63.643   0.000   0.003   0.136   0.861
E D  2AMCA                  3    0.634  91.300   0.000   0.003   0.150   0.848
B V  2AMCA                  4    0.231  35.431   0.000   0.008   0.035   0.956
E S  2AMCA                  5    0.539  63.121   0.000   0.009   0.066   0.926
E L  2AMCA                  6    0.253  46.266   0.000   0.004   0.026   0.970
E P  2AMCA                  7    0.545  77.292   0.000   0.028   0.013   0.958
E G  2AMCA                  8    0.717  56.465   0.000   0.082   0.011   0.907
E A  2AMCA                  9    0.348  38.389   0.000   0.115   0.036   0.848
E S  2AMCA                 10    0.614  71.995   0.000   0.074   0.166   0.760
E L  2AMCA                 11    0.365  66.857   0.000   0.065   0.181   0.754
E F  2AMCA                 12    0.451  90.505   0.000   0.038   0.201   0.761
E S  2AMCA                 13    0.577  67.677   0.000   0.034   0.125   0.841
E G  2AMCA                 14    0.577  45.448   0.000   0.016   0.048   0.936
E G  2AMCA                 15    0.554  43.615   0.000   0.015   0.065   0.920
E L  2AMCA                 16    0.388  71.002   0.000   0.010   0.134   0.856
E H  2AMCA                 17    0.312  56.818   0.000   0.012   0.019   0.969
B P  2AMCA                 18    0.240  34.029   0.000   0.949   0.001   0.049
B I  2AMCA                 19    0.157  29.015   0.000   0.969   0.001   0.030
E T  2AMCA                 20    0.266  36.930   0.000   0.991   0.000   0.008
E L  2AMCA                 21    0.252  46.055   0.000   0.995   0.000   0.004
B M  2AMCA                 22    0.041   8.176   0.000   0.994   0.000   0.005
B E  2AMCA                 23    0.209  36.506   0.000   0.998   0.000   0.002
E R  2AMCA                 24    0.504 115.440   0.000   0.999   0.000   0.001
E E  2AMCA                 25    0.329  57.503   0.000   0.999   0.000   0.001
B L  2AMCA                 26    0.010   1.763   0.000   0.998   0.000   0.002
B V  2AMCA                 27    0.151  23.143   0.000   0.999   0.000   0.001
E E  2AMCA                 28    0.556  97.067   0.000   0.999   0.000   0.001
B I  2AMCA                 29    0.130  24.016   0.000   0.999   0.000   0.001
B F  2AMCA                 30    0.010   2.030   0.000   0.997   0.000   0.003
E R  2AMCA                 31    0.495 113.337   0.000   0.994   0.000   0.006
E A  2AMCA                 32    0.619  68.216   0.000   0.898   0.000   0.102
B L  2AMCA                 33    0.222  40.641   0.000   0.080   0.000   0.920
E G  2AMCA                 34    0.501  39.452   0.000   0.001   0.000   0.999
B Y  2AMCA                 35    0.080  17.032   0.000   0.000   0.044   0.956
E Q  2AMCA                 36    0.563 100.511   0.000   0.000   0.940   0.060
E A  2AMCA                 37    0.325  35.861   0.000   0.000   0.977   0.023
B V  2AMCA                 38    0.204  31.360   0.000   0.000   0.578   0.422
E E  2AMCA                 39    0.675 117.844   0.000   0.002   0.287   0.711
B G  2AMCA                 40    0.217  17.057   0.000   0.002   0.049   0.949
E P  2AMCA                 41    0.334  47.439   0.000   0.004   0.033   0.963
E E  2AMCA                 42    0.393  68.708   0.000   0.005   0.258   0.737
B V  2AMCA                 43    0.220  33.796   0.000   0.006   0.664   0.330
B E  2AMCA                 44    0.235  41.092   0.000   0.002   0.864   0.134
E S  2AMCA                 45    0.257  30.083   0.000   0.011   0.360   0.629
E E  2AMCA                 46    0.353  61.670   0.000   0.335   0.056   0.609
E F  2AMCA                 47    0.449  90.088   0.000   0.846   0.010   0.144
E F  2AMCA                 48    0.340  68.286   0.000   0.892   0.011   0.098
B N  2AMCA                 49    0.055   8.122   0.000   0.921   0.006   0.073
B F  2AMCA                 50    0.072  14.436   0.000   0.958   0.003   0.038
E D  2AMCA                 51    0.648  93.363   0.000   0.985   0.001   0.014
E A  2AMCA                 52    0.268  29.497   0.000   0.952   0.001   0.047
B L  2AMCA                 53    0.095  17.347   0.000   0.348   0.001   0.651
E N  2AMCA                 54    0.766 112.165   0.000   0.011   0.002   0.987
B I  2AMCA                 55    0.139  25.753   0.000   0.001   0.007   0.992
E P  2AMCA                 56    0.407  57.730   0.000   0.002   0.005   0.993
E E  2AMCA                 57    0.791 138.245   0.000   0.005   0.001   0.994
E H  2AMCA                 58    0.864 157.139   0.000   0.006   0.001   0.993
B H  2AMCA                 59    0.181  32.908   0.000   0.007   0.013   0.980
E P  2AMCA                 60    0.509  72.290   0.000   0.245   0.014   0.742
B A  2AMCA                 61    0.165  18.190   0.000   0.332   0.006   0.662
E R  2AMCA                 62    0.279  63.937   0.000   0.334   0.009   0.657
E D  2AMCA                 63    0.554  79.776   0.000   0.264   0.007   0.730
E M  2AMCA                 64    0.258  51.573   0.000   0.743   0.001   0.256
E W  2AMCA                 65    0.460 110.614   0.000   0.720   0.013   0.268
E D  2AMCA                 66    0.313  45.061   0.000   0.693   0.031   0.276
B T  2AMCA                 67    0.073  10.101   0.000   0.030   0.545   0.425
B F  2AMCA                 68    0.088  17.587   0.000   0.006   0.922   0.072
E W  2AMCA                 69    0.265  63.683   0.000   0.005   0.937   0.058
B L  2AMCA                 70    0.060  11.064   0.000   0.008   0.757   0.234
E T  2AMCA                 71    0.325  45.070   0.000   0.013   0.518   0.469
E G  2AMCA                 72    0.261  20.531   0.000   0.087   0.237   0.676
E E  2AMCA                 73    0.643 112.402   0.000   0.135   0.124   0.741
E G  2AMCA                 74    0.432  34.013   0.000   0.158   0.058   0.784
E F  2AMCA                 75    0.290  58.227   0.000   0.134   0.152   0.713
E R  2AMCA                 76    0.601 137.721   0.000   0.154   0.167   0.679
E L  2AMCA                 77    0.382  69.976   0.000   0.101   0.167   0.732
E E  2AMCA                 78    0.642 112.104   0.000   0.105   0.170   0.725
E G  2AMCA                 79    0.378  29.715   0.000   0.017   0.125   0.857
E P  2AMCA                 80    0.557  79.046   0.000   0.039   0.126   0.835
B L  2AMCA                 81    0.215  39.323   0.000   0.093   0.036   0.871
E G  2AMCA                 82    0.337  26.513   0.000   0.298   0.014   0.689
E E  2AMCA                 83    0.841 146.848   0.000   0.703   0.005   0.292
E E  2AMCA                 84    0.618 107.915   0.000   0.719   0.023   0.257
B V  2AMCA                 85    0.119  18.242   0.000   0.697   0.031   0.272
E E  2AMCA                 86    0.648 113.214   0.000   0.251   0.032   0.717
E G  2AMCA                 87    0.641  50.429   0.000   0.280   0.023   0.697
E R  2AMCA                 88    0.312  71.442   0.000   0.175   0.115   0.709
B L  2AMCA                 89    0.142  25.956   0.000   0.030   0.635   0.336
B L  2AMCA                 90    0.057  10.400   0.000   0.002   0.896   0.102
B L  2AMCA                 91    0.038   7.021   0.000   0.000   0.944   0.056
B R  2AMCA                 92    0.125  28.561   0.000   0.001   0.803   0.195
B T  2AMCA                 93    0.070   9.765   0.000   0.018   0.308   0.674
B H  2AMCA                 94    0.145  26.291   0.000   0.019   0.250   0.731
B T  2AMCA                 95    0.056   7.807   0.000   0.109   0.202   0.689
B S  2AMCA                 96    0.062   7.311   0.000   0.266   0.004   0.730
B P  2AMCA                 97    0.085  12.066   0.000   0.949   0.001   0.051
B M  2AMCA                 98    0.121  24.159   0.000   0.985   0.000   0.015
B Q  2AMCA                 99    0.035   6.291   0.000   0.996   0.000   0.004
B V  2AMCA                100    0.039   6.011   0.000   0.997   0.000   0.003
E R  2AMCA                101    0.420  96.294   0.000   0.996   0.000   0.004
B Y  2AMCA                102    0.220  46.928   0.000   0.991   0.000   0.009
B M  2AMCA                103    0.031   6.118   0.000   0.981   0.000   0.019
E V  2AMCA                104    0.300  46.173   0.000   0.912   0.002   0.086
E A  2AMCA                105    0.565  62.281   0.000   0.576   0.001   0.423
E H  2AMCA                106    0.559 101.671   0.000   0.206   0.001   0.793
E T  2AMCA                107    0.543  75.251   0.000   0.001   0.002   0.997
E P  2AMCA                108    0.485  68.831   0.000   0.000   0.000   0.999
E P  2AMCA                109    0.411  58.297   0.000   0.001   0.009   0.990
B F  2AMCA                110    0.109  21.946   0.000   0.001   0.615   0.384
E R  2AMCA                111    0.262  59.996   0.000   0.001   0.951   0.048
B I  2AMCA                112    0.021   3.903   0.000   0.000   0.996   0.004
B V  2AMCA                113    0.032   4.853   0.000   0.000   0.997   0.003
B V  2AMCA                114    0.031   4.796   0.000   0.000   0.988   0.012
B P  2AMCA                115    0.038   5.373   0.000   0.000   0.966   0.033
B G  2AMCA                116    0.076   5.994   0.000   0.000   0.869   0.131
E R  2AMCA                117    0.302  69.090   0.000   0.000   0.925   0.075
B V  2AMCA                118    0.033   5.003   0.000   0.000   0.913   0.086
B F  2AMCA                119    0.132  26.495   0.000   0.002   0.887   0.111
B R  2AMCA                120    0.225  51.618   0.000   0.003   0.579   0.417
E F  2AMCA                121    0.269  53.932   0.000   0.018   0.251   0.732
E E  2AMCA                122    0.547  95.564   0.000   0.064   0.101   0.835
E Q  2AMCA                123    0.630 112.596   0.000   0.074   0.078   0.848
E T  2AMCA                124    0.516  71.621   0.000   0.050   0.066   0.885
E D  2AMCA                125    0.488  70.299   0.000   0.055   0.039   0.906
E A  2AMCA                126    0.584  64.406   0.000   0.062   0.007   0.931
E T  2AMCA                127    0.529  73.346   0.000   0.048   0.018   0.934
E H  2AMCA                128    0.368  66.983   0.000   0.062   0.073   0.865
E E  2AMCA                129    0.390  68.187   0.000   0.031   0.097   0.872
B A  2AMCA                130    0.231  25.402   0.000   0.016   0.257   0.727
B V  2AMCA                131    0.195  29.908   0.000   0.007   0.582   0.412
B F  2AMCA                132    0.137  27.563   0.000   0.004   0.772   0.225
B H  2AMCA                133    0.133  24.151   0.000   0.001   0.876   0.123
B Q  2AMCA                134    0.065  11.590   0.000   0.000   0.960   0.040
B L  2AMCA                135    0.019   3.531   0.000   0.000   0.983   0.016
B E  2AMCA                136    0.032   5.626   0.000   0.000   0.998   0.002
B G  2AMCA                137    0.009   0.713   0.000   0.000   0.999   0.001
B L  2AMCA                138    0.031   5.626   0.000   0.000   1.000   0.000
B V  2AMCA                139    0.058   8.963   0.000   0.000   0.999   0.001
B V  2AMCA                140    0.055   8.423   0.000   0.001   0.957   0.043
B G  2AMCA                141    0.100   7.875   0.000   0.001   0.574   0.425
E E  2AMCA                142    0.673 117.496   0.000   0.003   0.041   0.955
E G  2AMCA                143    0.668  52.606   0.000   0.003   0.004   0.993
B I  2AMCA                144    0.073  13.509   0.000   0.005   0.040   0.955
E A  2AMCA                145    0.290  31.936   0.000   0.004   0.069   0.926
B M  2AMCA                146    0.155  30.963   0.000   0.987   0.000   0.013
E A  2AMCA                147    0.373  41.101   0.000   0.997   0.000   0.003
E H  2AMCA                148    0.291  52.942   0.000   0.996   0.000   0.004
B L  2AMCA                149    0.006   1.050   0.000   0.997   0.000   0.003
B K  2AMCA                150    0.233  47.910   0.000   0.998   0.000   0.002
B G  2AMCA                151    0.190  14.952   0.000   0.999   0.000   0.001
B A  2AMCA                152    0.033   3.643   0.000   1.000   0.000   0.000
B I  2AMCA                153    0.006   1.052   0.000   1.000   0.000   0.000
E Y  2AMCA                154    0.364  77.886   0.000   1.000   0.000   0.000
E E  2AMCA                155    0.415  72.568   0.000   1.000   0.000   0.000
B L  2AMCA                156    0.019   3.541   0.000   1.000   0.000   0.000
B A  2AMCA                157    0.011   1.235   0.000   0.999   0.000   0.001
E Q  2AMCA                158    0.513  91.578   0.000   0.998   0.000   0.002
E A  2AMCA                159    0.365  40.198   0.000   0.995   0.000   0.005
B L  2AMCA                160    0.096  17.532   0.000   0.976   0.000   0.024
B F  2AMCA                161    0.097  19.507   0.000   0.868   0.000   0.131
B G  2AMCA                162    0.237  18.652   0.000   0.006   0.001   0.992
E P  2AMCA                163    0.817 115.973   0.000   0.018   0.000   0.982
E D  2AMCA                164    0.904 130.309   0.000   0.018   0.001   0.981
B S  2AMCA                165    0.159  18.633   0.000   0.028   0.033   0.939
E K  2AMCA                166    0.607 124.846   0.000   0.008   0.502   0.490
B V  2AMCA                167    0.143  21.945   0.000   0.001   0.869   0.130
E R  2AMCA                168    0.460 105.439   0.000   0.000   0.981   0.019
B F  2AMCA                169    0.203  40.756   0.000   0.000   0.970   0.029
E Q  2AMCA                170    0.372  66.455   0.000   0.000   0.934   0.066
E P  2AMCA                171    0.467  66.280   0.000   0.001   0.870   0.129
B V  2AMCA                172    0.122  18.764   0.000   0.002   0.366   0.632
E Y  2AMCA                173    0.452  96.563   0.000   0.005   0.215   0.780
B F  2AMCA                174    0.202  40.522   0.000   0.003   0.189   0.808
E P  2AMCA                175    0.318  45.070   0.000   0.014   0.030   0.956
B F  2AMCA                176    0.172  34.584   0.000   0.011   0.052   0.936
B V  2AMCA                177    0.069  10.603   0.000   0.010   0.392   0.598
B E  2AMCA                178    0.099  17.217   0.000   0.001   0.505   0.494
B P  2AMCA                179    0.108  15.281   0.000   0.003   0.394   0.602
B G  2AMCA                180    0.024   1.906   0.000   0.001   0.840   0.159
B A  2AMCA                181    0.038   4.173   0.000   0.001   0.934   0.065
B Q  2AMCA                182    0.110  19.624   0.000   0.000   0.991   0.009
B F  2AMCA                183    0.011   2.233   0.000   0.000   0.999   0.001
B A  2AMCA                184    0.071   7.866   0.000   0.000   1.000   0.000
B V  2AMCA                185    0.009   1.403   0.000   0.000   0.999   0.001
B W  2AMCA                186    0.172  41.251   0.000   0.000   0.997   0.003
B W  2AMCA                187    0.054  13.041   0.000   0.000   0.690   0.309
E P  2AMCA                188    0.313  44.361   0.000   0.078   0.226   0.696
E E  2AMCA                189    0.681 118.930   0.000   0.216   0.190   0.594
E G  2AMCA                190    0.849  66.807   0.000   0.110   0.002   0.888
E G  2AMCA                191    0.578  45.471   0.000   0.136   0.013   0.851
E K  2AMCA                192    0.640 131.672   0.000   0.014   0.320   0.666
E W  2AMCA                193    0.324  77.983   0.000   0.001   0.735   0.264
B L  2AMCA                194    0.248  45.409   0.000   0.000   0.984   0.015
E E  2AMCA                195    0.321  55.998   0.000   0.000   0.999   0.001
B L  2AMCA                196    0.057  10.452   0.000   0.000   0.992   0.008
B G  2AMCA                197    0.027   2.125   0.000   0.000   0.998   0.002
B G  2AMCA                198    0.055   4.322   0.000   0.000   0.998   0.002
B A  2AMCA                199    0.031   3.427   0.000   0.000   0.998   0.002
B G  2AMCA                200    0.040   3.138   0.000   0.000   0.995   0.005
B M  2AMCA                201    0.119  23.860   0.000   0.000   0.993   0.007
B V  2AMCA                202    0.035   5.355   0.000   0.000   0.981   0.019
B H  2AMCA                203    0.162  29.493   0.000   0.000   0.013   0.986
E P  2AMCA                204    0.300  42.639   0.000   0.954   0.001   0.045
E K  2AMCA                205    0.530 108.937   0.000   0.976   0.000   0.024
B V  2AMCA                206    0.023   3.522   0.000   0.992   0.000   0.007
B F  2AMCA                207    0.084  16.951   0.000   0.986   0.001   0.013
E Q  2AMCA                208    0.577 103.004   0.000   0.955   0.001   0.044
B A  2AMCA                209    0.219  24.106   0.000   0.877   0.002   0.120
B V  2AMCA                210    0.041   6.241   0.000   0.904   0.002   0.094
E D  2AMCA                211    0.376  54.253   0.000   0.929   0.002   0.069
E A  2AMCA                212    0.451  49.719   0.000   0.935   0.002   0.063
B Y  2AMCA                213    0.149  31.787   0.000   0.925   0.001   0.074
E R  2AMCA                214    0.280  64.111   0.000   0.933   0.002   0.065
E E  2AMCA                215    0.805 140.580   0.000   0.951   0.001   0.048
E R  2AMCA                216    0.610 139.648   0.000   0.864   0.001   0.135
B L  2AMCA                217    0.217  39.744   0.000   0.522   0.001   0.477
E G  2AMCA                218    0.687  54.035   0.000   0.003   0.001   0.996
B L  2AMCA                219    0.091  16.721   0.000   0.000   0.003   0.997
E P  2AMCA                220    0.319  45.235   0.000   0.004   0.000   0.996
E P  2AMCA                221    0.714 101.313   0.000   0.956   0.000   0.044
E A  2AMCA                222    0.535  58.931   0.000   0.966   0.001   0.033
B Y  2AMCA                223    0.106  22.669   0.000   0.952   0.001   0.047
E R  2AMCA                224    0.546 125.100   0.000   0.264   0.019   0.717
E G  2AMCA                225    0.727  57.193   0.000   0.152   0.005   0.843
B V  2AMCA                226    0.138  21.247   0.000   0.041   0.053   0.907
E T  2AMCA                227    0.252  34.924   0.000   0.003   0.540   0.457
B G  2AMCA                228    0.023   1.775   0.000   0.000   0.907   0.093
B F  2AMCA                229    0.038   7.584   0.000   0.000   0.991   0.009
B A  2AMCA                230    0.006   0.616   0.000   0.000   0.998   0.002
B F  2AMCA                231    0.014   2.788   0.000   0.000   0.994   0.006
B G  2AMCA                232    0.019   1.476   0.000   0.000   0.990   0.010
B L  2AMCA                233    0.036   6.623   0.000   0.001   0.944   0.056
B G  2AMCA                234    0.079   6.247   0.000   0.007   0.600   0.393
B V  2AMCA                235    0.034   5.153   0.000   0.942   0.004   0.054
B E  2AMCA                236    0.118  20.597   0.000   0.983   0.001   0.016
B R  2AMCA                237    0.202  46.366   0.000   0.993   0.000   0.006
B L  2AMCA                238    0.026   4.812   0.000   0.995   0.000   0.005
B A  2AMCA                239    0.011   1.263   0.000   0.998   0.000   0.002
B M  2AMCA                240    0.099  19.845   0.000   0.998   0.000   0.002
B L  2AMCA                241    0.244  44.742   0.000   0.996   0.000   0.004
E R  2AMCA                242    0.308  70.522   0.000   0.985   0.000   0.015
E Y  2AMCA                243    0.254  54.282   0.000   0.748   0.000   0.252
E G  2AMCA                244    0.571  44.955   0.000   0.002   0.000   0.998
B I  2AMCA                245    0.071  13.092   0.000   0.005   0.013   0.982
E P  2AMCA                246    0.404  57.306   0.000   0.018   0.005   0.977
B D  2AMCA                247    0.224  32.267   0.000   0.034   0.154   0.812
B I  2AMCA                248    0.025   4.631   0.000   0.896   0.012   0.092
E R  2AMCA                249    0.268  61.415   0.000   0.983   0.003   0.015
E Y  2AMCA                250    0.336  71.864   0.000   0.989   0.002   0.009
B F  2AMCA                251    0.067  13.434   0.000   0.968   0.002   0.030
B F  2AMCA                252    0.176  35.352   0.000   0.804   0.012   0.184
E G  2AMCA                253    0.453  35.619   0.000   0.377   0.011   0.612
E G  2AMCA                254    0.463  36.427   0.000   0.096   0.004   0.900
E R  2AMCA                255    0.420  96.125   0.000   0.022   0.010   0.968
E L  2AMCA                256    0.466  85.260   0.000   0.815   0.003   0.182
E K  2AMCA                257    0.593 122.033   0.000   0.915   0.001   0.083
B F  2AMCA                258    0.165  33.051   0.000   0.936   0.002   0.063
B L  2AMCA                259    0.181  33.157   0.000   0.940   0.001   0.059
E E  2AMCA                260    0.672 117.324   0.000   0.872   0.001   0.127
E Q  2AMCA                261    0.492  87.867   0.000   0.745   0.001   0.253
B F  2AMCA                262    0.216  43.424   0.000   0.376   0.007   0.617
E K  2AMCA                263    0.666 137.039   0.000   0.188   0.027   0.785
E G  2AMCA                264    0.835  65.753   0.000   0.103   0.004   0.894
E V  2AMCA                265    0.525  80.690   0.000   0.078   0.008   0.914
E L  2AMCA                266    0.668 122.229   0.000   0.001   0.000   0.999
