# For publication of results, please cite:
# ...
# ... Michael Schantz Klausen, Martin Closter Jespersen, Henrik Nielsen, Kamilla Kjærgaard Jensen, 
# ... Vanessa Isabell Jurtz, Casper Kaae Sønderby, Morten Otto Alexander Sommer, Ole Winther, 
# ... Morten Nielsen, Bent Petersen, and Paolo Marcatili. 
# ... NetSurfP-2.0: Improved prediction of protein structural features by integrated deep learning.
# ... Proteins: Structure, Function, and Bioinformatics (Feb. 2019).
# ... https://doi.org/10.1002/prot.25674
# ...
#
# Column 1: Class assignment - B for buried or E for Exposed - Threshold: 25% exposure, but not based on RSA
# Column 2: Amino acid
# Column 3: Sequence name
# Column 4: Amino acid number
# Column 5: Relative Surface Accessibility - RSA
# Column 6: Absolute Surface Accessibility
# Column 7: Not used
# Column 8: Probability for Alpha-Helix
# Column 9: Probability for Beta-strand
# Column 10: Probability for Coil
E G  3K8RB                  1    0.950  74.768   0.000   0.000   0.000   1.000
E M  3K8RB                  2    0.712 142.539   0.000   0.021   0.008   0.971
E A  3K8RB                  3    0.598  65.845   0.000   0.029   0.019   0.952
E D  3K8RB                  4    0.840 121.029   0.000   0.020   0.017   0.962
E L  3K8RB                  5    0.252  46.206   0.000   0.010   0.007   0.983
E T  3K8RB                  6    0.546  75.669   0.000   0.014   0.001   0.985
E D  3K8RB                  7    0.838 120.693   0.000   0.903   0.000   0.097
E A  3K8RB                  8    0.631  69.497   0.000   0.934   0.000   0.066
E L  3K8RB                  9    0.394  72.067   0.000   0.922   0.001   0.078
B I  3K8RB                 10    0.214  39.596   0.000   0.957   0.000   0.042
E D  3K8RB                 11    0.624  89.873   0.000   0.972   0.000   0.028
E A  3K8RB                 12    0.460  50.653   0.000   0.970   0.000   0.030
B A  3K8RB                 13    0.122  13.461   0.000   0.966   0.000   0.034
E L  3K8RB                 14    0.351  64.183   0.000   0.966   0.001   0.034
E E  3K8RB                 15    0.680 118.725   0.000   0.969   0.000   0.031
E R  3K8RB                 16    0.506 115.787   0.000   0.950   0.000   0.049
B G  3K8RB                 17    0.119   9.342   0.000   0.928   0.000   0.072
E R  3K8RB                 18    0.606 138.687   0.000   0.896   0.001   0.103
E S  3K8RB                 19    0.582  68.210   0.000   0.875   0.001   0.124
E A  3K8RB                 20    0.271  29.852   0.000   0.894   0.000   0.106
E H  3K8RB                 21    0.422  76.717   0.000   0.851   0.001   0.149
E A  3K8RB                 22    0.664  73.214   0.000   0.715   0.001   0.284
E N  3K8RB                 23    0.722 105.744   0.000   0.466   0.000   0.534
E E  3K8RB                 24    0.569  99.457   0.000   0.004   0.002   0.994
B P  3K8RB                 25    0.205  29.066   0.000   0.002   0.014   0.983
E R  3K8RB                 26    0.406  92.962   0.000   0.003   0.401   0.595
B A  3K8RB                 27    0.113  12.444   0.000   0.000   0.931   0.069
E A  3K8RB                 28    0.417  45.955   0.000   0.000   0.938   0.062
E K  3K8RB                 29    0.427  87.855   0.000   0.000   0.993   0.007
B A  3K8RB                 30    0.083   9.152   0.000   0.000   0.999   0.001
E R  3K8RB                 31    0.423  96.943   0.000   0.000   0.999   0.001
B Y  3K8RB                 32    0.185  39.543   0.000   0.000   0.998   0.002
E D  3K8RB                 33    0.261  37.636   0.000   0.000   0.941   0.059
E R  3K8RB                 34    0.621 142.245   0.000   0.083   0.001   0.916
E S  3K8RB                 35    0.827  96.974   0.000   0.127   0.000   0.872
E S  3K8RB                 36    0.401  46.989   0.000   0.091   0.001   0.909
E A  3K8RB                 37    0.256  28.248   0.000   0.001   0.000   0.999
E R  3K8RB                 38    0.262  60.046   0.000   0.000   0.971   0.029
B V  3K8RB                 39    0.005   0.745   0.000   0.000   1.000   0.000
B I  3K8RB                 40    0.123  22.844   0.000   0.000   1.000   0.000
B V  3K8RB                 41    0.004   0.599   0.000   0.000   1.000   0.000
E D  3K8RB                 42    0.257  37.005   0.000   0.000   0.997   0.003
B L  3K8RB                 43    0.016   2.996   0.000   0.002   0.756   0.242
E E  3K8RB                 44    0.547  95.511   0.000   0.022   0.005   0.973
E N  3K8RB                 45    0.541  79.159   0.000   0.020   0.001   0.979
E G  3K8RB                 46    0.599  47.173   0.000   0.008   0.001   0.991
B C  3K8RB                 47    0.222  31.195   0.000   0.000   0.023   0.977
E T  3K8RB                 48    0.361  50.090   0.000   0.000   0.995   0.005
B F  3K8RB                 49    0.086  17.204   0.000   0.000   0.999   0.001
B A  3K8RB                 50    0.201  22.177   0.000   0.000   0.996   0.004
B F  3K8RB                 51    0.051  10.203   0.000   0.000   0.916   0.084
B P  3K8RB                 52    0.160  22.751   0.000   0.002   0.216   0.782
B P  3K8RB                 53    0.081  11.527   0.000   0.824   0.001   0.175
E R  3K8RB                 54    0.681 155.924   0.000   0.789   0.001   0.211
E L  3K8RB                 55    0.251  45.976   0.000   0.870   0.001   0.130
B A  3K8RB                 56    0.062   6.826   0.000   0.067   0.014   0.919
E Q  3K8RB                 57    0.719 128.386   0.000   0.624   0.008   0.368
E G  3K8RB                 58    0.439  34.580   0.000   0.589   0.001   0.410
B L  3K8RB                 59    0.028   5.103   0.000   0.610   0.001   0.389
E E  3K8RB                 60    0.652 113.852   0.000   0.087   0.002   0.911
E G  3K8RB                 61    0.864  68.025   0.000   0.045   0.000   0.955
B A  3K8RB                 62    0.080   8.828   0.000   0.001   0.000   0.999
E S  3K8RB                 63    0.435  50.963   0.000   0.001   0.007   0.992
E D  3K8RB                 64    0.712 102.628   0.000   0.979   0.000   0.021
E D  3K8RB                 65    0.807 116.283   0.000   0.985   0.000   0.015
E Q  3K8RB                 66    0.380  67.907   0.000   0.988   0.000   0.011
B L  3K8RB                 67    0.139  25.382   0.000   0.987   0.001   0.012
E C  3K8RB                 68    0.543  76.200   0.000   0.705   0.005   0.290
E A  3K8RB                 69    0.478  52.657   0.000   0.261   0.005   0.734
B V  3K8RB                 70    0.123  18.916   0.000   0.005   0.300   0.695
E E  3K8RB                 71    0.557  97.280   0.000   0.001   0.973   0.027
E I  3K8RB                 72    0.280  51.713   0.000   0.000   0.977   0.023
E L  3K8RB                 73    0.318  58.217   0.000   0.004   0.492   0.504
E G  3K8RB                 74    0.511  40.193   0.000   0.040   0.351   0.609
E Q  3K8RB                 75    0.726 129.732   0.000   0.057   0.140   0.803
E G  3K8RB                 76    0.415  32.675   0.000   0.066   0.035   0.899
E Y  3K8RB                 77    0.526 112.411   0.000   0.016   0.088   0.896
B G  3K8RB                 78    0.096   7.584   0.000   0.010   0.618   0.373
B L  3K8RB                 79    0.049   9.062   0.000   0.002   0.928   0.070
B H  3K8RB                 80    0.249  45.345   0.000   0.005   0.793   0.202
B W  3K8RB                 81    0.145  34.820   0.000   0.250   0.217   0.532
E E  3K8RB                 82    0.664 115.995   0.000   0.528   0.015   0.457
E T  3K8RB                 83    0.542  75.216   0.000   0.615   0.007   0.377
B L  3K8RB                 84    0.159  29.106   0.000   0.291   0.038   0.671
E D  3K8RB                 85    0.447  64.380   0.000   0.019   0.059   0.922
B V  3K8RB                 86    0.195  29.953   0.000   0.012   0.623   0.365
E D  3K8RB                 87    0.376  54.236   0.000   0.005   0.731   0.263
B L  3K8RB                 88    0.068  12.536   0.000   0.004   0.824   0.172
B S  3K8RB                 89    0.223  26.165   0.000   0.012   0.710   0.278
B L  3K8RB                 90    0.135  24.710   0.000   0.991   0.000   0.008
E P  3K8RB                 91    0.396  56.160   0.000   0.990   0.001   0.009
B G  3K8RB                 92    0.133  10.500   0.000   0.995   0.000   0.005
B L  3K8RB                 93    0.064  11.642   0.000   0.993   0.000   0.006
E M  3K8RB                 94    0.260  52.064   0.000   0.965   0.002   0.033
E A  3K8RB                 95    0.530  58.354   0.000   0.550   0.002   0.448
E G  3K8RB                 96    0.465  36.572   0.000   0.223   0.003   0.775
E I  3K8RB                 97    0.455  84.246   0.000   0.218   0.013   0.769
E F  3K8RB                 98    0.400  80.205   0.000   0.256   0.011   0.733
E G  3K8RB                 99    0.413  32.489   0.000   0.196   0.007   0.797
E T  3K8RB                100    0.366  50.775   0.000   0.677   0.004   0.318
E K  3K8RB                101    0.650 133.706   0.000   0.772   0.002   0.226
E A  3K8RB                102    0.450  49.561   0.000   0.720   0.005   0.276
E W  3K8RB                103    0.311  74.690   0.000   0.756   0.004   0.240
E M  3K8RB                104    0.361  72.209   0.000   0.594   0.003   0.403
E A  3K8RB                105    0.649  71.554   0.000   0.488   0.001   0.511
E K  3K8RB                106    0.711 146.352   0.000   0.406   0.001   0.594
E R  3K8RB                107    0.529 121.177   0.000   0.274   0.002   0.724
E A  3K8RB                108    0.690  76.037   0.000   0.151   0.001   0.847
E E  3K8RB                109    0.678 118.494   0.000   0.006   0.003   0.991
E P  3K8RB                110    0.716 101.622   0.000   0.001   0.000   0.999
E P  3K8RB                111    0.700  99.290   0.000   0.001   0.000   0.999
E P  3K8RB                112    0.691  98.071   0.000   0.008   0.001   0.991
E S  3K8RB                113    0.667  78.127   0.000   0.023   0.002   0.975
E A  3K8RB                114    0.726  79.984   0.000   0.247   0.001   0.752
E A  3K8RB                115    0.570  62.848   0.000   0.193   0.000   0.806
E K  3K8RB                116    0.530 108.937   0.000   0.186   0.001   0.813
E D  3K8RB                117    0.669  96.386   0.000   0.192   0.001   0.808
E A  3K8RB                118    0.609  67.077   0.000   0.169   0.000   0.830
E W  3K8RB                119    0.581 139.725   0.000   0.135   0.001   0.864
E S  3K8RB                120    0.657  77.028   0.000   0.080   0.001   0.920
E N  3K8RB                121    0.780 114.211   0.000   0.035   0.001   0.964
E L  3K8RB                122    0.630 115.394   0.000   0.002   0.001   0.997
E P  3K8RB                123    0.805 114.185   0.000   0.001   0.000   0.999
E R  3K8RB                124    0.893 204.481   0.000   0.000   0.000   1.000
