# For publication of results, please cite:
# ...
# ... Michael Schantz Klausen, Martin Closter Jespersen, Henrik Nielsen, Kamilla Kjærgaard Jensen, 
# ... Vanessa Isabell Jurtz, Casper Kaae Sønderby, Morten Otto Alexander Sommer, Ole Winther, 
# ... Morten Nielsen, Bent Petersen, and Paolo Marcatili. 
# ... NetSurfP-2.0: Improved prediction of protein structural features by integrated deep learning.
# ... Proteins: Structure, Function, and Bioinformatics (Feb. 2019).
# ... https://doi.org/10.1002/prot.25674
# ...
#
# Column 1: Class assignment - B for buried or E for Exposed - Threshold: 25% exposure, but not based on RSA
# Column 2: Amino acid
# Column 3: Sequence name
# Column 4: Amino acid number
# Column 5: Relative Surface Accessibility - RSA
# Column 6: Absolute Surface Accessibility
# Column 7: Not used
# Column 8: Probability for Alpha-Helix
# Column 9: Probability for Beta-strand
# Column 10: Probability for Coil
E C  1RH7C                  1    0.694  97.458   0.000   0.000   0.000   0.999
E S  1RH7C                  2    0.613  71.870   0.000   0.083   0.016   0.900
E F  1RH7C                  3    0.329  65.993   0.000   0.895   0.000   0.104
E E  1RH7C                  4    0.593 103.612   0.000   0.918   0.001   0.082
E S  1RH7C                  5    0.491  57.507   0.000   0.948   0.000   0.051
E L  1RH7C                  6    0.275  50.302   0.000   0.991   0.000   0.009
B V  1RH7C                  7    0.098  15.066   0.000   0.996   0.000   0.004
E D  1RH7C                  8    0.420  60.475   0.000   0.997   0.000   0.003
E Q  1RH7C                  9    0.550  98.166   0.000   0.998   0.000   0.002
E R  1RH7C                 10    0.328  75.059   0.000   0.999   0.000   0.001
B I  1RH7C                 11    0.102  18.904   0.000   0.998   0.000   0.002
E K  1RH7C                 12    0.540 111.077   0.000   0.998   0.000   0.002
E E  1RH7C                 13    0.588 102.757   0.000   0.997   0.000   0.003
B A  1RH7C                 14    0.131  14.440   0.000   0.993   0.000   0.007
E L  1RH7C                 15    0.252  46.116   0.000   0.934   0.001   0.065
E S  1RH7C                 16    0.711  83.316   0.000   0.673   0.001   0.326
E R  1RH7C                 17    0.654 149.731   0.000   0.244   0.001   0.754
E Q  1RH7C                 18    0.625 111.581   0.000   0.050   0.010   0.940
E E  1RH7C                 19    0.740 129.248   0.000   0.001   0.010   0.988
E P  1RH7C                 20    0.550  78.032   0.000   0.005   0.027   0.968
E K  1RH7C                 21    0.478  98.375   0.000   0.007   0.423   0.571
E T  1RH7C                 22    0.540  74.931   0.000   0.004   0.749   0.247
B I  1RH7C                 23    0.157  28.957   0.000   0.001   0.866   0.133
E S  1RH7C                 24    0.475  55.625   0.000   0.000   0.934   0.066
B C  1RH7C                 25    0.139  19.501   0.000   0.008   0.860   0.133
E T  1RH7C                 26    0.549  76.111   0.000   0.005   0.885   0.110
E S  1RH7C                 27    0.482  56.544   0.000   0.003   0.967   0.030
B V  1RH7C                 28    0.217  33.430   0.000   0.004   0.946   0.051
E T  1RH7C                 29    0.478  66.318   0.000   0.007   0.861   0.132
E S  1RH7C                 30    0.440  51.580   0.000   0.011   0.754   0.235
E S  1RH7C                 31    0.591  69.280   0.000   0.015   0.617   0.368
E G  1RH7C                 32    0.471  37.100   0.000   0.078   0.244   0.678
E R  1RH7C                 33    0.712 163.058   0.000   0.103   0.125   0.771
E L  1RH7C                 34    0.463  84.851   0.000   0.112   0.295   0.593
E A  1RH7C                 35    0.269  29.663   0.000   0.064   0.451   0.485
E S  1RH7C                 36    0.584  68.421   0.000   0.028   0.574   0.398
B C  1RH7C                 37    0.092  12.850   0.000   0.001   0.137   0.862
E P  1RH7C                 38    0.395  56.062   0.000   0.001   0.035   0.964
E A  1RH7C                 39    0.669  73.768   0.000   0.001   0.003   0.995
E G  1RH7C                 40    0.616  48.492   0.000   0.002   0.009   0.989
B M  1RH7C                 41    0.224  44.859   0.000   0.001   0.329   0.671
E V  1RH7C                 42    0.377  57.913   0.000   0.000   0.936   0.064
B V  1RH7C                 43    0.083  12.712   0.000   0.000   0.968   0.032
E T  1RH7C                 44    0.313  43.446   0.000   0.000   0.963   0.037
B G  1RH7C                 45    0.167  13.142   0.000   0.001   0.968   0.031
B C  1RH7C                 46    0.114  15.960   0.000   0.001   0.918   0.081
E A  1RH7C                 47    0.307  33.802   0.000   0.006   0.727   0.267
B C  1RH7C                 48    0.228  32.004   0.000   0.007   0.552   0.441
E G  1RH7C                 49    0.394  30.993   0.000   0.031   0.178   0.791
E Y  1RH7C                 50    0.715 152.746   0.000   0.036   0.111   0.853
E G  1RH7C                 51    0.360  28.329   0.000   0.055   0.368   0.577
E C  1RH7C                 52    0.261  36.714   0.000   0.014   0.548   0.438
E G  1RH7C                 53    0.256  20.148   0.000   0.011   0.647   0.342
E S  1RH7C                 54    0.345  40.446   0.000   0.009   0.799   0.192
B W  1RH7C                 55    0.220  52.980   0.000   0.002   0.932   0.066
E D  1RH7C                 56    0.421  60.736   0.000   0.001   0.963   0.036
E I  1RH7C                 57    0.258  47.750   0.000   0.004   0.905   0.092
E R  1RH7C                 58    0.577 132.023   0.000   0.007   0.859   0.133
E N  1RH7C                 59    0.815 119.385   0.000   0.018   0.380   0.602
E G  1RH7C                 60    0.580  45.633   0.000   0.007   0.006   0.987
E N  1RH7C                 61    0.405  59.287   0.000   0.002   0.254   0.744
E T  1RH7C                 62    0.289  40.145   0.000   0.000   0.963   0.037
B C  1RH7C                 63    0.023   3.294   0.000   0.000   0.987   0.013
E H  1RH7C                 64    0.281  51.162   0.000   0.001   0.975   0.024
B C  1RH7C                 65    0.027   3.798   0.000   0.001   0.956   0.043
E Q  1RH7C                 66    0.348  62.242   0.000   0.006   0.814   0.179
B C  1RH7C                 67    0.121  17.027   0.000   0.021   0.581   0.398
E S  1RH7C                 68    0.530  62.068   0.000   0.025   0.175   0.801
E V  1RH7C                 69    0.676 103.902   0.000   0.021   0.069   0.910
E M  1RH7C                 70    0.336  67.325   0.000   0.014   0.232   0.755
E D  1RH7C                 71    0.515  74.239   0.000   0.011   0.276   0.713
B W  1RH7C                 72    0.223  53.565   0.000   0.172   0.340   0.488
E A  1RH7C                 73    0.273  30.040   0.000   0.132   0.540   0.328
E S  1RH7C                 74    0.279  32.692   0.000   0.115   0.640   0.244
B A  1RH7C                 75    0.067   7.419   0.000   0.042   0.710   0.248
E R  1RH7C                 76    0.291  66.681   0.000   0.015   0.948   0.037
B C  1RH7C                 77    0.075  10.505   0.000   0.005   0.982   0.013
B C  1RH7C                 78    0.116  16.250   0.000   0.003   0.971   0.026
E R  1RH7C                 79    0.483 110.713   0.000   0.006   0.907   0.087
E M  1RH7C                 80    0.293  58.542   0.000   0.006   0.568   0.427
E A  1RH7C                 81    0.854  94.070   0.000   0.000   0.001   0.999
