# For publication of results, please cite:
# ...
# ... Michael Schantz Klausen, Martin Closter Jespersen, Henrik Nielsen, Kamilla Kjærgaard Jensen, 
# ... Vanessa Isabell Jurtz, Casper Kaae Sønderby, Morten Otto Alexander Sommer, Ole Winther, 
# ... Morten Nielsen, Bent Petersen, and Paolo Marcatili. 
# ... NetSurfP-2.0: Improved prediction of protein structural features by integrated deep learning.
# ... Proteins: Structure, Function, and Bioinformatics (Feb. 2019).
# ... https://doi.org/10.1002/prot.25674
# ...
#
# Column 1: Class assignment - B for buried or E for Exposed - Threshold: 25% exposure, but not based on RSA
# Column 2: Amino acid
# Column 3: Sequence name
# Column 4: Amino acid number
# Column 5: Relative Surface Accessibility - RSA
# Column 6: Absolute Surface Accessibility
# Column 7: Not used
# Column 8: Probability for Alpha-Helix
# Column 9: Probability for Beta-strand
# Column 10: Probability for Coil
E M  1Y4HD                  1    0.677 135.429   0.000   0.000   0.005   0.995
E Y  1Y4HD                  2    0.302  64.573   0.000   0.001   0.649   0.350
E Q  1Y4HD                  3    0.440  78.542   0.000   0.001   0.781   0.218
B L  1Y4HD                  4    0.148  27.016   0.000   0.001   0.882   0.117
E Q  1Y4HD                  5    0.306  54.691   0.000   0.001   0.954   0.045
B F  1Y4HD                  6    0.197  39.520   0.000   0.002   0.965   0.033
B I  1Y4HD                  7    0.104  19.321   0.000   0.001   0.971   0.028
E N  1Y4HD                  8    0.337  49.368   0.000   0.001   0.911   0.088
B L  1Y4HD                  9    0.109  19.886   0.000   0.004   0.754   0.242
E V  1Y4HD                 10    0.383  58.923   0.000   0.005   0.503   0.492
E Y  1Y4HD                 11    0.313  66.913   0.000   0.003   0.161   0.837
E D  1Y4HD                 12    0.459  66.134   0.000   0.004   0.086   0.911
E T  1Y4HD                 13    0.403  55.908   0.000   0.587   0.003   0.410
E T  1Y4HD                 14    0.852 118.192   0.000   0.575   0.001   0.424
E K  1Y4HD                 15    0.664 136.484   0.000   0.543   0.004   0.453
B L  1Y4HD                 16    0.105  19.260   0.000   0.003   0.003   0.994
E T  1Y4HD                 17    0.550  76.253   0.000   0.003   0.002   0.994
E H  1Y4HD                 18    0.813 147.948   0.000   0.986   0.000   0.014
E L  1Y4HD                 19    0.653 119.509   0.000   0.988   0.000   0.012
E E  1Y4HD                 20    0.282  49.263   0.000   0.988   0.000   0.011
E Q  1Y4HD                 21    0.328  58.582   0.000   0.992   0.000   0.007
E T  1Y4HD                 22    0.550  76.336   0.000   0.992   0.000   0.007
E N  1Y4HD                 23    0.262  38.291   0.000   0.991   0.000   0.009
B I  1Y4HD                 24    0.069  12.722   0.000   0.988   0.001   0.011
E N  1Y4HD                 25    0.504  73.838   0.000   0.973   0.002   0.025
E L  1Y4HD                 26    0.477  87.329   0.000   0.926   0.005   0.070
B F  1Y4HD                 27    0.142  28.497   0.000   0.860   0.010   0.130
B I  1Y4HD                 28    0.246  45.487   0.000   0.455   0.106   0.439
E G  1Y4HD                 29    0.351  27.593   0.000   0.174   0.198   0.628
E N  1Y4HD                 30    0.653  95.659   0.000   0.208   0.188   0.604
B W  1Y4HD                 31    0.196  47.168   0.000   0.138   0.329   0.532
E S  1Y4HD                 32    0.499  58.434   0.000   0.096   0.273   0.631
E N  1Y4HD                 33    0.384  56.197   0.000   0.017   0.148   0.834
E H  1Y4HD                 34    0.741 134.873   0.000   0.154   0.015   0.831
E Q  1Y4HD                 35    0.810 144.699   0.000   0.123   0.010   0.868
E L  1Y4HD                 36    0.266  48.742   0.000   0.118   0.027   0.855
E Q  1Y4HD                 37    0.602 107.468   0.000   0.041   0.132   0.827
E K  1Y4HD                 38    0.352  72.425   0.000   0.029   0.556   0.415
B S  1Y4HD                 39    0.217  25.479   0.000   0.007   0.905   0.088
B I  1Y4HD                 40    0.060  11.009   0.000   0.001   0.986   0.013
B C  1Y4HD                 41    0.175  24.637   0.000   0.000   0.992   0.008
B I  1Y4HD                 42    0.053   9.888   0.000   0.000   0.992   0.008
E R  1Y4HD                 43    0.407  93.101   0.000   0.000   0.990   0.010
E H  1Y4HD                 44    0.253  46.054   0.000   0.001   0.876   0.123
E G  1Y4HD                 45    0.283  22.296   0.000   0.007   0.500   0.494
E D  1Y4HD                 46    0.752 108.419   0.000   0.028   0.190   0.782
E D  1Y4HD                 47    0.586  84.503   0.000   0.019   0.132   0.848
E T  1Y4HD                 48    0.672  93.238   0.000   0.051   0.023   0.925
E S  1Y4HD                 49    0.700  82.013   0.000   0.082   0.031   0.887
E H  1Y4HD                 50    0.576 104.841   0.000   0.060   0.131   0.808
E N  1Y4HD                 51    0.395  57.875   0.000   0.036   0.251   0.713
E Q  1Y4HD                 52    0.274  48.889   0.000   0.004   0.872   0.124
B Y  1Y4HD                 53    0.131  27.953   0.000   0.000   0.989   0.011
E H  1Y4HD                 54    0.333  60.602   0.000   0.001   0.985   0.014
B I  1Y4HD                 55    0.093  17.184   0.000   0.000   0.994   0.006
E L  1Y4HD                 56    0.321  58.864   0.000   0.000   0.985   0.015
E F  1Y4HD                 57    0.371  74.436   0.000   0.000   0.997   0.003
B I  1Y4HD                 58    0.135  24.970   0.000   0.000   0.997   0.002
E D  1Y4HD                 59    0.301  43.391   0.000   0.000   0.973   0.027
E T  1Y4HD                 60    0.311  43.074   0.000   0.010   0.034   0.956
E A  1Y4HD                 61    0.752  82.820   0.000   0.009   0.001   0.990
E H  1Y4HD                 62    0.600 109.169   0.000   0.016   0.002   0.982
E Q  1Y4HD                 63    0.471  84.188   0.000   0.002   0.005   0.994
E R  1Y4HD                 64    0.461 105.586   0.000   0.000   0.973   0.026
B I  1Y4HD                 65    0.084  15.518   0.000   0.000   0.998   0.002
E K  1Y4HD                 66    0.392  80.647   0.000   0.000   0.997   0.003
B F  1Y4HD                 67    0.127  25.409   0.000   0.000   0.990   0.010
B S  1Y4HD                 68    0.229  26.856   0.000   0.001   0.892   0.107
E S  1Y4HD                 69    0.355  41.621   0.000   0.005   0.669   0.326
E F  1Y4HD                 70    0.472  94.738   0.000   0.041   0.100   0.859
E D  1Y4HD                 71    0.789 113.767   0.000   0.060   0.064   0.876
E N  1Y4HD                 72    0.614  89.940   0.000   0.060   0.031   0.908
E E  1Y4HD                 73    0.508  88.811   0.000   0.045   0.078   0.877
E E  1Y4HD                 74    0.401  70.044   0.000   0.041   0.572   0.387
B I  1Y4HD                 75    0.099  18.285   0.000   0.008   0.922   0.070
B I  1Y4HD                 76    0.200  36.971   0.000   0.001   0.985   0.014
B Y  1Y4HD                 77    0.135  28.843   0.000   0.001   0.997   0.002
B I  1Y4HD                 78    0.183  33.886   0.000   0.000   0.998   0.002
B L  1Y4HD                 79    0.082  14.952   0.000   0.000   0.983   0.017
E D  1Y4HD                 80    0.358  51.577   0.000   0.000   0.913   0.087
E Y  1Y4HD                 81    0.358  76.510   0.000   0.152   0.370   0.478
E D  1Y4HD                 82    0.753 108.534   0.000   0.203   0.047   0.750
E D  1Y4HD                 83    0.546  78.743   0.000   0.309   0.024   0.667
E T  1Y4HD                 84    0.381  52.845   0.000   0.119   0.030   0.851
E Q  1Y4HD                 85    0.605 107.997   0.000   0.047   0.049   0.904
E H  1Y4HD                 86    0.365  66.320   0.000   0.030   0.725   0.245
B I  1Y4HD                 87    0.113  20.875   0.000   0.004   0.964   0.032
E L  1Y4HD                 88    0.321  58.832   0.000   0.006   0.978   0.016
B M  1Y4HD                 89    0.140  27.996   0.000   0.001   0.992   0.007
E Q  1Y4HD                 90    0.355  63.411   0.000   0.002   0.982   0.016
B T  1Y4HD                 91    0.177  24.563   0.000   0.001   0.955   0.044
E S  1Y4HD                 92    0.286  33.501   0.000   0.001   0.923   0.076
E S  1Y4HD                 93    0.282  33.041   0.000   0.003   0.638   0.359
E K  1Y4HD                 94    0.662 136.166   0.000   0.017   0.099   0.885
E Q  1Y4HD                 95    0.837 149.413   0.000   0.009   0.033   0.958
E G  1Y4HD                 96    0.511  40.227   0.000   0.017   0.266   0.718
E I  1Y4HD                 97    0.670 123.858   0.000   0.007   0.256   0.737
E G  1Y4HD                 98    0.452  35.535   0.000   0.010   0.337   0.653
E T  1Y4HD                 99    0.525  72.877   0.000   0.009   0.422   0.570
E S  1Y4HD                100    0.489  57.331   0.000   0.009   0.343   0.647
E R  1Y4HD                101    0.626 143.322   0.000   0.002   0.329   0.669
E P  1Y4HD                102    0.386  54.821   0.000   0.002   0.365   0.633
B I  1Y4HD                103    0.178  32.864   0.000   0.003   0.911   0.086
E V  1Y4HD                104    0.355  54.498   0.000   0.003   0.963   0.034
B Y  1Y4HD                105    0.202  43.180   0.000   0.069   0.850   0.081
E E  1Y4HD                106    0.518  90.425   0.000   0.085   0.812   0.103
E R  1Y4HD                107    0.481 110.166   0.000   0.048   0.697   0.255
E L  1Y4HD                108    0.489  89.448   0.000   0.028   0.227   0.745
E V  1Y4HD                109    0.848 130.280   0.000   0.000   0.001   0.999
