# For publication of results, please cite:
# ...
# ... Michael Schantz Klausen, Martin Closter Jespersen, Henrik Nielsen, Kamilla Kjærgaard Jensen, 
# ... Vanessa Isabell Jurtz, Casper Kaae Sønderby, Morten Otto Alexander Sommer, Ole Winther, 
# ... Morten Nielsen, Bent Petersen, and Paolo Marcatili. 
# ... NetSurfP-2.0: Improved prediction of protein structural features by integrated deep learning.
# ... Proteins: Structure, Function, and Bioinformatics (Feb. 2019).
# ... https://doi.org/10.1002/prot.25674
# ...
#
# Column 1: Class assignment - B for buried or E for Exposed - Threshold: 25% exposure, but not based on RSA
# Column 2: Amino acid
# Column 3: Sequence name
# Column 4: Amino acid number
# Column 5: Relative Surface Accessibility - RSA
# Column 6: Absolute Surface Accessibility
# Column 7: Not used
# Column 8: Probability for Alpha-Helix
# Column 9: Probability for Beta-strand
# Column 10: Probability for Coil
E M  2JOVA                  1    0.881 176.233   0.000   0.001   0.000   0.999
E H  2JOVA                  2    0.809 147.171   0.000   0.005   0.017   0.977
E K  2JOVA                  3    0.651 133.978   0.000   0.004   0.179   0.817
E D  2JOVA                  4    0.507  73.081   0.000   0.008   0.382   0.609
E I  2JOVA                  5    0.529  97.945   0.000   0.001   0.643   0.356
E F  2JOVA                  6    0.370  74.314   0.000   0.001   0.889   0.110
E T  2JOVA                  7    0.471  65.396   0.000   0.001   0.850   0.149
B S  2JOVA                  8    0.217  25.403   0.000   0.000   0.850   0.150
E V  2JOVA                  9    0.450  69.147   0.000   0.000   0.950   0.049
B V  2JOVA                 10    0.087  13.334   0.000   0.000   0.969   0.030
E R  2JOVA                 11    0.510 116.681   0.000   0.000   0.955   0.045
B V  2JOVA                 12    0.116  17.802   0.000   0.001   0.792   0.207
E R  2JOVA                 13    0.582 133.197   0.000   0.010   0.356   0.634
E G  2JOVA                 14    0.722  56.833   0.000   0.010   0.026   0.963
E S  2JOVA                 15    0.312  36.583   0.000   0.055   0.044   0.901
E K  2JOVA                 16    0.838 172.430   0.000   0.042   0.007   0.951
E K  2JOVA                 17    0.730 150.129   0.000   0.056   0.037   0.907
E Y  2JOVA                 18    0.387  82.706   0.000   0.034   0.125   0.841
E N  2JOVA                 19    0.573  83.817   0.000   0.006   0.251   0.743
E V  2JOVA                 20    0.322  49.529   0.000   0.000   0.741   0.259
B V  2JOVA                 21    0.104  16.057   0.000   0.000   0.875   0.125
E P  2JOVA                 22    0.276  39.156   0.000   0.000   0.877   0.123
B V  2JOVA                 23    0.041   6.343   0.000   0.000   0.974   0.026
E K  2JOVA                 24    0.381  78.474   0.000   0.000   0.982   0.018
B S  2JOVA                 25    0.052   6.129   0.000   0.000   0.791   0.209
E N  2JOVA                 26    0.753 110.295   0.000   0.000   0.017   0.983
E K  2JOVA                 27    0.617 127.003   0.000   0.000   0.023   0.977
E P  2JOVA                 28    0.602  85.357   0.000   0.000   0.071   0.929
B V  2JOVA                 29    0.045   6.991   0.000   0.000   0.943   0.057
E E  2JOVA                 30    0.548  95.728   0.000   0.000   0.780   0.220
E I  2JOVA                 31    0.497  91.871   0.000   0.975   0.000   0.025
E S  2JOVA                 32    0.684  80.117   0.000   0.971   0.000   0.029
E K  2JOVA                 33    0.310  63.862   0.000   0.977   0.000   0.023
E W  2JOVA                 34    0.264  63.537   0.000   0.984   0.001   0.015
E I  2JOVA                 35    0.588 108.772   0.000   0.996   0.000   0.004
E D  2JOVA                 36    0.511  73.703   0.000   0.995   0.000   0.005
B F  2JOVA                 37    0.083  16.725   0.000   0.995   0.000   0.005
E S  2JOVA                 38    0.368  43.188   0.000   0.996   0.000   0.004
E N  2JOVA                 39    0.612  89.637   0.000   0.990   0.000   0.010
B V  2JOVA                 40    0.218  33.570   0.000   0.984   0.000   0.016
B L  2JOVA                 41    0.189  34.607   0.000   0.944   0.001   0.055
E S  2JOVA                 42    0.591  69.209   0.000   0.501   0.003   0.495
E R  2JOVA                 43    0.719 164.637   0.000   0.172   0.007   0.821
E L  2JOVA                 44    0.251  45.968   0.000   0.011   0.062   0.927
E Y  2JOVA                 45    0.692 147.850   0.000   0.005   0.443   0.552
B V  2JOVA                 46    0.248  38.077   0.000   0.002   0.297   0.700
E G  2JOVA                 47    0.598  47.032   0.000   0.000   0.047   0.953
E V  2JOVA                 48    0.415  63.776   0.000   0.000   0.006   0.994
E P  2JOVA                 49    0.618  87.634   0.000   0.000   0.009   0.991
B T  2JOVA                 50    0.110  15.201   0.000   0.000   0.324   0.675
E K  2JOVA                 51    0.631 129.876   0.000   0.000   0.120   0.879
E S  2JOVA                 52    0.487  57.131   0.000   0.004   0.005   0.991
E G  2JOVA                 53    0.399  31.398   0.000   0.006   0.004   0.990
E N  2JOVA                 54    0.405  59.259   0.000   0.004   0.048   0.948
E V  2JOVA                 55    0.366  56.263   0.000   0.000   0.979   0.021
B V  2JOVA                 56    0.221  33.942   0.000   0.001   0.975   0.024
B C  2JOVA                 57    0.182  25.618   0.000   0.001   0.963   0.036
E K  2JOVA                 58    0.592 121.680   0.000   0.003   0.770   0.227
E N  2JOVA                 59    0.593  86.744   0.000   0.006   0.170   0.824
B I  2JOVA                 60    0.204  37.772   0.000   0.044   0.116   0.840
E M  2JOVA                 61    0.377  75.512   0.000   0.105   0.014   0.882
E N  2JOVA                 62    0.847 124.043   0.000   0.065   0.003   0.931
E T  2JOVA                 63    0.271  37.648   0.000   0.155   0.030   0.814
E G  2JOVA                 64    0.469  36.886   0.000   0.005   0.045   0.950
B V  2JOVA                 65    0.131  20.113   0.000   0.004   0.097   0.898
E D  2JOVA                 66    0.384  55.322   0.000   0.007   0.490   0.503
B I  2JOVA                 67    0.117  21.674   0.000   0.003   0.934   0.063
B I  2JOVA                 68    0.219  40.423   0.000   0.003   0.973   0.024
B C  2JOVA                 69    0.120  16.868   0.000   0.001   0.957   0.041
B T  2JOVA                 70    0.248  34.410   0.000   0.002   0.769   0.228
E K  2JOVA                 71    0.483  99.414   0.000   0.010   0.219   0.771
E N  2JOVA                 72    0.732 107.196   0.000   0.003   0.063   0.934
E L  2JOVA                 73    0.351  64.357   0.000   0.004   0.050   0.945
E P  2JOVA                 74    0.618  87.749   0.000   0.015   0.029   0.956
E K  2JOVA                 75    0.792 162.917   0.000   0.084   0.008   0.908
E D  2JOVA                 76    0.827 119.213   0.000   0.093   0.002   0.905
E S  2JOVA                 77    0.645  75.545   0.000   0.114   0.003   0.883
E L  2JOVA                 78    0.626 114.561   0.000   0.059   0.003   0.938
E E  2JOVA                 79    0.753 131.596   0.000   0.023   0.003   0.974
E H  2JOVA                 80    0.780 141.921   0.000   0.009   0.000   0.990
E H  2JOVA                 81    0.733 133.283   0.000   0.007   0.001   0.992
E H  2JOVA                 82    0.742 134.921   0.000   0.005   0.001   0.994
E H  2JOVA                 83    0.726 131.995   0.000   0.007   0.001   0.992
E H  2JOVA                 84    0.782 142.208   0.000   0.007   0.002   0.991
E H  2JOVA                 85    0.914 166.186   0.000   0.000   0.000   1.000
