# For publication of results, please cite:
# ...
# ... Michael Schantz Klausen, Martin Closter Jespersen, Henrik Nielsen, Kamilla Kjærgaard Jensen, 
# ... Vanessa Isabell Jurtz, Casper Kaae Sønderby, Morten Otto Alexander Sommer, Ole Winther, 
# ... Morten Nielsen, Bent Petersen, and Paolo Marcatili. 
# ... NetSurfP-2.0: Improved prediction of protein structural features by integrated deep learning.
# ... Proteins: Structure, Function, and Bioinformatics (Feb. 2019).
# ... https://doi.org/10.1002/prot.25674
# ...
#
# Column 1: Class assignment - B for buried or E for Exposed - Threshold: 25% exposure, but not based on RSA
# Column 2: Amino acid
# Column 3: Sequence name
# Column 4: Amino acid number
# Column 5: Relative Surface Accessibility - RSA
# Column 6: Absolute Surface Accessibility
# Column 7: Not used
# Column 8: Probability for Alpha-Helix
# Column 9: Probability for Beta-strand
# Column 10: Probability for Coil
E A  1N2ZB                  1    0.929 102.335   0.000   0.000   0.000   1.000
E A  1N2ZB                  2    0.552  60.864   0.000   0.000   0.001   0.999
E P  1N2ZB                  3    0.355  50.314   0.000   0.000   0.002   0.998
E R  1N2ZB                  4    0.399  91.391   0.000   0.000   0.720   0.280
B V  1N2ZB                  5    0.012   1.852   0.000   0.000   0.998   0.002
B I  1N2ZB                  6    0.003   0.559   0.000   0.000   1.000   0.000
B T  1N2ZB                  7    0.004   0.498   0.000   0.000   0.985   0.015
B L  1N2ZB                  8    0.029   5.305   0.000   0.000   0.243   0.757
B S  1N2ZB                  9    0.064   7.535   0.000   0.001   0.002   0.998
B P  1N2ZB                 10    0.077  10.988   0.000   0.903   0.000   0.096
B A  1N2ZB                 11    0.047   5.225   0.000   0.943   0.000   0.057
B N  1N2ZB                 12    0.019   2.841   0.000   0.980   0.000   0.019
B T  1N2ZB                 13    0.010   1.375   0.000   0.996   0.000   0.004
B E  1N2ZB                 14    0.075  13.185   0.000   0.998   0.000   0.002
B L  1N2ZB                 15    0.021   3.790   0.000   0.999   0.000   0.001
B A  1N2ZB                 16    0.002   0.171   0.000   0.999   0.000   0.001
B F  1N2ZB                 17    0.106  21.253   0.000   0.997   0.000   0.003
B A  1N2ZB                 18    0.145  16.028   0.000   0.954   0.000   0.046
B A  1N2ZB                 19    0.084   9.309   0.000   0.164   0.000   0.836
E G  1N2ZB                 20    0.585  46.068   0.000   0.001   0.000   0.999
B I  1N2ZB                 21    0.066  12.169   0.000   0.000   0.004   0.996
E T  1N2ZB                 22    0.513  71.204   0.000   0.000   0.661   0.339
B P  1N2ZB                 23    0.058   8.279   0.000   0.000   0.732   0.267
B V  1N2ZB                 24    0.074  11.334   0.000   0.000   0.620   0.380
B G  1N2ZB                 25    0.015   1.142   0.000   0.000   0.978   0.022
B V  1N2ZB                 26    0.023   3.558   0.000   0.000   0.977   0.023
B S  1N2ZB                 27    0.047   5.462   0.000   0.005   0.555   0.440
E S  1N2ZB                 28    0.346  40.494   0.000   0.120   0.038   0.842
E Y  1N2ZB                 29    0.390  83.375   0.000   0.325   0.017   0.658
B S  1N2ZB                 30    0.238  27.839   0.000   0.406   0.013   0.581
E D  1N2ZB                 31    0.632  91.021   0.000   0.290   0.012   0.699
B Y  1N2ZB                 32    0.192  41.051   0.000   0.007   0.002   0.991
B P  1N2ZB                 33    0.249  35.301   0.000   0.095   0.000   0.905
E P  1N2ZB                 34    0.645  91.551   0.000   0.822   0.000   0.177
E Q  1N2ZB                 35    0.441  78.700   0.000   0.872   0.001   0.128
B A  1N2ZB                 36    0.053   5.887   0.000   0.932   0.001   0.067
E Q  1N2ZB                 37    0.681 121.658   0.000   0.637   0.002   0.361
E K  1N2ZB                 38    0.750 154.264   0.000   0.396   0.001   0.603
B I  1N2ZB                 39    0.090  16.695   0.000   0.006   0.023   0.971
E E  1N2ZB                 40    0.602 105.130   0.000   0.004   0.431   0.565
E Q  1N2ZB                 41    0.468  83.641   0.000   0.001   0.971   0.028
B V  1N2ZB                 42    0.081  12.451   0.000   0.001   0.884   0.114
B S  1N2ZB                 43    0.139  16.341   0.000   0.001   0.897   0.102
E T  1N2ZB                 44    0.292  40.512   0.000   0.002   0.605   0.393
E W  1N2ZB                 45    0.296  71.268   0.000   0.013   0.055   0.932
E Q  1N2ZB                 46    0.686 122.437   0.000   0.015   0.045   0.940
E G  1N2ZB                 47    0.366  28.793   0.000   0.046   0.192   0.762
B M  1N2ZB                 48    0.101  20.127   0.000   0.006   0.370   0.624
E N  1N2ZB                 49    0.457  66.882   0.000   0.006   0.005   0.990
E L  1N2ZB                 50    0.317  58.021   0.000   0.957   0.000   0.043
E E  1N2ZB                 51    0.876 153.084   0.000   0.993   0.000   0.007
E R  1N2ZB                 52    0.473 108.414   0.000   0.997   0.000   0.003
B I  1N2ZB                 53    0.008   1.440   0.000   0.997   0.000   0.003
E V  1N2ZB                 54    0.359  55.111   0.000   0.990   0.000   0.010
E A  1N2ZB                 55    0.721  79.466   0.000   0.870   0.000   0.130
B L  1N2ZB                 56    0.148  27.061   0.000   0.530   0.000   0.470
E K  1N2ZB                 57    0.752 154.761   0.000   0.000   0.000   1.000
B P  1N2ZB                 58    0.026   3.662   0.000   0.000   0.000   1.000
E D  1N2ZB                 59    0.435  62.691   0.000   0.000   0.000   1.000
B L  1N2ZB                 60    0.031   5.599   0.000   0.000   0.993   0.007
B V  1N2ZB                 61    0.003   0.452   0.000   0.000   1.000   0.000
B I  1N2ZB                 62    0.003   0.572   0.000   0.000   1.000   0.000
B A  1N2ZB                 63    0.003   0.277   0.000   0.000   0.974   0.026
B W  1N2ZB                 64    0.093  22.307   0.000   0.001   0.560   0.439
E R  1N2ZB                 65    0.435  99.715   0.000   0.089   0.029   0.882
E G  1N2ZB                 66    0.507  39.871   0.000   0.109   0.004   0.887
E G  1N2ZB                 67    0.384  30.216   0.000   0.147   0.010   0.843
E N  1N2ZB                 68    0.438  64.191   0.000   0.110   0.004   0.885
B A  1N2ZB                 69    0.148  16.288   0.000   0.615   0.001   0.384
E E  1N2ZB                 70    0.602 105.186   0.000   0.919   0.000   0.080
E R  1N2ZB                 71    0.596 136.414   0.000   0.945   0.000   0.054
B Q  1N2ZB                 72    0.118  21.078   0.000   0.955   0.000   0.045
B V  1N2ZB                 73    0.089  13.673   0.000   0.992   0.000   0.007
E D  1N2ZB                 74    0.661  95.245   0.000   0.998   0.000   0.002
E Q  1N2ZB                 75    0.425  75.952   0.000   0.998   0.000   0.002
B L  1N2ZB                 76    0.007   1.286   0.000   0.996   0.000   0.003
E A  1N2ZB                 77    0.449  49.491   0.000   0.986   0.000   0.014
E S  1N2ZB                 78    0.807  94.589   0.000   0.828   0.000   0.172
E L  1N2ZB                 79    0.296  54.206   0.000   0.138   0.000   0.862
E G  1N2ZB                 80    0.818  64.400   0.000   0.001   0.000   0.999
B I  1N2ZB                 81    0.052   9.593   0.000   0.000   0.004   0.996
E K  1N2ZB                 82    0.559 115.067   0.000   0.000   0.751   0.249
B V  1N2ZB                 83    0.163  25.095   0.000   0.000   0.995   0.005
B M  1N2ZB                 84    0.161  32.136   0.000   0.000   0.995   0.005
E W  1N2ZB                 85    0.342  82.170   0.000   0.000   0.973   0.026
B V  1N2ZB                 86    0.058   8.938   0.000   0.001   0.490   0.509
E D  1N2ZB                 87    0.591  85.159   0.000   0.000   0.058   0.942
B A  1N2ZB                 88    0.076   8.392   0.000   0.006   0.014   0.980
E T  1N2ZB                 89    0.563  78.121   0.000   0.002   0.001   0.997
E S  1N2ZB                 90    0.302  35.354   0.000   0.010   0.007   0.983
B I  1N2ZB                 91    0.116  21.546   0.000   0.977   0.000   0.023
E E  1N2ZB                 92    0.647 113.062   0.000   0.986   0.000   0.014
E Q  1N2ZB                 93    0.325  58.014   0.000   0.990   0.000   0.010
B I  1N2ZB                 94    0.009   1.732   0.000   0.997   0.000   0.003
B A  1N2ZB                 95    0.101  11.145   0.000   0.999   0.000   0.001
E N  1N2ZB                 96    0.503  73.699   0.000   0.996   0.000   0.003
B A  1N2ZB                 97    0.051   5.661   0.000   0.997   0.000   0.003
B L  1N2ZB                 98    0.008   1.376   0.000   0.996   0.000   0.003
E R  1N2ZB                 99    0.442 101.197   0.000   0.986   0.000   0.014
E Q  1N2ZB                100    0.468  83.636   0.000   0.938   0.001   0.061
B L  1N2ZB                101    0.016   2.850   0.000   0.913   0.000   0.087
B A  1N2ZB                102    0.032   3.564   0.000   0.849   0.000   0.151
E P  1N2ZB                103    0.520  73.851   0.000   0.634   0.000   0.365
B W  1N2ZB                104    0.191  45.978   0.000   0.768   0.001   0.231
B S  1N2ZB                105    0.062   7.243   0.000   0.012   0.005   0.983
E P  1N2ZB                106    0.492  69.843   0.000   0.008   0.001   0.991
E Q  1N2ZB                107    0.445  79.404   0.000   0.013   0.000   0.986
E P  1N2ZB                108    0.500  70.887   0.000   0.933   0.000   0.067
E D  1N2ZB                109    0.821 118.332   0.000   0.961   0.000   0.039
E K  1N2ZB                110    0.404  83.008   0.000   0.979   0.000   0.021
B A  1N2ZB                111    0.013   1.378   0.000   0.994   0.000   0.006
E E  1N2ZB                112    0.542  94.674   0.000   0.999   0.000   0.001
E Q  1N2ZB                113    0.601 107.300   0.000   0.999   0.000   0.001
B A  1N2ZB                114    0.043   4.745   0.000   0.999   0.000   0.001
B A  1N2ZB                115    0.052   5.748   0.000   0.998   0.000   0.002
E Q  1N2ZB                116    0.577 102.996   0.000   0.998   0.000   0.002
E S  1N2ZB                117    0.364  42.703   0.000   0.996   0.000   0.004
B L  1N2ZB                118    0.024   4.319   0.000   0.997   0.000   0.003
E L  1N2ZB                119    0.319  58.419   0.000   0.999   0.000   0.001
E D  1N2ZB                120    0.665  95.829   0.000   0.999   0.000   0.001
E Q  1N2ZB                121    0.271  48.418   0.000   0.998   0.000   0.002
B Y  1N2ZB                122    0.103  22.017   0.000   0.998   0.000   0.002
E A  1N2ZB                123    0.485  53.448   0.000   0.999   0.000   0.001
E Q  1N2ZB                124    0.588 104.981   0.000   0.997   0.000   0.003
B L  1N2ZB                125    0.021   3.866   0.000   0.996   0.000   0.004
E K  1N2ZB                126    0.402  82.758   0.000   0.995   0.000   0.005
E A  1N2ZB                127    0.712  78.410   0.000   0.980   0.000   0.020
E Q  1N2ZB                128    0.553  98.793   0.000   0.954   0.000   0.046
B Y  1N2ZB                129    0.137  29.292   0.000   0.478   0.001   0.521
E A  1N2ZB                130    0.571  62.902   0.000   0.092   0.001   0.907
E D  1N2ZB                131    0.930 133.963   0.000   0.066   0.000   0.933
E K  1N2ZB                132    0.432  88.950   0.000   0.003   0.001   0.996
E P  1N2ZB                133    0.685  97.244   0.000   0.001   0.001   0.998
E K  1N2ZB                134    0.540 111.084   0.000   0.004   0.021   0.975
E K  1N2ZB                135    0.380  78.150   0.000   0.001   0.149   0.850
E R  1N2ZB                136    0.300  68.589   0.000   0.001   0.915   0.085
B V  1N2ZB                137    0.009   1.450   0.000   0.000   0.997   0.003
B F  1N2ZB                138    0.008   1.693   0.000   0.000   0.999   0.001
B L  1N2ZB                139    0.005   0.850   0.000   0.000   0.997   0.003
B Q  1N2ZB                140    0.042   7.514   0.000   0.000   0.963   0.037
B F  1N2ZB                141    0.071  14.350   0.000   0.000   0.682   0.317
B G  1N2ZB                142    0.139  10.927   0.000   0.000   0.204   0.795
E I  1N2ZB                143    0.292  54.001   0.000   0.000   0.087   0.912
E N  1N2ZB                144    0.597  87.354   0.000   0.000   0.036   0.964
E P  1N2ZB                145    0.310  44.040   0.000   0.001   0.009   0.990
B P  1N2ZB                146    0.073  10.361   0.000   0.001   0.037   0.961
B F  1N2ZB                147    0.155  31.101   0.000   0.001   0.874   0.125
B T  1N2ZB                148    0.044   6.051   0.000   0.002   0.884   0.114
B S  1N2ZB                149    0.069   8.100   0.000   0.001   0.828   0.171
B G  1N2ZB                150    0.061   4.808   0.000   0.002   0.252   0.746
E K  1N2ZB                151    0.472  97.077   0.000   0.002   0.007   0.990
E E  1N2ZB                152    0.589 102.898   0.000   0.004   0.002   0.994
B S  1N2ZB                153    0.040   4.686   0.000   0.007   0.021   0.972
B I  1N2ZB                154    0.040   7.445   0.000   0.949   0.001   0.050
B Q  1N2ZB                155    0.030   5.303   0.000   0.990   0.000   0.010
B N  1N2ZB                156    0.055   8.093   0.000   0.996   0.000   0.004
B Q  1N2ZB                157    0.207  36.985   0.000   0.999   0.000   0.001
B V  1N2ZB                158    0.005   0.809   0.000   0.999   0.000   0.001
B L  1N2ZB                159    0.011   2.100   0.000   0.999   0.000   0.001
E E  1N2ZB                160    0.539  94.191   0.000   0.996   0.000   0.004
B V  1N2ZB                161    0.214  32.857   0.000   0.944   0.000   0.055
B C  1N2ZB                162    0.030   4.182   0.000   0.075   0.000   0.924
E G  1N2ZB                163    0.417  32.839   0.000   0.003   0.001   0.996
B G  1N2ZB                164    0.069   5.460   0.000   0.002   0.077   0.921
E E  1N2ZB                165    0.558  97.565   0.000   0.000   0.978   0.022
B N  1N2ZB                166    0.106  15.574   0.000   0.000   0.951   0.049
B I  1N2ZB                167    0.052   9.709   0.000   0.085   0.012   0.903
B F  1N2ZB                168    0.067  13.405   0.000   0.186   0.013   0.801
E K  1N2ZB                169    0.593 121.929   0.000   0.211   0.005   0.784
E D  1N2ZB                170    0.735 105.925   0.000   0.161   0.003   0.836
E S  1N2ZB                171    0.279  32.669   0.000   0.016   0.005   0.979
E R  1N2ZB                172    0.811 185.766   0.000   0.007   0.004   0.989
E V  1N2ZB                173    0.324  49.752   0.000   0.001   0.009   0.990
E P  1N2ZB                174    0.586  83.195   0.000   0.001   0.009   0.990
B W  1N2ZB                175    0.199  47.959   0.000   0.002   0.128   0.870
E P  1N2ZB                176    0.263  37.338   0.000   0.002   0.067   0.931
E Q  1N2ZB                177    0.606 108.288   0.000   0.001   0.868   0.132
B V  1N2ZB                178    0.057   8.766   0.000   0.001   0.668   0.332
E S  1N2ZB                179    0.416  48.746   0.000   0.002   0.197   0.801
E R  1N2ZB                180    0.414  94.703   0.000   0.935   0.000   0.065
E E  1N2ZB                181    0.878 153.340   0.000   0.980   0.000   0.020
E Q  1N2ZB                182    0.518  92.537   0.000   0.987   0.000   0.013
B V  1N2ZB                183    0.010   1.552   0.000   0.985   0.000   0.015
E L  1N2ZB                184    0.376  68.838   0.000   0.962   0.000   0.038
E A  1N2ZB                185    0.784  86.429   0.000   0.806   0.000   0.194
E R  1N2ZB                186    0.346  79.273   0.000   0.661   0.000   0.339
E S  1N2ZB                187    0.644  75.444   0.000   0.000   0.000   1.000
B P  1N2ZB                188    0.042   5.996   0.000   0.000   0.000   1.000
E Q  1N2ZB                189    0.475  84.836   0.000   0.000   0.001   0.999
B A  1N2ZB                190    0.032   3.564   0.000   0.000   0.982   0.018
B I  1N2ZB                191    0.005   1.016   0.000   0.000   1.000   0.000
B V  1N2ZB                192    0.004   0.560   0.000   0.000   0.999   0.001
B I  1N2ZB                193    0.005   0.935   0.000   0.000   0.989   0.011
B T  1N2ZB                194    0.065   9.016   0.000   0.000   0.521   0.479
B G  1N2ZB                195    0.182  14.322   0.000   0.002   0.061   0.937
B G  1N2ZB                196    0.217  17.090   0.000   0.014   0.005   0.980
E P  1N2ZB                197    0.473  67.187   0.000   0.632   0.001   0.367
E D  1N2ZB                198    0.802 115.623   0.000   0.618   0.000   0.381
E Q  1N2ZB                199    0.331  59.123   0.000   0.639   0.001   0.359
B I  1N2ZB                200    0.143  26.372   0.000   0.846   0.000   0.153
E P  1N2ZB                201    0.567  80.518   0.000   0.845   0.000   0.155
E K  1N2ZB                202    0.577 118.702   0.000   0.831   0.002   0.167
B I  1N2ZB                203    0.047   8.716   0.000   0.836   0.002   0.163
E K  1N2ZB                204    0.444  91.257   0.000   0.913   0.002   0.085
E Q  1N2ZB                205    0.791 141.259   0.000   0.844   0.001   0.155
E Y  1N2ZB                206    0.360  76.968   0.000   0.808   0.001   0.191
B W  1N2ZB                207    0.073  17.470   0.000   0.674   0.006   0.321
E G  1N2ZB                208    0.401  31.532   0.000   0.495   0.002   0.503
E E  1N2ZB                209    0.797 139.161   0.000   0.512   0.001   0.487
E Q  1N2ZB                210    0.532  95.070   0.000   0.474   0.003   0.524
B L  1N2ZB                211    0.191  35.055   0.000   0.196   0.008   0.796
E K  1N2ZB                212    0.767 157.826   0.000   0.132   0.005   0.862
B I  1N2ZB                213    0.178  32.927   0.000   0.002   0.005   0.994
E P  1N2ZB                214    0.400  56.782   0.000   0.000   0.015   0.985
B V  1N2ZB                215    0.149  22.957   0.000   0.000   0.981   0.019
B I  1N2ZB                216    0.140  25.980   0.000   0.000   0.994   0.006
E P  1N2ZB                217    0.407  57.775   0.000   0.000   0.980   0.020
B L  1N2ZB                218    0.034   6.146   0.000   0.001   0.339   0.660
E T  1N2ZB                219    0.327  45.424   0.000   0.004   0.131   0.864
B S  1N2ZB                220    0.192  22.506   0.000   0.628   0.003   0.369
E D  1N2ZB                221    0.356  51.263   0.000   0.684   0.002   0.314
B W  1N2ZB                222    0.116  27.890   0.000   0.831   0.002   0.167
B F  1N2ZB                223    0.036   7.211   0.000   0.801   0.004   0.194
B E  1N2ZB                224    0.103  18.045   0.000   0.496   0.010   0.493
B R  1N2ZB                225    0.130  29.668   0.000   0.101   0.012   0.886
B A  1N2ZB                226    0.043   4.792   0.000   0.087   0.022   0.891
B S  1N2ZB                227    0.031   3.688   0.000   0.133   0.004   0.863
B P  1N2ZB                228    0.042   5.926   0.000   0.857   0.001   0.142
B R  1N2ZB                229    0.144  32.905   0.000   0.960   0.001   0.039
B I  1N2ZB                230    0.013   2.419   0.000   0.998   0.000   0.002
B I  1N2ZB                231    0.029   5.290   0.000   1.000   0.000   0.000
B L  1N2ZB                232    0.209  38.299   0.000   0.999   0.000   0.001
B A  1N2ZB                233    0.015   1.655   0.000   1.000   0.000   0.000
B A  1N2ZB                234    0.007   0.815   0.000   1.000   0.000   0.000
E Q  1N2ZB                235    0.331  59.182   0.000   1.000   0.000   0.000
E Q  1N2ZB                236    0.319  57.000   0.000   0.999   0.000   0.001
B L  1N2ZB                237    0.018   3.378   0.000   0.999   0.000   0.001
B C  1N2ZB                238    0.047   6.562   0.000   0.999   0.000   0.001
E N  1N2ZB                239    0.586  85.731   0.000   0.989   0.000   0.011
B A  1N2ZB                240    0.218  24.005   0.000   0.971   0.000   0.029
B L  1N2ZB                241    0.105  19.267   0.000   0.821   0.002   0.177
E S  1N2ZB                242    0.488  57.220   0.000   0.306   0.023   0.671
E Q  1N2ZB                243    0.716 127.867   0.000   0.115   0.029   0.856
E V  1N2ZB                244    0.529  81.258   0.000   0.051   0.008   0.942
E D  1N2ZB                245    0.929 133.830   0.000   0.000   0.000   1.000
