# For publication of results, please cite:
# ...
# ... Michael Schantz Klausen, Martin Closter Jespersen, Henrik Nielsen, Kamilla Kjærgaard Jensen, 
# ... Vanessa Isabell Jurtz, Casper Kaae Sønderby, Morten Otto Alexander Sommer, Ole Winther, 
# ... Morten Nielsen, Bent Petersen, and Paolo Marcatili. 
# ... NetSurfP-2.0: Improved prediction of protein structural features by integrated deep learning.
# ... Proteins: Structure, Function, and Bioinformatics (Feb. 2019).
# ... https://doi.org/10.1002/prot.25674
# ...
#
# Column 1: Class assignment - B for buried or E for Exposed - Threshold: 25% exposure, but not based on RSA
# Column 2: Amino acid
# Column 3: Sequence name
# Column 4: Amino acid number
# Column 5: Relative Surface Accessibility - RSA
# Column 6: Absolute Surface Accessibility
# Column 7: Not used
# Column 8: Probability for Alpha-Helix
# Column 9: Probability for Beta-strand
# Column 10: Probability for Coil
E D  3P45J                  1    0.941 135.590   0.000   0.001   0.000   0.999
E A  3P45J                  2    0.800  88.207   0.000   0.059   0.001   0.940
E A  3P45J                  3    0.835  91.966   0.000   0.074   0.002   0.924
E S  3P45J                  4    0.796  93.320   0.000   0.061   0.011   0.929
E V  3P45J                  5    0.729 112.007   0.000   0.021   0.048   0.931
E Y  3P45J                  6    0.661 141.343   0.000   0.013   0.076   0.912
E T  3P45J                  7    0.773 107.198   0.000   0.003   0.112   0.885
E L  3P45J                  8    0.371  67.964   0.000   0.000   0.040   0.960
E P  3P45J                  9    0.531  75.343   0.000   0.003   0.038   0.959
E A  3P45J                 10    0.738  81.287   0.000   0.045   0.006   0.949
E G  3P45J                 11    0.652  51.302   0.000   0.018   0.004   0.978
B A  3P45J                 12    0.187  20.630   0.000   0.002   0.010   0.988
E D  3P45J                 13    0.500  71.987   0.000   0.001   0.026   0.973
E F  3P45J                 14    0.410  82.200   0.000   0.000   0.952   0.048
B L  3P45J                 15    0.095  17.429   0.000   0.000   0.995   0.005
E M  3P45J                 16    0.333  66.712   0.000   0.000   0.994   0.006
B C  3P45J                 17    0.040   5.615   0.000   0.000   0.994   0.006
E Y  3P45J                 18    0.470 100.375   0.000   0.001   0.964   0.036
B S  3P45J                 19    0.074   8.719   0.000   0.000   0.850   0.149
E V  3P45J                 20    0.314  48.318   0.000   0.000   0.602   0.398
B A  3P45J                 21    0.173  19.065   0.000   0.000   0.386   0.614
E E  3P45J                 22    0.813 142.068   0.000   0.002   0.023   0.975
E G  3P45J                 23    0.845  66.506   0.000   0.004   0.003   0.993
E Y  3P45J                 24    0.565 120.802   0.000   0.006   0.409   0.585
E Y  3P45J                 25    0.643 137.318   0.000   0.025   0.550   0.425
B S  3P45J                 26    0.249  29.201   0.000   0.040   0.485   0.475
E H  3P45J                 27    0.481  87.416   0.000   0.031   0.606   0.362
E R  3P45J                 28    0.453 103.838   0.000   0.012   0.591   0.397
E E  3P45J                 29    0.390  68.170   0.000   0.004   0.488   0.508
E T  3P45J                 30    0.620  85.949   0.000   0.100   0.010   0.890
E V  3P45J                 31    0.735 112.899   0.000   0.092   0.009   0.899
E N  3P45J                 32    0.541  79.256   0.000   0.096   0.015   0.888
B G  3P45J                 33    0.183  14.436   0.000   0.012   0.150   0.838
B S  3P45J                 34    0.104  12.158   0.000   0.029   0.346   0.625
B W  3P45J                 35    0.224  53.839   0.000   0.773   0.137   0.090
B Y  3P45J                 36    0.137  29.322   0.000   0.824   0.114   0.062
B I  3P45J                 37    0.093  17.226   0.000   0.989   0.005   0.006
E Q  3P45J                 38    0.403  71.907   0.000   0.998   0.001   0.001
B D  3P45J                 39    0.208  29.981   0.000   0.998   0.001   0.001
B L  3P45J                 40    0.032   5.937   0.000   0.999   0.000   0.001
B C  3P45J                 41    0.155  21.703   0.000   1.000   0.000   0.000
E E  3P45J                 42    0.568  99.263   0.000   0.999   0.000   0.001
B M  3P45J                 43    0.136  27.173   0.000   0.997   0.000   0.003
B L  3P45J                 44    0.062  11.271   0.000   0.991   0.000   0.009
E G  3P45J                 45    0.455  35.813   0.000   0.975   0.000   0.025
E K  3P45J                 46    0.718 147.763   0.000   0.909   0.000   0.091
E Y  3P45J                 47    0.402  85.924   0.000   0.719   0.000   0.280
B G  3P45J                 48    0.141  11.074   0.000   0.635   0.005   0.360
E S  3P45J                 49    0.652  76.450   0.000   0.292   0.005   0.703
E S  3P45J                 50    0.747  87.559   0.000   0.270   0.012   0.719
B L  3P45J                 51    0.240  43.984   0.000   0.013   0.023   0.964
E E  3P45J                 52    0.519  90.740   0.000   0.014   0.150   0.836
E F  3P45J                 53    0.268  53.848   0.000   0.974   0.001   0.026
E T  3P45J                 54    0.516  71.501   0.000   0.996   0.000   0.004
E E  3P45J                 55    0.525  91.659   0.000   0.995   0.000   0.004
B L  3P45J                 56    0.061  11.238   0.000   0.998   0.000   0.002
B L  3P45J                 57    0.208  38.028   0.000   0.998   0.000   0.002
E T  3P45J                 58    0.514  71.276   0.000   0.999   0.000   0.001
E L  3P45J                 59    0.284  51.943   0.000   0.999   0.000   0.001
B V  3P45J                 60    0.024   3.756   0.000   0.999   0.000   0.001
E N  3P45J                 61    0.326  47.738   0.000   0.999   0.000   0.001
E R  3P45J                 62    0.631 144.492   0.000   0.996   0.000   0.004
E K  3P45J                 63    0.365  75.007   0.000   0.990   0.000   0.010
B V  3P45J                 64    0.102  15.614   0.000   0.972   0.002   0.026
E S  3P45J                 65    0.395  46.273   0.000   0.841   0.007   0.152
E Q  3P45J                 66    0.700 125.023   0.000   0.494   0.010   0.495
E R  3P45J                 67    0.503 115.125   0.000   0.319   0.022   0.659
E R  3P45J                 68    0.559 128.072   0.000   0.235   0.091   0.674
E V  3P45J                 69    0.487  74.917   0.000   0.271   0.109   0.619
E D  3P45J                 70    0.684  98.527   0.000   0.248   0.110   0.642
E F  3P45J                 71    0.536 107.534   0.000   0.209   0.084   0.707
E C  3P45J                 72    0.406  57.068   0.000   0.106   0.068   0.826
E K  3P45J                 73    0.781 160.724   0.000   0.092   0.023   0.884
E D  3P45J                 74    0.540  77.764   0.000   0.002   0.015   0.982
E P  3P45J                 75    0.701  99.480   0.000   0.322   0.002   0.676
E S  3P45J                 76    0.737  86.354   0.000   0.276   0.005   0.719
E A  3P45J                 77    0.385  42.402   0.000   0.328   0.023   0.649
E I  3P45J                 78    0.539  99.791   0.000   0.137   0.052   0.811
E G  3P45J                 79    0.549  43.196   0.000   0.055   0.060   0.885
E K  3P45J                 80    0.552 113.508   0.000   0.017   0.186   0.797
E K  3P45J                 81    0.557 114.479   0.000   0.007   0.311   0.682
E Q  3P45J                 82    0.437  78.024   0.000   0.008   0.286   0.706
E V  3P45J                 83    0.449  69.070   0.000   0.001   0.265   0.734
E P  3P45J                 84    0.346  49.128   0.000   0.001   0.534   0.465
E C  3P45J                 85    0.339  47.560   0.000   0.002   0.880   0.118
E F  3P45J                 86    0.468  93.979   0.000   0.003   0.924   0.073
E A  3P45J                 87    0.459  50.588   0.000   0.003   0.943   0.054
E S  3P45J                 88    0.497  58.191   0.000   0.002   0.909   0.089
E M  3P45J                 89    0.554 110.794   0.000   0.004   0.745   0.251
E L  3P45J                 90    0.465  85.146   0.000   0.003   0.634   0.363
E T  3P45J                 91    0.629  87.177   0.000   0.004   0.517   0.479
E K  3P45J                 92    0.593 121.943   0.000   0.005   0.333   0.662
E K  3P45J                 93    0.651 133.961   0.000   0.012   0.243   0.745
E L  3P45J                 94    0.520  95.138   0.000   0.014   0.189   0.797
E H  3P45J                 95    0.685 124.575   0.000   0.013   0.153   0.834
E F  3P45J                 96    0.666 133.638   0.000   0.006   0.103   0.891
E F  3P45J                 97    0.608 122.017   0.000   0.001   0.023   0.976
E P  3P45J                 98    0.697  98.893   0.000   0.009   0.025   0.966
E K  3P45J                 99    0.813 167.172   0.000   0.019   0.007   0.974
E S  3P45J                100    0.863 101.187   0.000   0.020   0.003   0.977
E N  3P45J                101    0.859 125.780   0.000   0.012   0.001   0.987
E R  3P45J                102    0.775 177.408   0.000   0.012   0.002   0.986
E H  3P45J                103    0.810 147.272   0.000   0.006   0.001   0.993
E H  3P45J                104    0.777 141.304   0.000   0.005   0.001   0.994
E H  3P45J                105    0.764 138.898   0.000   0.005   0.001   0.994
E H  3P45J                106    0.747 135.850   0.000   0.006   0.002   0.992
E H  3P45J                107    0.797 144.900   0.000   0.006   0.002   0.992
E H  3P45J                108    0.921 167.470   0.000   0.000   0.000   1.000
