# For publication of results, please cite:
# ...
# ... Michael Schantz Klausen, Martin Closter Jespersen, Henrik Nielsen, Kamilla Kjærgaard Jensen, 
# ... Vanessa Isabell Jurtz, Casper Kaae Sønderby, Morten Otto Alexander Sommer, Ole Winther, 
# ... Morten Nielsen, Bent Petersen, and Paolo Marcatili. 
# ... NetSurfP-2.0: Improved prediction of protein structural features by integrated deep learning.
# ... Proteins: Structure, Function, and Bioinformatics (Feb. 2019).
# ... https://doi.org/10.1002/prot.25674
# ...
#
# Column 1: Class assignment - B for buried or E for Exposed - Threshold: 25% exposure, but not based on RSA
# Column 2: Amino acid
# Column 3: Sequence name
# Column 4: Amino acid number
# Column 5: Relative Surface Accessibility - RSA
# Column 6: Absolute Surface Accessibility
# Column 7: Not used
# Column 8: Probability for Alpha-Helix
# Column 9: Probability for Beta-strand
# Column 10: Probability for Coil
E R  1VCRA                  1    0.895 204.978   0.000   0.000   0.000   1.000
E K  1VCRA                  2    0.766 157.574   0.000   0.009   0.002   0.989
E S  1VCRA                  3    0.727  85.210   0.000   0.013   0.003   0.984
E A  1VCRA                  4    0.705  77.703   0.000   0.044   0.003   0.953
E T  1VCRA                  5    0.707  98.120   0.000   0.031   0.001   0.968
E T  1VCRA                  6    0.708  98.215   0.000   0.042   0.002   0.955
E K  1VCRA                  7    0.697 143.442   0.000   0.046   0.005   0.949
E K  1VCRA                  8    0.672 138.308   0.000   0.048   0.011   0.941
E V  1VCRA                  9    0.589  90.551   0.000   0.051   0.024   0.925
E A  1VCRA                 10    0.561  61.843   0.000   0.080   0.016   0.905
E S  1VCRA                 11    0.661  77.437   0.000   0.079   0.010   0.911
E S  1VCRA                 12    0.735  86.112   0.000   0.046   0.003   0.951
E G  1VCRA                 13    0.724  56.943   0.000   0.011   0.004   0.985
E S  1VCRA                 14    0.253  29.663   0.000   0.006   0.016   0.978
E P  1VCRA                 15    0.655  92.877   0.000   0.240   0.004   0.756
E W  1VCRA                 16    0.433 104.237   0.000   0.198   0.010   0.793
E Y  1VCRA                 17    0.302  64.544   0.000   0.165   0.029   0.806
B G  1VCRA                 18    0.231  18.149   0.000   0.066   0.030   0.904
E P  1VCRA                 19    0.677  96.060   0.000   0.257   0.007   0.735
E D  1VCRA                 20    0.709 102.161   0.000   0.203   0.004   0.794
E R  1VCRA                 21    0.312  71.519   0.000   0.336   0.033   0.631
E V  1VCRA                 22    0.387  59.558   0.000   0.254   0.085   0.661
E K  1VCRA                 23    0.532 109.523   0.000   0.235   0.075   0.690
E Y  1VCRA                 24    0.464  99.114   0.000   0.177   0.057   0.765
E L  1VCRA                 25    0.354  64.854   0.000   0.153   0.034   0.813
E G  1VCRA                 26    0.325  25.610   0.000   0.031   0.048   0.921
E P  1VCRA                 27    0.576  81.681   0.000   0.033   0.010   0.956
E F  1VCRA                 28    0.434  87.053   0.000   0.039   0.027   0.935
E S  1VCRA                 29    0.535  62.705   0.000   0.032   0.047   0.921
E G  1VCRA                 30    0.537  42.277   0.000   0.015   0.026   0.959
E E  1VCRA                 31    0.717 125.321   0.000   0.005   0.038   0.957
E S  1VCRA                 32    0.403  47.235   0.000   0.002   0.012   0.986
B P  1VCRA                 33    0.176  25.016   0.000   0.057   0.005   0.938
E S  1VCRA                 34    0.777  91.073   0.000   0.435   0.002   0.563
E Y  1VCRA                 35    0.488 104.300   0.000   0.315   0.008   0.677
B L  1VCRA                 36    0.128  23.517   0.000   0.192   0.034   0.774
E T  1VCRA                 37    0.486  67.374   0.000   0.019   0.044   0.936
E G  1VCRA                 38    0.322  25.306   0.000   0.006   0.053   0.942
E E  1VCRA                 39    0.655 114.349   0.000   0.003   0.090   0.907
E F  1VCRA                 40    0.306  61.378   0.000   0.001   0.056   0.943
E P  1VCRA                 41    0.400  56.708   0.000   0.006   0.032   0.962
E G  1VCRA                 42    0.370  29.102   0.000   0.020   0.057   0.923
E D  1VCRA                 43    0.269  38.696   0.000   0.024   0.061   0.915
E Y  1VCRA                 44    0.500 106.920   0.000   0.050   0.058   0.892
E G  1VCRA                 45    0.273  21.484   0.000   0.056   0.039   0.906
E W  1VCRA                 46    0.282  67.898   0.000   0.091   0.064   0.845
B D  1VCRA                 47    0.163  23.558   0.000   0.082   0.089   0.829
B T  1VCRA                 48    0.247  34.293   0.000   0.212   0.009   0.779
B A  1VCRA                 49    0.212  23.354   0.000   0.201   0.003   0.796
E G  1VCRA                 50    0.313  24.646   0.000   0.131   0.007   0.862
B L  1VCRA                 51    0.157  28.741   0.000   0.218   0.007   0.774
B S  1VCRA                 52    0.131  15.402   0.000   0.060   0.053   0.887
E A  1VCRA                 53    0.763  84.062   0.000   0.034   0.000   0.965
E D  1VCRA                 54    0.494  71.250   0.000   0.000   0.001   0.999
E P  1VCRA                 55    0.568  80.567   0.000   0.918   0.000   0.082
E E  1VCRA                 56    0.745 130.167   0.000   0.944   0.000   0.055
E T  1VCRA                 57    0.262  36.272   0.000   0.949   0.000   0.050
B F  1VCRA                 58    0.173  34.678   0.000   0.956   0.001   0.043
E S  1VCRA                 59    0.411  48.185   0.000   0.986   0.000   0.014
E K  1VCRA                 60    0.435  89.548   0.000   0.991   0.000   0.009
B N  1VCRA                 61    0.162  23.736   0.000   0.989   0.000   0.011
E R  1VCRA                 62    0.272  62.245   0.000   0.997   0.000   0.003
E E  1VCRA                 63    0.386  67.465   0.000   0.999   0.000   0.001
B L  1VCRA                 64    0.135  24.672   0.000   0.998   0.000   0.002
B E  1VCRA                 65    0.043   7.502   0.000   0.999   0.000   0.001
B V  1VCRA                 66    0.130  20.050   0.000   0.999   0.000   0.001
B I  1VCRA                 67    0.248  45.856   0.000   1.000   0.000   0.000
B H  1VCRA                 68    0.092  16.699   0.000   0.998   0.000   0.002
B S  1VCRA                 69    0.027   3.169   0.000   0.999   0.000   0.001
B R  1VCRA                 70    0.210  48.078   0.000   1.000   0.000   0.000
B W  1VCRA                 71    0.225  54.220   0.000   1.000   0.000   0.000
B A  1VCRA                 72    0.034   3.709   0.000   1.000   0.000   0.000
B M  1VCRA                 73    0.109  21.792   0.000   0.999   0.000   0.001
B L  1VCRA                 74    0.215  39.310   0.000   0.999   0.000   0.001
B G  1VCRA                 75    0.058   4.603   0.000   0.999   0.000   0.001
B A  1VCRA                 76    0.124  13.634   0.000   0.997   0.000   0.003
B L  1VCRA                 77    0.221  40.500   0.000   0.992   0.000   0.008
B G  1VCRA                 78    0.141  11.103   0.000   0.989   0.000   0.011
B C  1VCRA                 79    0.197  27.700   0.000   0.948   0.000   0.051
B V  1VCRA                 80    0.250  38.401   0.000   0.884   0.000   0.116
E F  1VCRA                 81    0.277  55.592   0.000   0.962   0.000   0.038
B P  1VCRA                 82    0.219  31.073   0.000   0.984   0.000   0.016
E E  1VCRA                 83    0.281  49.031   0.000   0.981   0.000   0.019
B L  1VCRA                 84    0.249  45.507   0.000   0.926   0.001   0.073
E L  1VCRA                 85    0.257  46.967   0.000   0.654   0.017   0.329
E S  1VCRA                 86    0.431  50.536   0.000   0.483   0.051   0.466
E R  1VCRA                 87    0.631 144.578   0.000   0.290   0.053   0.657
E N  1VCRA                 88    0.559  81.843   0.000   0.129   0.021   0.850
E G  1VCRA                 89    0.296  23.319   0.000   0.054   0.085   0.861
B V  1VCRA                 90    0.203  31.202   0.000   0.020   0.469   0.511
E K  1VCRA                 91    0.493 101.487   0.000   0.015   0.441   0.544
E F  1VCRA                 92    0.305  61.254   0.000   0.035   0.185   0.780
E G  1VCRA                 93    0.428  33.689   0.000   0.075   0.043   0.882
E E  1VCRA                 94    0.667 116.535   0.000   0.308   0.011   0.681
E A  1VCRA                 95    0.359  39.509   0.000   0.398   0.146   0.456
E V  1VCRA                 96    0.278  42.750   0.000   0.503   0.184   0.313
E W  1VCRA                 97    0.280  67.426   0.000   0.572   0.117   0.311
E F  1VCRA                 98    0.328  65.746   0.000   0.579   0.131   0.291
E K  1VCRA                 99    0.475  97.771   0.000   0.614   0.101   0.285
B A  1VCRA                100    0.211  23.306   0.000   0.662   0.039   0.300
B G  1VCRA                101    0.225  17.712   0.000   0.490   0.019   0.491
E S  1VCRA                102    0.291  34.155   0.000   0.493   0.034   0.472
E Q  1VCRA                103    0.560 100.084   0.000   0.523   0.171   0.306
E I  1VCRA                104    0.314  58.096   0.000   0.486   0.170   0.344
E F  1VCRA                105    0.309  62.003   0.000   0.328   0.155   0.517
E S  1VCRA                106    0.536  62.789   0.000   0.283   0.074   0.643
E E  1VCRA                107    0.717 125.210   0.000   0.245   0.030   0.725
E G  1VCRA                108    0.394  31.035   0.000   0.159   0.032   0.810
E G  1VCRA                109    0.266  20.953   0.000   0.309   0.055   0.635
E L  1VCRA                110    0.339  62.081   0.000   0.324   0.152   0.524
E D  1VCRA                111    0.591  85.137   0.000   0.469   0.066   0.465
E Y  1VCRA                112    0.452  96.562   0.000   0.627   0.023   0.350
E L  1VCRA                113    0.455  83.388   0.000   0.459   0.014   0.527
E G  1VCRA                114    0.623  48.995   0.000   0.162   0.009   0.829
E N  1VCRA                115    0.499  73.051   0.000   0.006   0.021   0.973
E P  1VCRA                116    0.472  66.955   0.000   0.400   0.030   0.570
E S  1VCRA                117    0.504  59.049   0.000   0.594   0.008   0.398
E L  1VCRA                118    0.435  79.683   0.000   0.807   0.008   0.185
E V  1VCRA                119    0.285  43.880   0.000   0.828   0.011   0.161
E H  1VCRA                120    0.461  83.856   0.000   0.855   0.008   0.137
E A  1VCRA                121    0.349  38.483   0.000   0.862   0.007   0.132
E Q  1VCRA                122    0.257  45.858   0.000   0.826   0.011   0.163
B S  1VCRA                123    0.171  20.041   0.000   0.872   0.004   0.124
E I  1VCRA                124    0.311  57.612   0.000   0.981   0.000   0.019
E L  1VCRA                125    0.486  89.054   0.000   0.987   0.000   0.013
B A  1VCRA                126    0.217  23.916   0.000   0.993   0.000   0.007
B I  1VCRA                127    0.178  33.021   0.000   0.995   0.000   0.005
E W  1VCRA                128    0.439 105.619   0.000   0.998   0.000   0.002
E A  1VCRA                129    0.373  41.159   0.000   0.999   0.000   0.001
B T  1VCRA                130    0.167  23.195   0.000   0.998   0.000   0.002
B Q  1VCRA                131    0.213  38.083   0.000   0.999   0.000   0.001
E V  1VCRA                132    0.365  56.072   0.000   0.998   0.000   0.002
E I  1VCRA                133    0.377  69.695   0.000   0.999   0.000   0.001
B L  1VCRA                134    0.217  39.726   0.000   0.998   0.000   0.002
B M  1VCRA                135    0.172  34.331   0.000   0.996   0.000   0.004
B G  1VCRA                136    0.149  11.699   0.000   0.997   0.000   0.003
E A  1VCRA                137    0.387  42.593   0.000   0.997   0.000   0.003
B V  1VCRA                138    0.175  26.864   0.000   0.992   0.000   0.008
B E  1VCRA                139    0.072  12.589   0.000   0.977   0.000   0.023
B G  1VCRA                140    0.241  18.972   0.000   0.966   0.001   0.033
E Y  1VCRA                141    0.420  89.695   0.000   0.936   0.002   0.062
E R  1VCRA                142    0.256  58.658   0.000   0.929   0.003   0.068
E I  1VCRA                143    0.345  63.733   0.000   0.861   0.005   0.134
E A  1VCRA                144    0.468  51.578   0.000   0.409   0.005   0.586
E G  1VCRA                145    0.548  43.102   0.000   0.030   0.008   0.962
B G  1VCRA                146    0.220  17.346   0.000   0.026   0.023   0.951
E P  1VCRA                147    0.540  76.671   0.000   0.019   0.011   0.970
E L  1VCRA                148    0.450  82.406   0.000   0.033   0.036   0.931
E G  1VCRA                149    0.394  30.970   0.000   0.062   0.051   0.886
E E  1VCRA                150    0.628 109.719   0.000   0.045   0.073   0.882
E V  1VCRA                151    0.418  64.316   0.000   0.022   0.171   0.807
E V  1VCRA                152    0.447  68.754   0.000   0.014   0.230   0.755
E D  1VCRA                153    0.408  58.825   0.000   0.005   0.068   0.928
E P  1VCRA                154    0.508  72.024   0.000   0.013   0.007   0.981
E L  1VCRA                155    0.507  92.843   0.000   0.009   0.007   0.984
E Y  1VCRA                156    0.400  85.432   0.000   0.003   0.022   0.975
E P  1VCRA                157    0.410  58.196   0.000   0.018   0.021   0.961
E G  1VCRA                158    0.363  28.541   0.000   0.034   0.034   0.932
E G  1VCRA                159    0.300  23.594   0.000   0.088   0.047   0.865
E S  1VCRA                160    0.448  52.450   0.000   0.119   0.021   0.860
E F  1VCRA                161    0.350  70.291   0.000   0.083   0.023   0.894
B D  1VCRA                162    0.215  30.931   0.000   0.028   0.032   0.940
B P  1VCRA                163    0.241  34.248   0.000   0.126   0.002   0.873
E L  1VCRA                164    0.338  61.833   0.000   0.074   0.001   0.925
E G  1VCRA                165    0.357  28.125   0.000   0.066   0.004   0.931
E L  1VCRA                166    0.277  50.794   0.000   0.089   0.007   0.905
E A  1VCRA                167    0.284  31.304   0.000   0.030   0.016   0.954
E D  1VCRA                168    0.911 131.297   0.000   0.020   0.000   0.979
E D  1VCRA                169    0.533  76.868   0.000   0.001   0.000   0.999
E P  1VCRA                170    0.667  94.687   0.000   0.939   0.000   0.061
E E  1VCRA                171    0.768 134.202   0.000   0.960   0.000   0.040
B A  1VCRA                172    0.205  22.578   0.000   0.972   0.000   0.028
E F  1VCRA                173    0.260  52.185   0.000   0.980   0.000   0.020
E A  1VCRA                174    0.425  46.785   0.000   0.988   0.000   0.011
E E  1VCRA                175    0.545  95.217   0.000   0.991   0.000   0.009
B L  1VCRA                176    0.160  29.366   0.000   0.994   0.000   0.006
E K  1VCRA                177    0.331  68.095   0.000   0.996   0.000   0.004
E V  1VCRA                178    0.430  66.051   0.000   0.999   0.000   0.001
E K  1VCRA                179    0.374  76.958   0.000   0.999   0.000   0.001
B E  1VCRA                180    0.046   8.061   0.000   1.000   0.000   0.000
B L  1VCRA                181    0.231  42.223   0.000   0.998   0.000   0.002
E K  1VCRA                182    0.464  95.532   0.000   0.995   0.000   0.005
B N  1VCRA                183    0.112  16.437   0.000   0.978   0.000   0.022
B G  1VCRA                184    0.036   2.810   0.000   0.993   0.000   0.007
E R  1VCRA                185    0.297  68.084   0.000   0.999   0.000   0.001
E L  1VCRA                186    0.282  51.677   0.000   1.000   0.000   0.000
B A  1VCRA                187    0.039   4.345   0.000   1.000   0.000   0.000
B M  1VCRA                188    0.113  22.547   0.000   1.000   0.000   0.000
E F  1VCRA                189    0.398  79.839   0.000   0.999   0.000   0.001
B S  1VCRA                190    0.142  16.650   0.000   1.000   0.000   0.000
B M  1VCRA                191    0.125  24.931   0.000   0.999   0.000   0.001
E F  1VCRA                192    0.287  57.598   0.000   0.999   0.000   0.001
B G  1VCRA                193    0.188  14.764   0.000   1.000   0.000   0.000
B F  1VCRA                194    0.168  33.634   0.000   0.999   0.000   0.001
B F  1VCRA                195    0.200  40.173   0.000   0.999   0.000   0.001
E V  1VCRA                196    0.296  45.423   0.000   0.999   0.000   0.001
B Q  1VCRA                197    0.141  25.155   0.000   0.999   0.000   0.001
B A  1VCRA                198    0.070   7.742   0.000   0.999   0.000   0.001
E I  1VCRA                199    0.433  80.108   0.000   0.997   0.000   0.003
E V  1VCRA                200    0.505  77.572   0.000   0.992   0.000   0.008
E T  1VCRA                201    0.370  51.255   0.000   0.965   0.000   0.035
E G  1VCRA                202    0.552  43.457   0.000   0.001   0.000   0.999
E K  1VCRA                203    0.500 102.892   0.000   0.007   0.012   0.981
B G  1VCRA                204    0.162  12.772   0.000   0.105   0.009   0.886
B P  1VCRA                205    0.154  21.873   0.000   0.871   0.003   0.126
B L  1VCRA                206    0.238  43.490   0.000   0.955   0.001   0.044
E E  1VCRA                207    0.472  82.488   0.000   0.977   0.000   0.022
E N  1VCRA                208    0.256  37.527   0.000   0.896   0.000   0.104
B L  1VCRA                209    0.225  41.177   0.000   0.887   0.001   0.112
E A  1VCRA                210    0.369  40.667   0.000   0.944   0.000   0.056
E D  1VCRA                211    0.592  85.361   0.000   0.926   0.000   0.074
E H  1VCRA                212    0.315  57.249   0.000   0.811   0.002   0.187
E L  1VCRA                213    0.428  78.448   0.000   0.680   0.009   0.311
E A  1VCRA                214    0.538  59.321   0.000   0.394   0.007   0.599
E D  1VCRA                215    0.341  49.128   0.000   0.014   0.011   0.975
E P  1VCRA                216    0.421  59.684   0.000   0.360   0.004   0.636
E V  1VCRA                217    0.566  86.950   0.000   0.471   0.004   0.525
E N  1VCRA                218    0.508  74.439   0.000   0.624   0.004   0.372
E N  1VCRA                219    0.305  44.644   0.000   0.536   0.017   0.446
E N  1VCRA                220    0.319  46.768   0.000   0.501   0.052   0.447
B A  1VCRA                221    0.236  26.023   0.000   0.861   0.002   0.137
E W  1VCRA                222    0.418 100.453   0.000   0.869   0.001   0.130
E S  1VCRA                223    0.440  51.546   0.000   0.838   0.002   0.160
E Y  1VCRA                224    0.520 111.065   0.000   0.664   0.004   0.332
E A  1VCRA                225    0.389  42.819   0.000   0.444   0.016   0.539
E T  1VCRA                226    0.552  76.511   0.000   0.354   0.019   0.627
E N  1VCRA                227    0.745 109.136   0.000   0.166   0.015   0.819
E F  1VCRA                228    0.622 124.754   0.000   0.157   0.026   0.817
E V  1VCRA                229    0.611  93.944   0.000   0.001   0.019   0.980
E P  1VCRA                230    0.709 100.627   0.000   0.001   0.016   0.983
E G  1VCRA                231    0.871  68.532   0.000   0.001   0.002   0.997
E K  1VCRA                232    0.921 189.405   0.000   0.000   0.000   1.000
