# For publication of results, please cite:
# ...
# ... Michael Schantz Klausen, Martin Closter Jespersen, Henrik Nielsen, Kamilla Kjærgaard Jensen, 
# ... Vanessa Isabell Jurtz, Casper Kaae Sønderby, Morten Otto Alexander Sommer, Ole Winther, 
# ... Morten Nielsen, Bent Petersen, and Paolo Marcatili. 
# ... NetSurfP-2.0: Improved prediction of protein structural features by integrated deep learning.
# ... Proteins: Structure, Function, and Bioinformatics (Feb. 2019).
# ... https://doi.org/10.1002/prot.25674
# ...
#
# Column 1: Class assignment - B for buried or E for Exposed - Threshold: 25% exposure, but not based on RSA
# Column 2: Amino acid
# Column 3: Sequence name
# Column 4: Amino acid number
# Column 5: Relative Surface Accessibility - RSA
# Column 6: Absolute Surface Accessibility
# Column 7: Not used
# Column 8: Probability for Alpha-Helix
# Column 9: Probability for Beta-strand
# Column 10: Probability for Coil
E M  1X0PJ                  1    0.742 148.458   0.000   0.000   0.000   0.999
E G  1X0PJ                  2    0.606  47.720   0.000   0.000   0.016   0.984
E L  1X0PJ                  3    0.268  49.005   0.000   0.002   0.241   0.757
E H  1X0PJ                  4    0.250  45.522   0.000   0.001   0.900   0.099
E R  1X0PJ                  5    0.260  59.603   0.000   0.000   0.984   0.016
B L  1X0PJ                  6    0.034   6.269   0.000   0.000   0.996   0.004
B I  1X0PJ                  7    0.033   6.174   0.000   0.000   0.999   0.001
B Y  1X0PJ                  8    0.026   5.578   0.000   0.000   0.999   0.001
B L  1X0PJ                  9    0.073  13.399   0.000   0.000   0.997   0.003
B S  1X0PJ                 10    0.029   3.397   0.000   0.000   0.966   0.034
B C  1X0PJ                 11    0.240  33.652   0.000   0.001   0.877   0.122
B A  1X0PJ                 12    0.135  14.907   0.000   0.017   0.492   0.491
B T  1X0PJ                 13    0.233  32.311   0.000   0.009   0.288   0.703
E D  1X0PJ                 14    0.781 112.508   0.000   0.010   0.035   0.955
E G  1X0PJ                 15    0.813  64.000   0.000   0.004   0.002   0.994
B L  1X0PJ                 16    0.162  29.595   0.000   0.005   0.018   0.977
E S  1X0PJ                 17    0.496  58.109   0.000   0.004   0.005   0.991
E Y  1X0PJ                 18    0.481 102.828   0.000   0.935   0.000   0.065
E P  1X0PJ                 19    0.554  78.604   0.000   0.909   0.000   0.091
E D  1X0PJ                 20    0.402  57.951   0.000   0.961   0.000   0.038
B L  1X0PJ                 21    0.070  12.771   0.000   0.991   0.000   0.009
E R  1X0PJ                 22    0.550 125.981   0.000   0.995   0.000   0.005
E D  1X0PJ                 23    0.586  84.421   0.000   0.994   0.000   0.006
B I  1X0PJ                 24    0.073  13.490   0.000   0.998   0.000   0.002
B M  1X0PJ                 25    0.133  26.666   0.000   0.998   0.000   0.002
E A  1X0PJ                 26    0.473  52.140   0.000   0.998   0.000   0.002
E K  1X0PJ                 27    0.466  95.928   0.000   0.995   0.000   0.005
B S  1X0PJ                 28    0.018   2.135   0.000   0.995   0.000   0.005
E E  1X0PJ                 29    0.426  74.427   0.000   0.998   0.000   0.002
E V  1X0PJ                 30    0.543  83.473   0.000   0.997   0.000   0.003
B N  1X0PJ                 31    0.220  32.240   0.000   0.988   0.000   0.012
B N  1X0PJ                 32    0.050   7.273   0.000   0.942   0.001   0.056
E L  1X0PJ                 33    0.607 111.155   0.000   0.912   0.000   0.088
E R  1X0PJ                 34    0.727 166.398   0.000   0.800   0.000   0.199
E D  1X0PJ                 35    0.354  50.947   0.000   0.410   0.000   0.590
E G  1X0PJ                 36    0.402  31.615   0.000   0.000   0.001   0.999
B I  1X0PJ                 37    0.029   5.283   0.000   0.000   0.539   0.461
B T  1X0PJ                 38    0.216  30.022   0.000   0.000   0.405   0.595
B G  1X0PJ                 39    0.021   1.665   0.000   0.000   0.989   0.011
B M  1X0PJ                 40    0.015   2.929   0.000   0.000   0.999   0.001
B L  1X0PJ                 41    0.034   6.294   0.000   0.000   0.999   0.001
B C  1X0PJ                 42    0.014   1.970   0.000   0.000   0.999   0.001
B Y  1X0PJ                 43    0.184  39.227   0.000   0.000   0.986   0.014
B G  1X0PJ                 44    0.135  10.625   0.000   0.007   0.839   0.155
E N  1X0PJ                 45    0.693 101.524   0.000   0.009   0.003   0.988
E G  1X0PJ                 46    0.346  27.219   0.000   0.007   0.004   0.989
B M  1X0PJ                 47    0.209  41.800   0.000   0.000   0.981   0.019
B F  1X0PJ                 48    0.035   6.995   0.000   0.000   0.999   0.001
B L  1X0PJ                 49    0.064  11.667   0.000   0.000   0.998   0.002
B Q  1X0PJ                 50    0.041   7.322   0.000   0.000   0.999   0.001
B T  1X0PJ                 51    0.054   7.544   0.000   0.000   0.998   0.002
B L  1X0PJ                 52    0.015   2.827   0.000   0.000   0.999   0.001
B E  1X0PJ                 53    0.111  19.359   0.000   0.000   0.997   0.003
B G  1X0PJ                 54    0.064   5.068   0.000   0.000   0.940   0.060
E D  1X0PJ                 55    0.464  66.810   0.000   0.000   0.338   0.662
E R  1X0PJ                 56    0.471 107.776   0.000   0.992   0.000   0.008
E Q  1X0PJ                 57    0.718 128.178   0.000   0.994   0.000   0.006
E K  1X0PJ                 58    0.360  73.990   0.000   0.998   0.000   0.002
B V  1X0PJ                 59    0.009   1.457   0.000   0.999   0.000   0.001
E S  1X0PJ                 60    0.392  45.907   0.000   0.999   0.000   0.001
E E  1X0PJ                 61    0.567  99.092   0.000   0.999   0.000   0.001
B T  1X0PJ                 62    0.034   4.782   0.000   0.999   0.000   0.001
B Y  1X0PJ                 63    0.120  25.539   0.000   0.999   0.000   0.001
E A  1X0PJ                 64    0.422  46.550   0.000   0.999   0.000   0.001
E R  1X0PJ                 65    0.434  99.468   0.000   0.997   0.000   0.003
B I  1X0PJ                 66    0.013   2.480   0.000   0.996   0.000   0.004
E L  1X0PJ                 67    0.288  52.790   0.000   0.818   0.001   0.182
E K  1X0PJ                 68    0.755 155.342   0.000   0.197   0.000   0.802
B D  1X0PJ                 69    0.177  25.542   0.000   0.000   0.000   0.999
E P  1X0PJ                 70    0.752 106.736   0.000   0.017   0.000   0.983
E R  1X0PJ                 71    0.395  90.539   0.000   0.030   0.003   0.967
B H  1X0PJ                 72    0.102  18.477   0.000   0.039   0.737   0.224
E H  1X0PJ                 73    0.570 103.713   0.000   0.020   0.680   0.300
E S  1X0PJ                 74    0.504  59.042   0.000   0.017   0.669   0.314
B A  1X0PJ                 75    0.110  12.174   0.000   0.001   0.642   0.358
E E  1X0PJ                 76    0.580 101.341   0.000   0.000   0.990   0.010
E I  1X0PJ                 77    0.405  74.987   0.000   0.000   0.998   0.002
E V  1X0PJ                 78    0.323  49.602   0.000   0.001   0.979   0.020
E E  1X0PJ                 79    0.328  57.274   0.000   0.000   0.994   0.006
E F  1X0PJ                 80    0.426  85.494   0.000   0.000   0.958   0.041
E K  1X0PJ                 81    0.466  95.895   0.000   0.000   0.886   0.114
E A  1X0PJ                 82    0.547  60.305   0.000   0.000   0.876   0.124
B I  1X0PJ                 83    0.109  20.119   0.000   0.007   0.502   0.491
E E  1X0PJ                 84    0.772 134.796   0.000   0.008   0.199   0.793
E E  1X0PJ                 85    0.579 101.082   0.000   0.017   0.632   0.351
E R  1X0PJ                 86    0.310  71.026   0.000   0.004   0.533   0.463
E T  1X0PJ                 87    0.476  66.047   0.000   0.006   0.520   0.475
E F  1X0PJ                 88    0.261  52.406   0.000   0.008   0.261   0.731
E I  1X0PJ                 89    0.694 128.477   0.000   0.003   0.017   0.979
E N  1X0PJ                 90    0.699 102.318   0.000   0.005   0.011   0.984
E W  1X0PJ                 91    0.252  60.615   0.000   0.012   0.448   0.540
B S  1X0PJ                 92    0.222  25.965   0.000   0.005   0.619   0.376
B M  1X0PJ                 93    0.130  26.019   0.000   0.001   0.848   0.151
E R  1X0PJ                 94    0.301  68.821   0.000   0.001   0.975   0.024
B L  1X0PJ                 95    0.163  29.819   0.000   0.000   0.985   0.014
B V  1X0PJ                 96    0.081  12.472   0.000   0.000   0.978   0.021
E Q  1X0PJ                 97    0.393  70.224   0.000   0.001   0.938   0.061
B L  1X0PJ                 98    0.195  35.629   0.000   0.439   0.050   0.511
E G  1X0PJ                 99    0.681  53.604   0.000   0.378   0.015   0.606
E E  1X0PJ                100    0.758 132.475   0.000   0.480   0.011   0.509
B M  1X0PJ                101    0.246  49.207   0.000   0.122   0.013   0.865
E D  1X0PJ                102    0.607  87.408   0.000   0.077   0.005   0.918
E S  1X0PJ                103    0.440  51.511   0.000   0.758   0.001   0.241
E D  1X0PJ                104    0.748 107.757   0.000   0.922   0.000   0.077
E T  1X0PJ                105    0.333  46.133   0.000   0.948   0.001   0.051
B I  1X0PJ                106    0.085  15.709   0.000   0.980   0.001   0.019
E R  1X0PJ                107    0.488 111.747   0.000   0.973   0.001   0.026
E R  1X0PJ                108    0.582 133.168   0.000   0.958   0.001   0.041
B L  1X0PJ                109    0.169  30.889   0.000   0.956   0.001   0.043
E R  1X0PJ                110    0.298  68.165   0.000   0.928   0.003   0.069
E L  1X0PJ                111    0.514  94.097   0.000   0.897   0.002   0.102
E K  1X0PJ                112    0.646 132.909   0.000   0.863   0.001   0.136
E Y  1X0PJ                113    0.337  71.999   0.000   0.716   0.003   0.281
B S  1X0PJ                114    0.165  19.382   0.000   0.018   0.010   0.971
E P  1X0PJ                115    0.594  84.229   0.000   0.101   0.004   0.895
E A  1X0PJ                116    0.492  54.249   0.000   0.149   0.009   0.841
E A  1X0PJ                117    0.474  52.278   0.000   0.071   0.005   0.925
E T  1X0PJ                118    0.675  93.650   0.000   0.036   0.050   0.914
B F  1X0PJ                119    0.180  36.215   0.000   0.008   0.057   0.935
E Q  1X0PJ                120    0.430  76.880   0.000   0.001   0.008   0.991
B P  1X0PJ                121    0.097  13.772   0.000   0.851   0.000   0.149
E R  1X0PJ                122    0.508 116.439   0.000   0.788   0.001   0.211
E S  1X0PJ                123    0.601  70.456   0.000   0.739   0.001   0.260
B M  1X0PJ                124    0.087  17.353   0.000   0.006   0.003   0.991
E T  1X0PJ                125    0.464  64.412   0.000   0.001   0.009   0.990
B A  1X0PJ                126    0.234  25.748   0.000   0.989   0.000   0.011
E E  1X0PJ                127    0.653 114.162   0.000   0.992   0.000   0.008
E Q  1X0PJ                128    0.349  62.267   0.000   0.995   0.000   0.004
B C  1X0PJ                129    0.015   2.050   0.000   0.998   0.000   0.002
B F  1X0PJ                130    0.212  42.604   0.000   0.999   0.000   0.001
E R  1X0PJ                131    0.515 117.987   0.000   0.999   0.000   0.001
B F  1X0PJ                132    0.092  18.507   0.000   0.999   0.000   0.001
B L  1X0PJ                133    0.027   4.905   0.000   0.999   0.000   0.001
E K  1X0PJ                134    0.446  91.837   0.000   0.999   0.000   0.001
E E  1X0PJ                135    0.384  67.086   0.000   0.996   0.000   0.004
B L  1X0PJ                136    0.054   9.860   0.000   0.991   0.000   0.009
B Y  1X0PJ                137    0.245  52.362   0.000   0.941   0.002   0.058
E D  1X0PJ                138    0.656  94.600   0.000   0.821   0.001   0.178
E M  1X0PJ                139    0.373  74.578   0.000   0.678   0.001   0.322
E S  1X0PJ                140    0.386  45.276   0.000   0.508   0.003   0.489
E Q  1X0PJ                141    0.763 136.323   0.000   0.213   0.006   0.781
E G  1X0PJ                142    0.835  65.746   0.000   0.037   0.001   0.963
E S  1X0PJ                143    0.922 108.047   0.000   0.000   0.000   1.000
