# For publication of results, please cite:
# ...
# ... Michael Schantz Klausen, Martin Closter Jespersen, Henrik Nielsen, Kamilla Kjærgaard Jensen, 
# ... Vanessa Isabell Jurtz, Casper Kaae Sønderby, Morten Otto Alexander Sommer, Ole Winther, 
# ... Morten Nielsen, Bent Petersen, and Paolo Marcatili. 
# ... NetSurfP-2.0: Improved prediction of protein structural features by integrated deep learning.
# ... Proteins: Structure, Function, and Bioinformatics (Feb. 2019).
# ... https://doi.org/10.1002/prot.25674
# ...
#
# Column 1: Class assignment - B for buried or E for Exposed - Threshold: 25% exposure, but not based on RSA
# Column 2: Amino acid
# Column 3: Sequence name
# Column 4: Amino acid number
# Column 5: Relative Surface Accessibility - RSA
# Column 6: Absolute Surface Accessibility
# Column 7: Not used
# Column 8: Probability for Alpha-Helix
# Column 9: Probability for Beta-strand
# Column 10: Probability for Coil
E S  3BLAB                  1    0.951 111.479   0.000   0.000   0.000   1.000
E A  3BLAB                  2    0.702  77.404   0.000   0.002   0.010   0.988
E P  3BLAB                  3    0.732 103.928   0.000   0.004   0.006   0.990
E V  3BLAB                  4    0.556  85.483   0.000   0.011   0.085   0.904
E R  3BLAB                  5    0.710 162.581   0.000   0.008   0.145   0.847
E L  3BLAB                  6    0.288  52.750   0.000   0.003   0.101   0.895
E P  3BLAB                  7    0.483  68.558   0.000   0.038   0.092   0.870
B F  3BLAB                  8    0.108  21.662   0.000   0.138   0.050   0.812
E S  3BLAB                  9    0.707  82.874   0.000   0.140   0.046   0.814
E G  3BLAB                 10    0.540  42.487   0.000   0.138   0.037   0.824
B F  3BLAB                 11    0.123  24.603   0.000   0.007   0.358   0.635
E R  3BLAB                 12    0.580 132.916   0.000   0.001   0.928   0.071
E L  3BLAB                 13    0.334  61.110   0.000   0.000   0.973   0.026
E Q  3BLAB                 14    0.521  92.972   0.000   0.000   0.992   0.008
E K  3BLAB                 15    0.490 100.820   0.000   0.000   0.996   0.004
E V  3BLAB                 16    0.387  59.548   0.000   0.000   0.995   0.005
E L  3BLAB                 17    0.345  63.165   0.000   0.001   0.975   0.023
E R  3BLAB                 18    0.505 115.742   0.000   0.001   0.993   0.006
E E  3BLAB                 19    0.585 102.184   0.000   0.000   0.994   0.006
E S  3BLAB                 20    0.283  33.202   0.000   0.001   0.929   0.070
E A  3BLAB                 21    0.622  68.592   0.000   0.046   0.001   0.953
E R  3BLAB                 22    0.824 188.704   0.000   0.035   0.000   0.965
E D  3BLAB                 23    0.510  73.524   0.000   0.043   0.002   0.955
E K  3BLAB                 24    0.445  91.551   0.000   0.000   0.005   0.995
B I  3BLAB                 25    0.139  25.721   0.000   0.000   0.970   0.030
B I  3BLAB                 26    0.013   2.357   0.000   0.000   0.998   0.002
B F  3BLAB                 27    0.149  29.965   0.000   0.000   0.995   0.005
B L  3BLAB                 28    0.007   1.249   0.000   0.000   0.999   0.001
B H  3BLAB                 29    0.216  39.234   0.000   0.000   0.997   0.003
B G  3BLAB                 30    0.033   2.567   0.000   0.000   0.994   0.006
E K  3BLAB                 31    0.364  74.814   0.000   0.000   0.992   0.008
B V  3BLAB                 32    0.045   6.918   0.000   0.002   0.851   0.147
E N  3BLAB                 33    0.484  70.790   0.000   0.033   0.311   0.656
E E  3BLAB                 34    0.525  91.724   0.000   0.087   0.169   0.743
E A  3BLAB                 35    0.481  52.963   0.000   0.110   0.073   0.818
E S  3BLAB                 36    0.541  63.382   0.000   0.091   0.047   0.862
E G  3BLAB                 37    0.578  45.452   0.000   0.024   0.014   0.963
E D  3BLAB                 38    0.599  86.262   0.000   0.026   0.024   0.950
E G  3BLAB                 39    0.537  42.243   0.000   0.081   0.019   0.899
E D  3BLAB                 40    0.723 104.202   0.000   0.032   0.013   0.956
E G  3BLAB                 41    0.552  43.441   0.000   0.043   0.030   0.927
E E  3BLAB                 42    0.453  79.092   0.000   0.010   0.198   0.793
E D  3BLAB                 43    0.355  51.220   0.000   0.004   0.631   0.365
B A  3BLAB                 44    0.012   1.317   0.000   0.001   0.933   0.066
B V  3BLAB                 45    0.060   9.284   0.000   0.000   0.988   0.012
B V  3BLAB                 46    0.015   2.292   0.000   0.000   0.997   0.003
B I  3BLAB                 47    0.133  24.646   0.000   0.000   0.998   0.002
B L  3BLAB                 48    0.030   5.539   0.000   0.000   0.990   0.010
E E  3BLAB                 49    0.316  55.266   0.000   0.000   0.856   0.144
E K  3BLAB                 50    0.367  75.468   0.000   0.001   0.283   0.716
E T  3BLAB                 51    0.365  50.683   0.000   0.000   0.099   0.901
E P  3BLAB                 52    0.579  82.194   0.000   0.000   0.041   0.959
B F  3BLAB                 53    0.129  25.922   0.000   0.001   0.092   0.907
E Q  3BLAB                 54    0.609 108.788   0.000   0.001   0.052   0.946
E V  3BLAB                 55    0.429  65.865   0.000   0.937   0.000   0.063
E E  3BLAB                 56    0.746 130.258   0.000   0.961   0.000   0.038
E Q  3BLAB                 57    0.366  65.454   0.000   0.977   0.000   0.023
B V  3BLAB                 58    0.051   7.888   0.000   0.971   0.000   0.029
E A  3BLAB                 59    0.354  39.054   0.000   0.962   0.001   0.037
E Q  3BLAB                 60    0.658 117.566   0.000   0.916   0.001   0.083
B L  3BLAB                 61    0.176  32.296   0.000   0.880   0.001   0.119
B L  3BLAB                 62    0.180  32.956   0.000   0.620   0.020   0.360
E T  3BLAB                 63    0.662  91.883   0.000   0.371   0.021   0.609
E G  3BLAB                 64    0.625  49.158   0.000   0.067   0.007   0.926
E S  3BLAB                 65    0.468  54.800   0.000   0.004   0.017   0.979
E P  3BLAB                 66    0.537  76.157   0.000   0.036   0.024   0.940
E E  3BLAB                 67    0.668 116.742   0.000   0.038   0.347   0.614
E L  3BLAB                 68    0.252  46.221   0.000   0.014   0.585   0.401
E Q  3BLAB                 69    0.625 111.710   0.000   0.003   0.911   0.086
E L  3BLAB                 70    0.441  80.736   0.000   0.003   0.950   0.047
E Q  3BLAB                 71    0.539  96.331   0.000   0.009   0.820   0.171
E F  3BLAB                 72    0.422  84.643   0.000   0.002   0.953   0.046
E S  3BLAB                 73    0.540  63.310   0.000   0.001   0.914   0.085
E N  3BLAB                 74    0.471  68.920   0.000   0.003   0.516   0.480
E D  3BLAB                 75    0.615  88.637   0.000   0.004   0.143   0.854
E I  3BLAB                 76    0.374  69.263   0.000   0.004   0.223   0.773
E Y  3BLAB                 77    0.512 109.394   0.000   0.005   0.610   0.385
E S  3BLAB                 78    0.258  30.276   0.000   0.003   0.864   0.133
E T  3BLAB                 79    0.353  48.897   0.000   0.003   0.943   0.054
B Y  3BLAB                 80    0.177  37.804   0.000   0.002   0.976   0.021
E H  3BLAB                 81    0.326  59.372   0.000   0.003   0.976   0.021
B L  3BLAB                 82    0.053   9.746   0.000   0.002   0.925   0.073
E F  3BLAB                 83    0.348  69.776   0.000   0.001   0.501   0.498
B P  3BLAB                 84    0.149  21.176   0.000   0.003   0.028   0.969
E P  3BLAB                 85    0.260  36.838   0.000   0.053   0.017   0.930
E R  3BLAB                 86    0.674 154.337   0.000   0.532   0.006   0.462
E Q  3BLAB                 87    0.697 124.539   0.000   0.537   0.012   0.451
B L  3BLAB                 88    0.173  31.726   0.000   0.515   0.028   0.457
E N  3BLAB                 89    0.469  68.725   0.000   0.109   0.015   0.876
E D  3BLAB                 90    0.588  84.734   0.000   0.065   0.037   0.897
B V  3BLAB                 91    0.063   9.731   0.000   0.005   0.398   0.597
E K  3BLAB                 92    0.402  82.650   0.000   0.002   0.904   0.095
B T  3BLAB                 93    0.041   5.752   0.000   0.000   0.989   0.011
B T  3BLAB                 94    0.148  20.485   0.000   0.000   0.997   0.003
B V  3BLAB                 95    0.046   7.138   0.000   0.000   0.997   0.003
B V  3BLAB                 96    0.070  10.768   0.000   0.000   0.986   0.014
B Y  3BLAB                 97    0.117  25.080   0.000   0.000   0.782   0.218
B P  3BLAB                 98    0.161  22.909   0.000   0.000   0.741   0.259
B A  3BLAB                 99    0.030   3.259   0.000   0.000   0.084   0.916
E T  3BLAB                100    0.351  48.714   0.000   0.000   0.025   0.975
E E  3BLAB                101    0.651 113.660   0.000   0.983   0.000   0.017
E K  3BLAB                102    0.632 130.083   0.000   0.988   0.000   0.012
B H  3BLAB                103    0.121  21.973   0.000   0.994   0.000   0.006
B L  3BLAB                104    0.088  16.164   0.000   0.981   0.001   0.018
E Q  3BLAB                105    0.551  98.393   0.000   0.956   0.000   0.043
E K  3BLAB                106    0.451  92.726   0.000   0.920   0.000   0.079
B Y  3BLAB                107    0.182  38.949   0.000   0.797   0.003   0.200
E L  3BLAB                108    0.331  60.681   0.000   0.391   0.015   0.595
E R  3BLAB                109    0.705 161.383   0.000   0.142   0.020   0.838
E Q  3BLAB                110    0.267  47.640   0.000   0.006   0.015   0.980
E D  3BLAB                111    0.707 101.895   0.000   0.002   0.101   0.897
B L  3BLAB                112    0.244  44.607   0.000   0.001   0.566   0.433
E R  3BLAB                113    0.314  71.892   0.000   0.001   0.965   0.035
B L  3BLAB                114    0.238  43.507   0.000   0.000   0.972   0.027
B I  3BLAB                115    0.073  13.557   0.000   0.000   0.960   0.040
E R  3BLAB                116    0.467 106.878   0.000   0.001   0.900   0.100
B E  3BLAB                117    0.063  10.936   0.000   0.001   0.531   0.468
E T  3BLAB                118    0.295  40.979   0.000   0.003   0.108   0.890
B G  3BLAB                119    0.193  15.154   0.000   0.954   0.000   0.046
E D  3BLAB                120    0.651  93.837   0.000   0.996   0.000   0.004
B D  3BLAB                121    0.184  26.493   0.000   0.998   0.000   0.002
B Y  3BLAB                122    0.038   8.139   0.000   0.999   0.000   0.001
E R  3BLAB                123    0.476 108.989   0.000   0.999   0.000   0.001
E N  3BLAB                124    0.728 106.603   0.000   0.996   0.000   0.004
B I  3BLAB                125    0.192  35.566   0.000   0.991   0.000   0.009
B T  3BLAB                126    0.012   1.695   0.000   0.975   0.000   0.025
B L  3BLAB                127    0.197  36.092   0.000   0.998   0.000   0.002
E P  3BLAB                128    0.407  57.723   0.000   0.998   0.000   0.001
B H  3BLAB                129    0.204  37.108   0.000   0.997   0.000   0.003
B L  3BLAB                130    0.050   9.118   0.000   0.968   0.001   0.031
E E  3BLAB                131    0.651 113.764   0.000   0.799   0.001   0.200
E S  3BLAB                132    0.642  75.284   0.000   0.450   0.001   0.550
E Q  3BLAB                133    0.453  80.964   0.000   0.095   0.001   0.903
E S  3BLAB                134    0.802  93.962   0.000   0.042   0.003   0.955
E L  3BLAB                135    0.287  52.609   0.000   0.038   0.013   0.949
E S  3BLAB                136    0.482  56.531   0.000   0.024   0.040   0.937
B I  3BLAB                137    0.205  37.843   0.000   0.402   0.020   0.578
E Q  3BLAB                138    0.503  89.845   0.000   0.931   0.003   0.066
B W  3BLAB                139    0.108  26.054   0.000   0.986   0.001   0.013
B V  3BLAB                140    0.029   4.443   0.000   0.995   0.001   0.005
E Y  3BLAB                141    0.257  54.835   0.000   0.993   0.001   0.006
B N  3BLAB                142    0.187  27.401   0.000   0.991   0.001   0.008
B I  3BLAB                143    0.054   9.898   0.000   0.991   0.000   0.008
B L  3BLAB                144    0.098  17.990   0.000   0.965   0.001   0.034
E D  3BLAB                145    0.478  68.843   0.000   0.254   0.001   0.745
E K  3BLAB                146    0.627 129.068   0.000   0.056   0.001   0.943
E K  3BLAB                147    0.606 124.665   0.000   0.047   0.009   0.944
E A  3BLAB                148    0.282  31.033   0.000   0.054   0.042   0.904
E E  3BLAB                149    0.602 105.115   0.000   0.027   0.048   0.925
B A  3BLAB                150    0.191  21.054   0.000   0.557   0.019   0.424
E D  3BLAB                151    0.676  97.463   0.000   0.556   0.038   0.407
E R  3BLAB                152    0.467 106.949   0.000   0.533   0.168   0.298
B I  3BLAB                153    0.212  39.264   0.000   0.006   0.892   0.102
B V  3BLAB                154    0.217  33.336   0.000   0.001   0.931   0.068
B F  3BLAB                155    0.152  30.533   0.000   0.000   0.993   0.006
E E  3BLAB                156    0.498  86.999   0.000   0.000   0.974   0.025
B N  3BLAB                157    0.207  30.376   0.000   0.000   0.392   0.608
E P  3BLAB                158    0.566  80.291   0.000   0.002   0.037   0.961
E D  3BLAB                159    0.357  51.404   0.000   0.001   0.088   0.911
E P  3BLAB                160    0.620  88.034   0.000   0.076   0.002   0.922
E S  3BLAB                161    0.734  86.034   0.000   0.082   0.004   0.914
E D  3BLAB                162    0.385  55.458   0.000   0.149   0.025   0.826
B G  3BLAB                163    0.105   8.226   0.000   0.002   0.067   0.931
B F  3BLAB                164    0.037   7.379   0.000   0.000   0.833   0.167
B V  3BLAB                165    0.013   1.952   0.000   0.000   0.996   0.004
B L  3BLAB                166    0.024   4.476   0.000   0.000   0.996   0.004
B I  3BLAB                167    0.019   3.478   0.000   0.000   0.967   0.033
B P  3BLAB                168    0.100  14.241   0.000   0.001   0.932   0.068
B D  3BLAB                169    0.107  15.433   0.000   0.005   0.310   0.685
B L  3BLAB                170    0.184  33.665   0.000   0.024   0.329   0.647
E K  3BLAB                171    0.415  85.334   0.000   0.028   0.076   0.896
E W  3BLAB                172    0.317  76.269   0.000   0.029   0.058   0.913
E N  3BLAB                173    0.455  66.590   0.000   0.034   0.020   0.945
E Q  3BLAB                174    0.575 102.784   0.000   0.041   0.007   0.952
E Q  3BLAB                175    0.574 102.536   0.000   0.031   0.116   0.853
E Q  3BLAB                176    0.459  81.975   0.000   0.033   0.617   0.350
B L  3BLAB                177    0.233  42.629   0.000   0.384   0.121   0.495
E D  3BLAB                178    0.445  64.190   0.000   0.459   0.096   0.445
E D  3BLAB                179    0.463  66.680   0.000   0.510   0.084   0.406
B L  3BLAB                180    0.048   8.862   0.000   0.033   0.594   0.372
B Y  3BLAB                181    0.106  22.719   0.000   0.004   0.893   0.103
B L  3BLAB                182    0.011   2.054   0.000   0.000   0.996   0.004
B I  3BLAB                183    0.009   1.597   0.000   0.000   0.999   0.001
B A  3BLAB                184    0.002   0.235   0.000   0.000   0.999   0.001
B I  3BLAB                185    0.013   2.341   0.000   0.000   0.995   0.005
B C  3BLAB                186    0.009   1.305   0.000   0.000   0.972   0.028
E H  3BLAB                187    0.318  57.776   0.000   0.013   0.303   0.684
E R  3BLAB                188    0.357  81.711   0.000   0.048   0.263   0.690
E R  3BLAB                189    0.534 122.358   0.000   0.035   0.057   0.909
E G  3BLAB                190    0.585  46.051   0.000   0.003   0.010   0.987
B I  3BLAB                191    0.050   9.284   0.000   0.001   0.048   0.951
E R  3BLAB                192    0.536 122.709   0.000   0.000   0.006   0.994
B S  3BLAB                193    0.108  12.713   0.000   0.001   0.322   0.677
B L  3BLAB                194    0.021   3.912   0.000   0.946   0.000   0.053
E R  3BLAB                195    0.399  91.462   0.000   0.976   0.000   0.024
E D  3BLAB                196    0.352  50.689   0.000   0.970   0.001   0.030
B L  3BLAB                197    0.024   4.433   0.000   0.018   0.006   0.976
E T  3BLAB                198    0.364  50.534   0.000   0.001   0.001   0.998
E P  3BLAB                199    0.579  82.093   0.000   0.891   0.000   0.109
E E  3BLAB                200    0.786 137.308   0.000   0.874   0.000   0.126
B H  3BLAB                201    0.072  13.149   0.000   0.898   0.000   0.102
B L  3BLAB                202    0.158  28.878   0.000   0.996   0.000   0.004
E P  3BLAB                203    0.529  75.072   0.000   0.999   0.000   0.001
B L  3BLAB                204    0.081  14.765   0.000   1.000   0.000   0.000
B L  3BLAB                205    0.009   1.670   0.000   0.999   0.000   0.001
E R  3BLAB                206    0.467 106.835   0.000   0.998   0.000   0.002
E N  3BLAB                207    0.359  52.520   0.000   0.994   0.000   0.006
B I  3BLAB                208    0.011   2.055   0.000   0.999   0.000   0.001
B L  3BLAB                209    0.113  20.684   0.000   0.999   0.000   0.001
E H  3BLAB                210    0.502  91.366   0.000   0.999   0.000   0.001
E Q  3BLAB                211    0.256  45.752   0.000   0.998   0.000   0.002
B G  3BLAB                212    0.002   0.193   0.000   0.999   0.000   0.001
E Q  3BLAB                213    0.283  50.558   0.000   0.999   0.000   0.001
E E  3BLAB                214    0.536  93.602   0.000   0.997   0.000   0.003
B A  3BLAB                215    0.048   5.270   0.000   0.998   0.000   0.002
B I  3BLAB                216    0.011   2.126   0.000   0.994   0.000   0.006
B L  3BLAB                217    0.247  45.252   0.000   0.994   0.000   0.006
E Q  3BLAB                218    0.756 135.088   0.000   0.986   0.000   0.014
E R  3BLAB                219    0.497 113.779   0.000   0.971   0.000   0.029
B Y  3BLAB                220    0.225  48.121   0.000   0.637   0.000   0.363
E R  3BLAB                221    0.826 189.175   0.000   0.001   0.001   0.998
B M  3BLAB                222    0.094  18.734   0.000   0.002   0.023   0.975
E K  3BLAB                223    0.646 132.951   0.000   0.004   0.018   0.978
E G  3BLAB                224    0.331  26.083   0.000   0.825   0.001   0.174
E D  3BLAB                225    0.750 108.118   0.000   0.822   0.002   0.176
E H  3BLAB                226    0.378  68.781   0.000   0.791   0.019   0.191
B L  3BLAB                227    0.026   4.780   0.000   0.003   0.726   0.272
B R  3BLAB                228    0.218  50.029   0.000   0.001   0.971   0.028
B V  3BLAB                229    0.011   1.730   0.000   0.000   0.997   0.003
B Y  3BLAB                230    0.033   7.048   0.000   0.000   0.997   0.002
B L  3BLAB                231    0.014   2.544   0.000   0.000   0.993   0.006
B H  3BLAB                232    0.055  10.008   0.000   0.000   0.971   0.029
B Y  3BLAB                233    0.056  11.878   0.000   0.000   0.827   0.173
B L  3BLAB                234    0.161  29.485   0.000   0.001   0.130   0.869
B P  3BLAB                235    0.231  32.793   0.000   0.016   0.032   0.952
E S  3BLAB                236    0.253  29.685   0.000   0.012   0.210   0.778
B Y  3BLAB                237    0.140  29.823   0.000   0.102   0.194   0.703
E Y  3BLAB                238    0.261  55.694   0.000   0.120   0.116   0.765
B H  3BLAB                239    0.089  16.137   0.000   0.181   0.456   0.363
B L  3BLAB                240    0.010   1.844   0.000   0.034   0.676   0.290
B H  3BLAB                241    0.031   5.587   0.000   0.006   0.924   0.069
B V  3BLAB                242    0.004   0.644   0.000   0.001   0.992   0.007
B H  3BLAB                243    0.019   3.376   0.000   0.001   0.997   0.002
B F  3BLAB                244    0.008   1.668   0.000   0.001   0.995   0.004
B T  3BLAB                245    0.039   5.348   0.000   0.001   0.969   0.030
B A  3BLAB                246    0.052   5.774   0.000   0.002   0.762   0.236
B L  3BLAB                247    0.238  43.594   0.000   0.062   0.133   0.805
E G  3BLAB                248    0.590  46.434   0.000   0.026   0.025   0.949
E F  3BLAB                249    0.255  51.210   0.000   0.032   0.109   0.858
E E  3BLAB                250    0.650 113.509   0.000   0.006   0.062   0.932
B A  3BLAB                251    0.174  19.125   0.000   0.003   0.042   0.954
E P  3BLAB                252    0.406  57.654   0.000   0.040   0.012   0.948
E G  3BLAB                253    0.350  27.529   0.000   0.060   0.034   0.906
E S  3BLAB                254    0.294  34.503   0.000   0.080   0.090   0.831
E G  3BLAB                255    0.398  31.283   0.000   0.078   0.069   0.853
B V  3BLAB                256    0.170  26.180   0.000   0.081   0.196   0.723
E E  3BLAB                257    0.439  76.757   0.000   0.082   0.134   0.784
E R  3BLAB                258    0.298  68.271   0.000   0.083   0.481   0.436
B A  3BLAB                259    0.105  11.580   0.000   0.014   0.784   0.202
B H  3BLAB                260    0.120  21.815   0.000   0.003   0.964   0.032
B L  3BLAB                261    0.191  35.063   0.000   0.002   0.968   0.030
B L  3BLAB                262    0.051   9.407   0.000   0.982   0.001   0.017
E A  3BLAB                263    0.347  38.204   0.000   0.996   0.000   0.003
E E  3BLAB                264    0.400  69.869   0.000   0.998   0.000   0.002
B V  3BLAB                265    0.008   1.192   0.000   0.999   0.000   0.001
B I  3BLAB                266    0.066  12.261   0.000   0.999   0.000   0.001
E E  3BLAB                267    0.578 100.982   0.000   0.997   0.000   0.003
B N  3BLAB                268    0.223  32.612   0.000   0.990   0.000   0.010
B L  3BLAB                269    0.021   3.904   0.000   0.983   0.000   0.017
E E  3BLAB                270    0.579 101.196   0.000   0.933   0.000   0.067
E C  3BLAB                271    0.577  81.016   0.000   0.855   0.000   0.144
E D  3BLAB                272    0.345  49.719   0.000   0.003   0.001   0.995
E P  3BLAB                273    0.488  69.270   0.000   0.531   0.000   0.468
E R  3BLAB                274    0.661 151.334   0.000   0.692   0.001   0.307
B H  3BLAB                275    0.187  34.006   0.000   0.902   0.003   0.095
B Y  3BLAB                276    0.074  15.831   0.000   0.922   0.010   0.068
E Q  3BLAB                277    0.445  79.488   0.000   0.858   0.018   0.124
E Q  3BLAB                278    0.573 102.267   0.000   0.719   0.087   0.194
B R  3BLAB                279    0.234  53.523   0.000   0.113   0.272   0.615
E T  3BLAB                280    0.278  38.625   0.000   0.001   0.862   0.137
B L  3BLAB                281    0.061  11.201   0.000   0.000   0.981   0.019
E T  3BLAB                282    0.305  42.245   0.000   0.000   0.986   0.014
B F  3BLAB                283    0.063  12.705   0.000   0.000   0.992   0.008
B A  3BLAB                284    0.206  22.736   0.000   0.000   0.987   0.013
B L  3BLAB                285    0.027   4.971   0.000   0.000   0.871   0.129
E R  3BLAB                286    0.382  87.375   0.000   0.001   0.621   0.378
E A  3BLAB                287    0.479  52.835   0.000   0.003   0.002   0.995
E D  3BLAB                288    0.878 126.494   0.000   0.003   0.000   0.996
B D  3BLAB                289    0.098  14.150   0.000   0.001   0.002   0.998
E P  3BLAB                290    0.536  76.067   0.000   0.979   0.000   0.020
B L  3BLAB                291    0.052   9.511   0.000   0.992   0.000   0.008
B L  3BLAB                292    0.082  14.994   0.000   0.999   0.000   0.001
E K  3BLAB                293    0.574 118.080   0.000   0.998   0.000   0.002
E L  3BLAB                294    0.270  49.522   0.000   0.992   0.000   0.008
B L  3BLAB                295    0.080  14.610   0.000   0.985   0.000   0.015
E Q  3BLAB                296    0.425  75.923   0.000   0.963   0.001   0.036
E E  3BLAB                297    0.663 115.837   0.000   0.922   0.000   0.078
E A  3BLAB                298    0.377  41.539   0.000   0.794   0.000   0.205
E Q  3BLAB                299    0.501  89.515   0.000   0.669   0.002   0.329
E Q  3BLAB                300    0.778 138.991   0.000   0.350   0.003   0.647
E S  3BLAB                301    0.943 110.471   0.000   0.006   0.000   0.994
