# For publication of results, please cite:
# ...
# ... Michael Schantz Klausen, Martin Closter Jespersen, Henrik Nielsen, Kamilla Kjærgaard Jensen, 
# ... Vanessa Isabell Jurtz, Casper Kaae Sønderby, Morten Otto Alexander Sommer, Ole Winther, 
# ... Morten Nielsen, Bent Petersen, and Paolo Marcatili. 
# ... NetSurfP-2.0: Improved prediction of protein structural features by integrated deep learning.
# ... Proteins: Structure, Function, and Bioinformatics (Feb. 2019).
# ... https://doi.org/10.1002/prot.25674
# ...
#
# Column 1: Class assignment - B for buried or E for Exposed - Threshold: 25% exposure, but not based on RSA
# Column 2: Amino acid
# Column 3: Sequence name
# Column 4: Amino acid number
# Column 5: Relative Surface Accessibility - RSA
# Column 6: Absolute Surface Accessibility
# Column 7: Not used
# Column 8: Probability for Alpha-Helix
# Column 9: Probability for Beta-strand
# Column 10: Probability for Coil
E M  1LQKB                  1    0.886 177.286   0.000   0.001   0.000   0.999
E L  1LQKB                  2    0.803 147.094   0.000   0.003   0.014   0.984
E T  1LQKB                  3    0.853 118.292   0.000   0.001   0.023   0.975
E G  1LQKB                  4    0.690  54.297   0.000   0.001   0.037   0.963
E L  1LQKB                  5    0.773 141.501   0.000   0.001   0.056   0.943
E N  1LQKB                  6    0.699 102.271   0.000   0.001   0.080   0.919
E H  1LQKB                  7    0.652 118.677   0.000   0.000   0.622   0.378
E L  1LQKB                  8    0.400  73.304   0.000   0.001   0.899   0.100
E T  1LQKB                  9    0.511  70.895   0.000   0.000   0.980   0.020
B L  1LQKB                 10    0.141  25.792   0.000   0.000   0.981   0.019
E A  1LQKB                 11    0.353  38.889   0.000   0.000   0.980   0.020
B V  1LQKB                 12    0.032   4.888   0.000   0.000   0.540   0.460
E A  1LQKB                 13    0.592  65.219   0.000   0.000   0.001   0.999
E D  1LQKB                 14    0.526  75.824   0.000   0.000   0.000   0.999
B L  1LQKB                 15    0.122  22.380   0.000   0.997   0.000   0.003
E P  1LQKB                 16    0.567  80.498   0.000   0.998   0.000   0.002
E A  1LQKB                 17    0.374  41.265   0.000   0.997   0.000   0.003
B S  1LQKB                 18    0.021   2.403   0.000   0.996   0.000   0.004
B I  1LQKB                 19    0.124  22.860   0.000   0.997   0.000   0.003
E A  1LQKB                 20    0.406  44.706   0.000   0.997   0.000   0.003
B F  1LQKB                 21    0.125  25.023   0.000   0.999   0.000   0.001
B Y  1LQKB                 22    0.029   6.274   0.000   0.998   0.000   0.002
E R  1LQKB                 23    0.476 108.984   0.000   0.994   0.000   0.006
E D  1LQKB                 24    0.727 104.691   0.000   0.993   0.000   0.007
B L  1LQKB                 25    0.220  40.362   0.000   0.946   0.000   0.054
B L  1LQKB                 26    0.081  14.800   0.000   0.503   0.000   0.497
E G  1LQKB                 27    0.465  36.609   0.000   0.001   0.001   0.998
B F  1LQKB                 28    0.137  27.494   0.000   0.001   0.050   0.949
E R  1LQKB                 29    0.649 148.592   0.000   0.001   0.769   0.230
E L  1LQKB                 30    0.372  68.039   0.000   0.001   0.938   0.061
E E  1LQKB                 31    0.581 101.441   0.000   0.002   0.898   0.100
E A  1LQKB                 32    0.387  42.661   0.000   0.001   0.980   0.019
E R  1LQKB                 33    0.594 136.051   0.000   0.001   0.972   0.027
E W  1LQKB                 34    0.399  96.057   0.000   0.006   0.674   0.320
E D  1LQKB                 35    0.895 129.030   0.000   0.013   0.010   0.977
E Q  1LQKB                 36    0.629 112.311   0.000   0.004   0.004   0.992
B G  1LQKB                 37    0.113   8.918   0.000   0.000   0.911   0.089
B A  1LQKB                 38    0.035   3.868   0.000   0.000   0.990   0.010
E Y  1LQKB                 39    0.278  59.349   0.000   0.000   0.997   0.003
B L  1LQKB                 40    0.041   7.435   0.000   0.000   0.998   0.002
E E  1LQKB                 41    0.476  83.119   0.000   0.000   0.995   0.005
B L  1LQKB                 42    0.200  36.687   0.000   0.001   0.956   0.043
E G  1LQKB                 43    0.762  59.930   0.000   0.004   0.004   0.991
E S  1LQKB                 44    0.804  94.188   0.000   0.002   0.000   0.997
B L  1LQKB                 45    0.211  38.653   0.000   0.000   0.942   0.058
E W  1LQKB                 46    0.292  70.168   0.000   0.000   0.994   0.006
B L  1LQKB                 47    0.082  14.936   0.000   0.000   0.997   0.003
B C  1LQKB                 48    0.107  14.986   0.000   0.000   0.999   0.001
B L  1LQKB                 49    0.089  16.340   0.000   0.000   0.991   0.008
B S  1LQKB                 50    0.143  16.811   0.000   0.000   0.982   0.018
E R  1LQKB                 51    0.385  88.266   0.000   0.002   0.779   0.219
E E  1LQKB                 52    0.340  59.378   0.000   0.018   0.124   0.858
E P  1LQKB                 53    0.547  77.551   0.000   0.290   0.017   0.693
E Q  1LQKB                 54    0.753 134.500   0.000   0.252   0.013   0.735
E Y  1LQKB                 55    0.595 127.112   0.000   0.183   0.015   0.802
E G  1LQKB                 56    0.705  55.513   0.000   0.018   0.007   0.975
E G  1LQKB                 57    0.387  30.430   0.000   0.051   0.024   0.925
E P  1LQKB                 58    0.680  96.464   0.000   0.074   0.012   0.914
E A  1LQKB                 59    0.579  63.788   0.000   0.111   0.012   0.877
E A  1LQKB                 60    0.633  69.810   0.000   0.101   0.014   0.885
E D  1LQKB                 61    0.800 115.312   0.000   0.054   0.010   0.936
E Y  1LQKB                 62    0.730 156.083   0.000   0.013   0.028   0.959
E T  1LQKB                 63    0.691  95.855   0.000   0.003   0.023   0.975
E H  1LQKB                 64    0.662 120.335   0.000   0.001   0.233   0.766
E Y  1LQKB                 65    0.475 101.491   0.000   0.001   0.628   0.371
E A  1LQKB                 66    0.587  64.706   0.000   0.000   0.869   0.131
E F  1LQKB                 67    0.333  66.852   0.000   0.000   0.952   0.048
E G  1LQKB                 68    0.584  45.942   0.000   0.000   0.970   0.030
B I  1LQKB                 69    0.222  41.128   0.000   0.000   0.922   0.078
E A  1LQKB                 70    0.625  68.872   0.000   0.000   0.857   0.143
B A  1LQKB                 71    0.110  12.086   0.000   0.005   0.194   0.801
E A  1LQKB                 72    0.783  86.314   0.000   0.005   0.001   0.994
E D  1LQKB                 73    0.552  79.570   0.000   0.004   0.002   0.994
B F  1LQKB                 74    0.119  23.875   0.000   0.977   0.000   0.023
E A  1LQKB                 75    0.530  58.394   0.000   0.997   0.000   0.003
E R  1LQKB                 76    0.611 139.901   0.000   0.998   0.000   0.002
B F  1LQKB                 77    0.050   9.997   0.000   0.999   0.000   0.001
B A  1LQKB                 78    0.116  12.790   0.000   1.000   0.000   0.000
E A  1LQKB                 79    0.490  54.035   0.000   1.000   0.000   0.000
E Q  1LQKB                 80    0.489  87.354   0.000   0.999   0.000   0.001
B L  1LQKB                 81    0.019   3.391   0.000   0.999   0.000   0.001
E R  1LQKB                 82    0.584 133.650   0.000   0.997   0.000   0.003
E A  1LQKB                 83    0.778  85.704   0.000   0.926   0.000   0.074
E H  1LQKB                 84    0.491  89.238   0.000   0.063   0.000   0.937
E G  1LQKB                 85    0.657  51.728   0.000   0.001   0.000   0.998
B V  1LQKB                 86    0.109  16.735   0.000   0.001   0.018   0.982
E R  1LQKB                 87    0.664 151.968   0.000   0.004   0.474   0.522
E E  1LQKB                 88    0.530  92.538   0.000   0.010   0.737   0.253
E W  1LQKB                 89    0.356  85.533   0.000   0.008   0.603   0.389
E K  1LQKB                 90    0.571 117.535   0.000   0.011   0.770   0.219
E Q  1LQKB                 91    0.573 102.324   0.000   0.017   0.577   0.406
E N  1LQKB                 92    0.511  74.830   0.000   0.022   0.469   0.509
E R  1LQKB                 93    0.552 126.345   0.000   0.109   0.138   0.753
E S  1LQKB                 94    0.692  81.089   0.000   0.132   0.036   0.832
E E  1LQKB                 95    0.575 100.501   0.000   0.115   0.034   0.851
B G  1LQKB                 96    0.180  14.151   0.000   0.015   0.438   0.547
E D  1LQKB                 97    0.262  37.748   0.000   0.006   0.595   0.399
B S  1LQKB                 98    0.077   9.074   0.000   0.000   0.963   0.037
B F  1LQKB                 99    0.027   5.389   0.000   0.000   0.998   0.002
B Y  1LQKB                100    0.236  50.493   0.000   0.000   0.999   0.001
B F  1LQKB                101    0.019   3.807   0.000   0.000   0.999   0.001
E L  1LQKB                102    0.253  46.247   0.000   0.000   0.995   0.005
B D  1LQKB                103    0.045   6.516   0.000   0.000   0.012   0.988
E P  1LQKB                104    0.395  56.001   0.000   0.009   0.001   0.991
E D  1LQKB                105    0.285  41.046   0.000   0.009   0.000   0.991
E G  1LQKB                106    0.376  29.605   0.000   0.003   0.004   0.993
B H  1LQKB                107    0.176  31.946   0.000   0.000   0.008   0.991
E R  1LQKB                108    0.353  80.926   0.000   0.000   0.994   0.006
B L  1LQKB                109    0.025   4.564   0.000   0.000   0.999   0.001
B E  1LQKB                110    0.132  23.099   0.000   0.000   0.999   0.001
B A  1LQKB                111    0.035   3.877   0.000   0.000   0.996   0.003
B H  1LQKB                112    0.150  27.267   0.000   0.000   0.995   0.005
B V  1LQKB                113    0.199  30.639   0.000   0.004   0.865   0.131
E G  1LQKB                114    0.307  24.163   0.000   0.081   0.217   0.702
E D  1LQKB                115    0.635  91.485   0.000   0.088   0.049   0.864
E L  1LQKB                116    0.310  56.688   0.000   0.620   0.011   0.369
E R  1LQKB                117    0.647 148.233   0.000   0.710   0.008   0.282
E S  1LQKB                118    0.486  57.018   0.000   0.700   0.011   0.289
E R  1LQKB                119    0.456 104.336   0.000   0.754   0.015   0.231
E L  1LQKB                120    0.280  51.301   0.000   0.742   0.016   0.242
E A  1LQKB                121    0.565  62.264   0.000   0.737   0.013   0.250
E A  1LQKB                122    0.536  59.102   0.000   0.694   0.011   0.294
E C  1LQKB                123    0.285  40.026   0.000   0.522   0.020   0.458
E R  1LQKB                124    0.612 140.078   0.000   0.422   0.047   0.531
E Q  1LQKB                125    0.781 139.452   0.000   0.304   0.031   0.665
E A  1LQKB                126    0.369  40.639   0.000   0.048   0.022   0.930
E P  1LQKB                127    0.649  92.025   0.000   0.072   0.014   0.914
E Y  1LQKB                128    0.561 119.858   0.000   0.096   0.049   0.854
E A  1LQKB                129    0.624  68.713   0.000   0.052   0.045   0.903
E G  1LQKB                130    0.708  55.756   0.000   0.032   0.024   0.944
E M  1LQKB                131    0.538 107.726   0.000   0.018   0.077   0.905
E R  1LQKB                132    0.727 166.550   0.000   0.017   0.112   0.870
E F  1LQKB                133    0.637 127.872   0.000   0.023   0.034   0.943
E A  1LQKB                134    0.758  83.478   0.000   0.014   0.015   0.971
E D  1LQKB                135    0.957 137.920   0.000   0.001   0.000   0.999
