# For publication of results, please cite:
# ...
# ... Michael Schantz Klausen, Martin Closter Jespersen, Henrik Nielsen, Kamilla Kjærgaard Jensen, 
# ... Vanessa Isabell Jurtz, Casper Kaae Sønderby, Morten Otto Alexander Sommer, Ole Winther, 
# ... Morten Nielsen, Bent Petersen, and Paolo Marcatili. 
# ... NetSurfP-2.0: Improved prediction of protein structural features by integrated deep learning.
# ... Proteins: Structure, Function, and Bioinformatics (Feb. 2019).
# ... https://doi.org/10.1002/prot.25674
# ...
#
# Column 1: Class assignment - B for buried or E for Exposed - Threshold: 25% exposure, but not based on RSA
# Column 2: Amino acid
# Column 3: Sequence name
# Column 4: Amino acid number
# Column 5: Relative Surface Accessibility - RSA
# Column 6: Absolute Surface Accessibility
# Column 7: Not used
# Column 8: Probability for Alpha-Helix
# Column 9: Probability for Beta-strand
# Column 10: Probability for Coil
E M  1XBAA                  1    0.819 163.819   0.000   0.000   0.000   1.000
E A  1XBAA                  2    0.855  94.169   0.000   0.001   0.001   0.999
E L  1XBAA                  3    0.553 101.337   0.000   0.011   0.009   0.980
E E  1XBAA                  4    0.724 126.455   0.000   0.016   0.048   0.936
E E  1XBAA                  5    0.686 119.821   0.000   0.022   0.228   0.750
B I  1XBAA                  6    0.232  42.920   0.000   0.004   0.112   0.885
E R  1XBAA                  7    0.616 141.028   0.000   0.001   0.033   0.966
E P  1XBAA                  8    0.261  37.071   0.000   0.118   0.047   0.835
E K  1XBAA                  9    0.608 124.981   0.000   0.099   0.118   0.783
E E  1XBAA                 10    0.460  80.346   0.000   0.147   0.592   0.262
B V  1XBAA                 11    0.122  18.818   0.000   0.012   0.821   0.166
E Y  1XBAA                 12    0.412  87.969   0.000   0.005   0.884   0.111
B L  1XBAA                 13    0.174  31.823   0.000   0.006   0.806   0.188
E D  1XBAA                 14    0.424  61.078   0.000   0.008   0.593   0.399
E R  1XBAA                 15    0.501 114.622   0.000   0.414   0.160   0.427
E K  1XBAA                 16    0.624 128.386   0.000   0.383   0.194   0.423
B L  1XBAA                 17    0.246  45.039   0.000   0.496   0.258   0.246
B L  1XBAA                 18    0.097  17.814   0.000   0.050   0.784   0.166
E T  1XBAA                 19    0.400  55.539   0.000   0.007   0.936   0.057
B L  1XBAA                 20    0.186  34.123   0.000   0.006   0.911   0.083
E E  1XBAA                 21    0.618 107.963   0.000   0.019   0.394   0.587
E D  1XBAA                 22    0.814 117.275   0.000   0.019   0.228   0.753
E K  1XBAA                 23    0.548 112.726   0.000   0.001   0.967   0.032
E E  1XBAA                 24    0.577 100.733   0.000   0.000   0.997   0.003
B L  1XBAA                 25    0.236  43.183   0.000   0.001   0.968   0.032
B G  1XBAA                 26    0.211  16.579   0.000   0.000   0.996   0.004
E S  1XBAA                 27    0.624  73.153   0.000   0.000   0.993   0.007
E G  1XBAA                 28    0.438  34.507   0.000   0.001   0.844   0.154
E N  1XBAA                 29    0.811 118.783   0.000   0.002   0.037   0.962
E F  1XBAA                 30    0.382  76.661   0.000   0.002   0.036   0.962
B G  1XBAA                 31    0.156  12.269   0.000   0.000   0.881   0.119
B T  1XBAA                 32    0.211  29.215   0.000   0.000   0.982   0.018
B V  1XBAA                 33    0.036   5.577   0.000   0.000   0.997   0.003
B K  1XBAA                 34    0.145  29.904   0.000   0.000   0.998   0.001
E K  1XBAA                 35    0.269  55.316   0.000   0.000   0.995   0.005
B G  1XBAA                 36    0.017   1.340   0.000   0.000   0.992   0.008
E Y  1XBAA                 37    0.312  66.702   0.000   0.000   0.985   0.015
B Y  1XBAA                 38    0.095  20.313   0.000   0.001   0.950   0.049
E Q  1XBAA                 39    0.480  85.740   0.000   0.014   0.508   0.479
E M  1XBAA                 40    0.414  82.912   0.000   0.017   0.372   0.611
E K  1XBAA                 41    0.617 126.951   0.000   0.059   0.079   0.861
E K  1XBAA                 42    0.791 162.744   0.000   0.035   0.025   0.940
E V  1XBAA                 43    0.445  68.367   0.000   0.019   0.266   0.715
E V  1XBAA                 44    0.456  70.060   0.000   0.004   0.627   0.369
E K  1XBAA                 45    0.396  81.524   0.000   0.002   0.746   0.252
E T  1XBAA                 46    0.323  44.737   0.000   0.000   0.941   0.059
B V  1XBAA                 47    0.025   3.903   0.000   0.000   0.992   0.008
B A  1XBAA                 48    0.012   1.283   0.000   0.000   0.997   0.003
B V  1XBAA                 49    0.008   1.230   0.000   0.000   0.997   0.003
B K  1XBAA                 50    0.083  17.054   0.000   0.000   0.997   0.003
B I  1XBAA                 51    0.070  12.864   0.000   0.000   0.987   0.013
B L  1XBAA                 52    0.064  11.746   0.000   0.003   0.847   0.150
E K  1XBAA                 53    0.378  77.731   0.000   0.025   0.361   0.614
E N  1XBAA                 54    0.500  73.209   0.000   0.141   0.029   0.830
E E  1XBAA                 55    0.671 117.255   0.000   0.189   0.009   0.802
E A  1XBAA                 56    0.355  39.147   0.000   0.085   0.003   0.912
E N  1XBAA                 57    0.698 102.234   0.000   0.055   0.001   0.944
E D  1XBAA                 58    0.436  62.827   0.000   0.013   0.001   0.986
E P  1XBAA                 59    0.685  97.227   0.000   0.888   0.000   0.112
E A  1XBAA                 60    0.556  61.218   0.000   0.910   0.001   0.089
B L  1XBAA                 61    0.117  21.474   0.000   0.955   0.000   0.044
E K  1XBAA                 62    0.316  65.015   0.000   0.983   0.000   0.016
E D  1XBAA                 63    0.644  92.805   0.000   0.994   0.000   0.006
E E  1XBAA                 64    0.370  64.710   0.000   0.996   0.000   0.004
B L  1XBAA                 65    0.013   2.293   0.000   0.998   0.000   0.002
E L  1XBAA                 66    0.256  46.957   0.000   0.999   0.000   0.001
E A  1XBAA                 67    0.332  36.608   0.000   0.999   0.000   0.001
B E  1XBAA                 68    0.038   6.677   0.000   0.999   0.000   0.001
B A  1XBAA                 69    0.021   2.348   0.000   0.999   0.000   0.001
E N  1XBAA                 70    0.502  73.560   0.000   0.997   0.000   0.003
B V  1XBAA                 71    0.126  19.377   0.000   0.993   0.000   0.006
B M  1XBAA                 72    0.023   4.538   0.000   0.982   0.000   0.018
E Q  1XBAA                 73    0.462  82.558   0.000   0.644   0.001   0.355
E Q  1XBAA                 74    0.609 108.779   0.000   0.339   0.000   0.661
B L  1XBAA                 75    0.084  15.300   0.000   0.044   0.003   0.953
E D  1XBAA                 76    0.826 118.960   0.000   0.003   0.005   0.991
B N  1XBAA                 77    0.137  20.080   0.000   0.000   0.011   0.988
E P  1XBAA                 78    0.639  90.688   0.000   0.002   0.000   0.998
B Y  1XBAA                 79    0.155  33.146   0.000   0.004   0.002   0.995
B I  1XBAA                 80    0.029   5.334   0.000   0.001   0.903   0.096
B V  1XBAA                 81    0.061   9.394   0.000   0.000   0.065   0.935
E R  1XBAA                 82    0.403  92.270   0.000   0.001   0.022   0.977
B M  1XBAA                 83    0.070  13.970   0.000   0.000   0.968   0.032
B I  1XBAA                 84    0.244  45.213   0.000   0.000   0.992   0.008
B G  1XBAA                 85    0.081   6.371   0.000   0.000   0.998   0.002
B I  1XBAA                 86    0.141  26.166   0.000   0.000   0.998   0.002
B C  1XBAA                 87    0.114  15.953   0.000   0.000   0.984   0.016
E E  1XBAA                 88    0.438  76.494   0.000   0.005   0.807   0.189
E A  1XBAA                 89    0.293  32.290   0.000   0.022   0.165   0.813
E E  1XBAA                 90    0.767 133.933   0.000   0.005   0.011   0.985
E S  1XBAA                 91    0.344  40.323   0.000   0.004   0.022   0.974
B W  1XBAA                 92    0.132  31.667   0.000   0.001   0.899   0.101
B M  1XBAA                 93    0.013   2.601   0.000   0.000   0.998   0.002
B L  1XBAA                 94    0.011   1.933   0.000   0.000   0.999   0.001
B V  1XBAA                 95    0.011   1.708   0.000   0.000   0.999   0.001
B M  1XBAA                 96    0.032   6.477   0.000   0.001   0.991   0.008
B E  1XBAA                 97    0.212  37.025   0.000   0.001   0.942   0.057
B M  1XBAA                 98    0.178  35.641   0.000   0.006   0.148   0.846
B A  1XBAA                 99    0.040   4.371   0.000   0.004   0.084   0.911
E E  1XBAA                100    0.616 107.576   0.000   0.011   0.021   0.969
E L  1XBAA                101    0.323  59.079   0.000   0.033   0.077   0.890
B G  1XBAA                102    0.161  12.672   0.000   0.012   0.338   0.649
B P  1XBAA                103    0.200  28.411   0.000   0.013   0.489   0.498
B L  1XBAA                104    0.015   2.781   0.000   0.978   0.000   0.022
E N  1XBAA                105    0.271  39.623   0.000   0.995   0.000   0.005
E K  1XBAA                106    0.447  92.003   0.000   0.996   0.000   0.004
B Y  1XBAA                107    0.088  18.840   0.000   0.994   0.000   0.006
B L  1XBAA                108    0.083  15.214   0.000   0.957   0.001   0.043
E Q  1XBAA                109    0.627 112.015   0.000   0.872   0.001   0.127
E Q  1XBAA                110    0.619 110.514   0.000   0.593   0.001   0.407
E N  1XBAA                111    0.493  72.106   0.000   0.165   0.002   0.833
E R  1XBAA                112    0.555 127.067   0.000   0.037   0.003   0.960
E H  1XBAA                113    0.659 119.896   0.000   0.021   0.006   0.973
B V  1XBAA                114    0.082  12.539   0.000   0.010   0.022   0.968
E K  1XBAA                115    0.551 113.365   0.000   0.008   0.010   0.981
E D  1XBAA                116    0.426  61.398   0.000   0.970   0.000   0.030
E K  1XBAA                117    0.552 113.516   0.000   0.987   0.000   0.013
B N  1XBAA                118    0.191  27.914   0.000   0.993   0.000   0.007
B I  1XBAA                119    0.017   3.212   0.000   0.998   0.000   0.001
B I  1XBAA                120    0.089  16.505   0.000   1.000   0.000   0.000
E E  1XBAA                121    0.370  64.706   0.000   1.000   0.000   0.000
B L  1XBAA                122    0.014   2.517   0.000   1.000   0.000   0.000
B V  1XBAA                123    0.006   0.903   0.000   1.000   0.000   0.000
B H  1XBAA                124    0.218  39.652   0.000   1.000   0.000   0.000
B Q  1XBAA                125    0.141  25.161   0.000   1.000   0.000   0.000
B V  1XBAA                126    0.002   0.364   0.000   1.000   0.000   0.000
B S  1XBAA                127    0.016   1.901   0.000   1.000   0.000   0.000
B M  1XBAA                128    0.243  48.650   0.000   0.999   0.000   0.001
B G  1XBAA                129    0.007   0.552   0.000   0.999   0.000   0.001
B M  1XBAA                130    0.007   1.381   0.000   0.998   0.000   0.002
E K  1XBAA                131    0.327  67.313   0.000   0.999   0.000   0.001
B Y  1XBAA                132    0.221  47.277   0.000   0.998   0.000   0.002
B L  1XBAA                133    0.009   1.602   0.000   0.998   0.000   0.002
B E  1XBAA                134    0.183  31.891   0.000   0.996   0.000   0.004
E E  1XBAA                135    0.732 127.940   0.000   0.969   0.000   0.031
E S  1XBAA                136    0.317  37.139   0.000   0.093   0.000   0.907
E N  1XBAA                137    0.632  92.577   0.000   0.001   0.000   0.999
B F  1XBAA                138    0.059  11.918   0.000   0.001   0.431   0.568
B V  1XBAA                139    0.049   7.466   0.000   0.000   0.645   0.355
B H  1XBAA                140    0.061  11.111   0.000   0.001   0.010   0.989
E R  1XBAA                141    0.262  59.953   0.000   0.001   0.000   0.999
E D  1XBAA                142    0.258  37.170   0.000   0.001   0.001   0.998
B L  1XBAA                143    0.017   3.133   0.000   0.000   0.007   0.992
B A  1XBAA                144    0.145  16.017   0.000   0.000   0.007   0.993
B A  1XBAA                145    0.062   6.817   0.000   0.975   0.000   0.025
E R  1XBAA                146    0.476 108.942   0.000   0.990   0.000   0.010
B N  1XBAA                147    0.044   6.485   0.000   0.992   0.000   0.008
B V  1XBAA                148    0.018   2.726   0.000   0.000   0.995   0.005
B L  1XBAA                149    0.036   6.596   0.000   0.000   0.998   0.002
B L  1XBAA                150    0.048   8.717   0.000   0.000   0.994   0.006
B V  1XBAA                151    0.121  18.570   0.000   0.003   0.317   0.680
E T  1XBAA                152    0.519  71.962   0.000   0.057   0.021   0.923
E Q  1XBAA                153    0.605 107.974   0.000   0.038   0.002   0.961
E H  1XBAA                154    0.350  63.621   0.000   0.026   0.003   0.971
E Y  1XBAA                155    0.311  66.450   0.000   0.003   0.318   0.679
B A  1XBAA                156    0.018   1.931   0.000   0.000   0.981   0.019
B K  1XBAA                157    0.203  41.669   0.000   0.000   0.990   0.010
B I  1XBAA                158    0.042   7.762   0.000   0.000   0.972   0.027
B S  1XBAA                159    0.051   5.949   0.000   0.001   0.052   0.947
B D  1XBAA                160    0.174  25.104   0.000   0.001   0.012   0.987
B F  1XBAA                161    0.035   6.926   0.000   0.082   0.005   0.913
B G  1XBAA                162    0.171  13.460   0.000   0.121   0.004   0.875
B L  1XBAA                163    0.182  33.354   0.000   0.082   0.008   0.910
B S  1XBAA                164    0.030   3.514   0.000   0.034   0.077   0.889
E K  1XBAA                165    0.316  65.074   0.000   0.017   0.846   0.137
B A  1XBAA                166    0.176  19.351   0.000   0.014   0.856   0.130
B L  1XBAA                167    0.186  34.046   0.000   0.037   0.312   0.651
E R  1XBAA                168    0.470 107.737   0.000   0.034   0.206   0.760
E A  1XBAA                169    0.473  52.102   0.000   0.042   0.061   0.897
E D  1XBAA                170    0.652  94.002   0.000   0.069   0.017   0.913
E E  1XBAA                171    0.632 110.441   0.000   0.190   0.010   0.800
E N  1XBAA                172    0.569  83.260   0.000   0.223   0.025   0.753
E Y  1XBAA                173    0.303  64.787   0.000   0.476   0.074   0.451
E Y  1XBAA                174    0.344  73.476   0.000   0.459   0.092   0.449
E K  1XBAA                175    0.528 108.623   0.000   0.442   0.083   0.476
E A  1XBAA                176    0.328  36.177   0.000   0.417   0.061   0.522
E Q  1XBAA                177    0.403  72.037   0.000   0.319   0.065   0.617
E T  1XBAA                178    0.397  55.112   0.000   0.250   0.054   0.696
E H  1XBAA                179    0.499  90.731   0.000   0.154   0.047   0.798
E G  1XBAA                180    0.450  35.452   0.000   0.027   0.039   0.933
E K  1XBAA                181    0.508 104.536   0.000   0.021   0.088   0.892
B W  1XBAA                182    0.212  50.959   0.000   0.006   0.045   0.948
E P  1XBAA                183    0.257  36.431   0.000   0.018   0.055   0.927
B V  1XBAA                184    0.208  31.946   0.000   0.676   0.012   0.312
E K  1XBAA                185    0.350  71.997   0.000   0.753   0.007   0.240
B W  1XBAA                186    0.073  17.514   0.000   0.648   0.023   0.329
B Y  1XBAA                187    0.088  18.805   0.000   0.059   0.069   0.871
B A  1XBAA                188    0.020   2.186   0.000   0.022   0.002   0.976
B P  1XBAA                189    0.070   9.983   0.000   0.903   0.001   0.096
B E  1XBAA                190    0.113  19.823   0.000   0.967   0.001   0.032
B C  1XBAA                191    0.054   7.638   0.000   0.979   0.001   0.021
B I  1XBAA                192    0.203  37.514   0.000   0.867   0.005   0.127
E N  1XBAA                193    0.524  76.774   0.000   0.432   0.002   0.566
E Y  1XBAA                194    0.553 118.096   0.000   0.275   0.002   0.724
E Y  1XBAA                195    0.406  86.818   0.000   0.041   0.005   0.954
E K  1XBAA                196    0.687 141.244   0.000   0.015   0.011   0.974
B F  1XBAA                197    0.134  26.836   0.000   0.003   0.019   0.978
E S  1XBAA                198    0.311  36.439   0.000   0.003   0.010   0.987
E S  1XBAA                199    0.264  30.929   0.000   0.935   0.001   0.064
E K  1XBAA                200    0.318  65.397   0.000   0.990   0.000   0.009
B S  1XBAA                201    0.030   3.566   0.000   0.994   0.000   0.006
B D  1XBAA                202    0.021   3.038   0.000   0.998   0.000   0.002
B V  1XBAA                203    0.013   1.981   0.000   0.999   0.000   0.001
B W  1XBAA                204    0.035   8.367   0.000   0.999   0.000   0.001
B S  1XBAA                205    0.003   0.368   0.000   1.000   0.000   0.000
B F  1XBAA                206    0.005   1.014   0.000   1.000   0.000   0.000
B G  1XBAA                207    0.003   0.241   0.000   1.000   0.000   0.000
B V  1XBAA                208    0.010   1.535   0.000   1.000   0.000   0.000
B L  1XBAA                209    0.005   0.853   0.000   1.000   0.000   0.000
B M  1XBAA                210    0.005   0.911   0.000   1.000   0.000   0.000
B W  1XBAA                211    0.041   9.760   0.000   0.999   0.000   0.001
B E  1XBAA                212    0.064  11.249   0.000   0.999   0.000   0.001
B A  1XBAA                213    0.013   1.484   0.000   0.991   0.000   0.009
B F  1XBAA                214    0.065  12.990   0.000   0.906   0.001   0.093
B S  1XBAA                215    0.120  14.065   0.000   0.709   0.003   0.287
E Y  1XBAA                216    0.341  72.768   0.000   0.465   0.007   0.528
E G  1XBAA                217    0.286  22.541   0.000   0.013   0.003   0.984
E Q  1XBAA                218    0.383  68.446   0.000   0.008   0.084   0.908
E K  1XBAA                219    0.370  76.136   0.000   0.022   0.041   0.937
B P  1XBAA                220    0.100  14.121   0.000   0.080   0.017   0.902
B Y  1XBAA                221    0.094  20.134   0.000   0.090   0.033   0.877
E R  1XBAA                222    0.603 138.110   0.000   0.029   0.010   0.961
E G  1XBAA                223    0.739  58.192   0.000   0.019   0.003   0.979
B M  1XBAA                224    0.201  40.267   0.000   0.006   0.011   0.983
E K  1XBAA                225    0.682 140.379   0.000   0.008   0.011   0.982
E G  1XBAA                226    0.423  33.277   0.000   0.711   0.000   0.288
E S  1XBAA                227    0.640  75.003   0.000   0.837   0.001   0.162
E E  1XBAA                228    0.563  98.340   0.000   0.913   0.001   0.086
B V  1XBAA                229    0.070  10.832   0.000   0.960   0.001   0.039
E T  1XBAA                230    0.278  38.607   0.000   0.976   0.001   0.024
E A  1XBAA                231    0.418  46.051   0.000   0.979   0.000   0.021
B M  1XBAA                232    0.148  29.521   0.000   0.979   0.000   0.021
B L  1XBAA                233    0.100  18.311   0.000   0.955   0.001   0.044
E E  1XBAA                234    0.588 102.798   0.000   0.922   0.001   0.076
E K  1XBAA                235    0.565 116.158   0.000   0.657   0.002   0.341
B G  1XBAA                236    0.229  18.026   0.000   0.383   0.003   0.614
E E  1XBAA                237    0.528  92.236   0.000   0.429   0.031   0.540
E R  1XBAA                238    0.506 115.799   0.000   0.371   0.052   0.577
B M  1XBAA                239    0.249  49.768   0.000   0.140   0.034   0.826
E G  1XBAA                240    0.530  41.702   0.000   0.022   0.029   0.949
B C  1XBAA                241    0.143  20.109   0.000   0.002   0.019   0.979
B P  1XBAA                242    0.232  32.932   0.000   0.004   0.005   0.991
E A  1XBAA                243    0.812  89.529   0.000   0.007   0.003   0.990
E G  1XBAA                244    0.776  61.039   0.000   0.005   0.001   0.994
B C  1XBAA                245    0.078  10.898   0.000   0.002   0.006   0.992
E P  1XBAA                246    0.282  40.031   0.000   0.005   0.009   0.986
E R  1XBAA                247    0.627 143.578   0.000   0.964   0.000   0.036
E E  1XBAA                248    0.433  75.633   0.000   0.977   0.001   0.023
B M  1XBAA                249    0.013   2.532   0.000   0.993   0.000   0.006
B Y  1XBAA                250    0.220  46.979   0.000   0.998   0.000   0.001
E D  1XBAA                251    0.497  71.563   0.000   0.997   0.000   0.003
B L  1XBAA                252    0.028   5.157   0.000   0.999   0.000   0.001
B M  1XBAA                253    0.010   1.920   0.000   0.999   0.000   0.001
E N  1XBAA                254    0.356  52.112   0.000   0.994   0.000   0.006
B L  1XBAA                255    0.183  33.527   0.000   0.982   0.000   0.018
B C  1XBAA                256    0.010   1.473   0.000   0.882   0.000   0.118
B W  1XBAA                257    0.101  24.273   0.000   0.352   0.005   0.643
E T  1XBAA                258    0.307  42.554   0.000   0.075   0.006   0.919
E Y  1XBAA                259    0.357  76.361   0.000   0.025   0.003   0.972
E D  1XBAA                260    0.488  70.366   0.000   0.002   0.003   0.995
B V  1XBAA                261    0.217  33.393   0.000   0.609   0.001   0.389
E E  1XBAA                262    0.783 136.864   0.000   0.677   0.000   0.323
E N  1XBAA                263    0.649  95.085   0.000   0.684   0.001   0.315
B R  1XBAA                264    0.156  35.660   0.000   0.004   0.002   0.994
B P  1XBAA                265    0.155  22.012   0.000   0.006   0.015   0.979
E G  1XBAA                266    0.321  25.286   0.000   0.014   0.037   0.949
B F  1XBAA                267    0.126  25.270   0.000   0.981   0.000   0.019
E A  1XBAA                268    0.534  58.897   0.000   0.997   0.000   0.003
E A  1XBAA                269    0.364  40.165   0.000   0.997   0.000   0.003
B V  1XBAA                270    0.009   1.347   0.000   0.999   0.000   0.001
B E  1XBAA                271    0.232  40.479   0.000   0.999   0.000   0.001
E L  1XBAA                272    0.496  90.806   0.000   0.999   0.000   0.001
E R  1XBAA                273    0.341  78.043   0.000   0.998   0.000   0.002
B L  1XBAA                274    0.012   2.172   0.000   0.996   0.000   0.004
E R  1XBAA                275    0.383  87.609   0.000   0.989   0.000   0.011
E N  1XBAA                276    0.552  80.831   0.000   0.971   0.000   0.029
B Y  1XBAA                277    0.140  29.864   0.000   0.971   0.001   0.028
B Y  1XBAA                278    0.084  17.873   0.000   0.965   0.002   0.033
E Y  1XBAA                279    0.388  82.829   0.000   0.930   0.003   0.067
E D  1XBAA                280    0.573  82.546   0.000   0.897   0.002   0.101
B V  1XBAA                281    0.169  25.924   0.000   0.874   0.002   0.124
B V  1XBAA                282    0.234  35.896   0.000   0.700   0.005   0.295
E N  1XBAA                283    0.747 109.355   0.000   0.332   0.003   0.665
E E  1XBAA                284    0.739 129.176   0.000   0.142   0.001   0.857
E G  1XBAA                285    0.720  56.627   0.000   0.032   0.001   0.967
E H  1XBAA                286    0.670 121.949   0.000   0.016   0.002   0.983
E H  1XBAA                287    0.722 131.389   0.000   0.014   0.001   0.985
E H  1XBAA                288    0.684 124.385   0.000   0.015   0.002   0.983
E H  1XBAA                289    0.661 120.185   0.000   0.023   0.004   0.972
E H  1XBAA                290    0.731 132.940   0.000   0.018   0.005   0.977
E H  1XBAA                291    0.877 159.615   0.000   0.000   0.000   1.000
