# For publication of results, please cite:
# ...
# ... Michael Schantz Klausen, Martin Closter Jespersen, Henrik Nielsen, Kamilla Kjærgaard Jensen, 
# ... Vanessa Isabell Jurtz, Casper Kaae Sønderby, Morten Otto Alexander Sommer, Ole Winther, 
# ... Morten Nielsen, Bent Petersen, and Paolo Marcatili. 
# ... NetSurfP-2.0: Improved prediction of protein structural features by integrated deep learning.
# ... Proteins: Structure, Function, and Bioinformatics (Feb. 2019).
# ... https://doi.org/10.1002/prot.25674
# ...
#
# Column 1: Class assignment - B for buried or E for Exposed - Threshold: 25% exposure, but not based on RSA
# Column 2: Amino acid
# Column 3: Sequence name
# Column 4: Amino acid number
# Column 5: Relative Surface Accessibility - RSA
# Column 6: Absolute Surface Accessibility
# Column 7: Not used
# Column 8: Probability for Alpha-Helix
# Column 9: Probability for Beta-strand
# Column 10: Probability for Coil
E M  2DIOC                  1    0.906 181.295   0.000   0.000   0.000   1.000
E R  2DIOC                  2    0.870 199.209   0.000   0.000   0.000   1.000
E G  2DIOC                  3    0.840  66.094   0.000   0.000   0.000   1.000
E S  2DIOC                  4    0.839  98.334   0.000   0.000   0.000   1.000
E H  2DIOC                  5    0.802 145.838   0.000   0.000   0.000   0.999
E H  2DIOC                  6    0.775 140.909   0.000   0.001   0.000   0.999
E H  2DIOC                  7    0.765 139.231   0.000   0.001   0.000   0.999
E H  2DIOC                  8    0.757 137.720   0.000   0.001   0.001   0.998
E H  2DIOC                  9    0.761 138.492   0.000   0.002   0.001   0.997
E H  2DIOC                 10    0.757 137.710   0.000   0.003   0.004   0.993
E R  2DIOC                 11    0.718 164.468   0.000   0.001   0.007   0.991
E S  2DIOC                 12    0.642  75.251   0.000   0.001   0.008   0.991
E P  2DIOC                 13    0.640  90.871   0.000   0.039   0.008   0.954
E S  2DIOC                 14    0.676  79.193   0.000   0.052   0.034   0.915
E K  2DIOC                 15    0.648 133.245   0.000   0.033   0.100   0.867
E V  2DIOC                 16    0.453  69.702   0.000   0.023   0.197   0.780
E Q  2DIOC                 17    0.542  96.841   0.000   0.026   0.305   0.669
E E  2DIOC                 18    0.550  96.140   0.000   0.038   0.503   0.459
B L  2DIOC                 19    0.170  31.178   0.000   0.006   0.750   0.244
B S  2DIOC                 20    0.209  24.460   0.000   0.002   0.947   0.051
B V  2DIOC                 21    0.109  16.779   0.000   0.002   0.973   0.025
B Y  2DIOC                 22    0.227  48.408   0.000   0.002   0.978   0.019
E E  2DIOC                 23    0.290  50.598   0.000   0.002   0.981   0.017
B I  2DIOC                 24    0.194  35.946   0.000   0.005   0.944   0.052
E N  2DIOC                 25    0.344  50.417   0.000   0.004   0.906   0.090
E E  2DIOC                 26    0.299  52.220   0.000   0.045   0.710   0.245
E L  2DIOC                 27    0.412  75.479   0.000   0.063   0.621   0.316
E D  2DIOC                 28    0.439  63.319   0.000   0.055   0.457   0.488
E R  2DIOC                 29    0.504 115.524   0.000   0.058   0.070   0.872
E H  2DIOC                 30    0.630 114.575   0.000   0.041   0.026   0.934
B S  2DIOC                 31    0.218  25.511   0.000   0.101   0.013   0.886
E P  2DIOC                 32    0.501  71.161   0.000   0.440   0.011   0.549
E K  2DIOC                 33    0.559 115.073   0.000   0.560   0.042   0.398
B I  2DIOC                 34    0.222  41.148   0.000   0.599   0.136   0.265
B L  2DIOC                 35    0.238  43.652   0.000   0.558   0.227   0.215
E K  2DIOC                 36    0.545 112.048   0.000   0.506   0.194   0.300
E N  2DIOC                 37    0.464  67.952   0.000   0.430   0.115   0.456
B A  2DIOC                 38    0.248  27.349   0.000   0.429   0.084   0.487
E F  2DIOC                 39    0.510 102.297   0.000   0.333   0.056   0.612
E S  2DIOC                 40    0.579  67.871   0.000   0.268   0.068   0.664
E L  2DIOC                 41    0.449  82.208   0.000   0.200   0.070   0.730
E M  2DIOC                 42    0.319  63.759   0.000   0.059   0.104   0.837
E F  2DIOC                 43    0.442  88.805   0.000   0.020   0.056   0.924
E G  2DIOC                 44    0.255  20.063   0.000   0.019   0.072   0.910
E L  2DIOC                 45    0.416  76.239   0.000   0.011   0.012   0.977
E G  2DIOC                 46    0.280  22.074   0.000   0.032   0.045   0.924
B D  2DIOC                 47    0.171  24.667   0.000   0.043   0.170   0.787
B L  2DIOC                 48    0.215  39.392   0.000   0.012   0.809   0.179
B V  2DIOC                 49    0.132  20.333   0.000   0.007   0.776   0.216
B P  2DIOC                 50    0.206  29.260   0.000   0.010   0.736   0.254
B F  2DIOC                 51    0.080  15.972   0.000   0.006   0.918   0.076
E T  2DIOC                 52    0.282  39.085   0.000   0.014   0.718   0.268
E N  2DIOC                 53    0.255  37.323   0.000   0.008   0.670   0.322
E K  2DIOC                 54    0.419  86.215   0.000   0.008   0.833   0.159
B L  2DIOC                 55    0.074  13.593   0.000   0.015   0.807   0.178
B Y  2DIOC                 56    0.164  35.034   0.000   0.006   0.950   0.044
E T  2DIOC                 57    0.349  48.368   0.000   0.008   0.673   0.319
E G  2DIOC                 58    0.315  24.809   0.000   0.039   0.088   0.872
E D  2DIOC                 59    0.719 103.557   0.000   0.054   0.043   0.903
E L  2DIOC                 60    0.381  69.844   0.000   0.083   0.030   0.887
E K  2DIOC                 61    0.611 125.696   0.000   0.018   0.110   0.872
E K  2DIOC                 62    0.511 105.114   0.000   0.015   0.548   0.437
E R  2DIOC                 63    0.433  99.234   0.000   0.001   0.942   0.056
B V  2DIOC                 64    0.154  23.663   0.000   0.001   0.900   0.100
B G  2DIOC                 65    0.071   5.599   0.000   0.000   0.992   0.008
E I  2DIOC                 66    0.284  52.544   0.000   0.000   0.992   0.008
B T  2DIOC                 67    0.119  16.566   0.000   0.000   0.953   0.046
E A  2DIOC                 68    0.269  29.594   0.000   0.000   0.937   0.063
B G  2DIOC                 69    0.090   7.108   0.000   0.000   0.970   0.030
E L  2DIOC                 70    0.272  49.854   0.000   0.000   0.982   0.018
B C  2DIOC                 71    0.043   6.016   0.000   0.000   0.981   0.019
B V  2DIOC                 72    0.145  22.211   0.000   0.000   0.996   0.004
B V  2DIOC                 73    0.121  18.564   0.000   0.000   0.995   0.005
B I  2DIOC                 74    0.180  33.380   0.000   0.001   0.921   0.078
E E  2DIOC                 75    0.460  80.396   0.000   0.001   0.914   0.085
E H  2DIOC                 76    0.319  57.944   0.000   0.004   0.717   0.279
B V  2DIOC                 77    0.240  36.904   0.000   0.002   0.435   0.563
E P  2DIOC                 78    0.524  74.407   0.000   0.795   0.012   0.193
E E  2DIOC                 79    0.812 141.920   0.000   0.720   0.005   0.276
E K  2DIOC                 80    0.498 102.345   0.000   0.647   0.013   0.340
E K  2DIOC                 81    0.648 133.258   0.000   0.034   0.038   0.929
E G  2DIOC                 82    0.409  32.225   0.000   0.031   0.129   0.839
E E  2DIOC                 83    0.402  70.298   0.000   0.016   0.298   0.686
E R  2DIOC                 84    0.419  95.851   0.000   0.002   0.814   0.184
B F  2DIOC                 85    0.109  21.806   0.000   0.000   0.973   0.026
E E  2DIOC                 86    0.399  69.719   0.000   0.000   0.984   0.016
B A  2DIOC                 87    0.014   1.515   0.000   0.000   0.997   0.003
E T  2DIOC                 88    0.357  49.576   0.000   0.000   0.997   0.003
B Y  2DIOC                 89    0.026   5.581   0.000   0.000   0.999   0.001
E S  2DIOC                 90    0.278  32.608   0.000   0.000   0.997   0.003
B F  2DIOC                 91    0.019   3.817   0.000   0.000   0.999   0.001
E Y  2DIOC                 92    0.364  77.812   0.000   0.000   0.994   0.006
B F  2DIOC                 93    0.096  19.231   0.000   0.001   0.771   0.228
E G  2DIOC                 94    0.350  27.516   0.000   0.046   0.059   0.894
E D  2DIOC                 95    0.746 107.438   0.000   0.065   0.001   0.935
E Y  2DIOC                 96    0.441  94.169   0.000   0.068   0.117   0.815
B G  2DIOC                 97    0.100   7.880   0.000   0.003   0.679   0.318
E H  2DIOC                 98    0.316  57.495   0.000   0.000   0.989   0.011
B L  2DIOC                 99    0.051   9.357   0.000   0.000   0.998   0.002
B S  2DIOC                100    0.239  27.955   0.000   0.000   0.999   0.001
B V  2DIOC                101    0.042   6.390   0.000   0.000   0.998   0.002
E Q  2DIOC                102    0.325  58.121   0.000   0.000   0.982   0.018
B G  2DIOC                103    0.060   4.713   0.000   0.000   0.901   0.099
B P  2DIOC                104    0.246  34.916   0.000   0.001   0.862   0.137
B Y  2DIOC                105    0.156  33.231   0.000   0.004   0.540   0.456
E L  2DIOC                106    0.371  67.986   0.000   0.011   0.249   0.740
E T  2DIOC                107    0.331  45.978   0.000   0.013   0.216   0.772
E Y  2DIOC                108    0.559 119.411   0.000   0.041   0.081   0.878
E E  2DIOC                109    0.664 116.081   0.000   0.033   0.043   0.923
E D  2DIOC                110    0.483  69.635   0.000   0.056   0.156   0.788
B S  2DIOC                111    0.096  11.256   0.000   0.006   0.763   0.231
B F  2DIOC                112    0.221  44.366   0.000   0.002   0.933   0.065
B L  2DIOC                113    0.068  12.445   0.000   0.001   0.984   0.015
B A  2DIOC                114    0.089   9.851   0.000   0.001   0.982   0.017
B I  2DIOC                115    0.047   8.668   0.000   0.000   0.979   0.021
B T  2DIOC                116    0.229  31.701   0.000   0.000   0.942   0.058
B G  2DIOC                117    0.129  10.119   0.000   0.001   0.882   0.118
B G  2DIOC                118    0.192  15.099   0.000   0.006   0.714   0.281
E A  2DIOC                119    0.363  39.998   0.000   0.062   0.263   0.674
E G  2DIOC                120    0.531  41.760   0.000   0.648   0.081   0.271
E I  2DIOC                121    0.459  84.948   0.000   0.783   0.027   0.190
B F  2DIOC                122    0.094  18.965   0.000   0.691   0.066   0.244
E E  2DIOC                123    0.556  97.080   0.000   0.046   0.124   0.830
E G  2DIOC                124    0.563  44.342   0.000   0.024   0.033   0.944
B A  2DIOC                125    0.053   5.846   0.000   0.009   0.097   0.894
E Y  2DIOC                126    0.452  96.631   0.000   0.001   0.864   0.135
B G  2DIOC                127    0.087   6.843   0.000   0.000   0.965   0.035
E Q  2DIOC                128    0.368  65.741   0.000   0.000   0.988   0.012
B V  2DIOC                129    0.042   6.402   0.000   0.000   0.993   0.007
E K  2DIOC                130    0.405  83.270   0.000   0.000   0.997   0.003
B L  2DIOC                131    0.104  18.984   0.000   0.000   0.987   0.013
E Q  2DIOC                132    0.433  77.346   0.000   0.000   0.990   0.009
E Q  2DIOC                133    0.431  77.006   0.000   0.000   0.965   0.035
E L  2DIOC                134    0.328  60.131   0.000   0.001   0.502   0.498
E V  2DIOC                135    0.465  71.477   0.000   0.001   0.626   0.373
E Y  2DIOC                136    0.488 104.192   0.000   0.001   0.471   0.528
E P  2DIOC                137    0.449  63.680   0.000   0.012   0.045   0.943
E T  2DIOC                138    0.602  83.496   0.000   0.007   0.041   0.952
E K  2DIOC                139    0.401  82.483   0.000   0.012   0.660   0.327
B L  2DIOC                140    0.113  20.734   0.000   0.005   0.857   0.138
B F  2DIOC                141    0.223  44.849   0.000   0.001   0.968   0.031
B Y  2DIOC                142    0.051  10.960   0.000   0.000   0.996   0.004
B T  2DIOC                143    0.140  19.460   0.000   0.000   0.999   0.001
B F  2DIOC                144    0.024   4.750   0.000   0.000   0.999   0.001
E Y  2DIOC                145    0.312  66.727   0.000   0.000   0.993   0.007
B L  2DIOC                146    0.019   3.522   0.000   0.000   0.987   0.013
E K  2DIOC                147    0.446  91.774   0.000   0.001   0.916   0.083
E G  2DIOC                148    0.466  36.667   0.000   0.009   0.201   0.790
B L  2DIOC                149    0.105  19.214   0.000   0.030   0.129   0.841
E A  2DIOC                150    0.343  37.756   0.000   0.169   0.019   0.812
E N  2DIOC                151    0.842 123.327   0.000   0.303   0.004   0.693
E D  2DIOC                152    0.733 105.629   0.000   0.244   0.003   0.753
B L  2DIOC                153    0.092  16.798   0.000   0.006   0.005   0.988
B P  2DIOC                154    0.240  34.108   0.000   0.014   0.010   0.976
E L  2DIOC                155    0.601 110.010   0.000   0.965   0.001   0.034
E E  2DIOC                156    0.627 109.569   0.000   0.975   0.001   0.024
B L  2DIOC                157    0.078  14.329   0.000   0.974   0.001   0.025
B T  2DIOC                158    0.223  30.946   0.000   0.469   0.080   0.451
E G  2DIOC                159    0.428  33.694   0.000   0.015   0.104   0.881
E T  2DIOC                160    0.630  87.426   0.000   0.000   0.111   0.889
E P  2DIOC                161    0.411  58.376   0.000   0.000   0.381   0.619
B V  2DIOC                162    0.213  32.723   0.000   0.000   0.166   0.834
E P  2DIOC                163    0.669  94.982   0.000   0.000   0.011   0.989
E P  2DIOC                164    0.257  36.407   0.000   0.000   0.016   0.983
E S  2DIOC                165    0.334  39.172   0.000   0.001   0.013   0.986
E K  2DIOC                166    0.854 175.593   0.000   0.005   0.001   0.994
E D  2DIOC                167    0.820 118.130   0.000   0.008   0.003   0.988
B I  2DIOC                168    0.178  32.848   0.000   0.006   0.054   0.940
E E  2DIOC                169    0.797 139.290   0.000   0.000   0.073   0.927
E P  2DIOC                170    0.277  39.353   0.000   0.000   0.220   0.779
B A  2DIOC                171    0.229  25.264   0.000   0.001   0.003   0.995
E P  2DIOC                172    0.782 110.937   0.000   0.958   0.000   0.042
E E  2DIOC                173    0.618 107.971   0.000   0.979   0.000   0.020
B A  2DIOC                174    0.045   4.981   0.000   0.983   0.000   0.017
E K  2DIOC                175    0.519 106.784   0.000   0.967   0.001   0.032
E A  2DIOC                176    0.663  73.103   0.000   0.809   0.002   0.189
E L  2DIOC                177    0.312  57.148   0.000   0.480   0.003   0.517
E E  2DIOC                178    0.439  76.678   0.000   0.019   0.020   0.961
E P  2DIOC                179    0.546  77.412   0.000   0.165   0.008   0.828
E S  2DIOC                180    0.654  76.684   0.000   0.093   0.022   0.885
E G  2DIOC                181    0.255  20.096   0.000   0.146   0.114   0.740
E V  2DIOC                182    0.360  55.391   0.000   0.014   0.533   0.452
B I  2DIOC                183    0.240  44.321   0.000   0.048   0.332   0.620
E S  2DIOC                184    0.601  70.383   0.000   0.059   0.158   0.782
E N  2DIOC                185    0.583  85.368   0.000   0.046   0.067   0.886
E Y  2DIOC                186    0.302  64.464   0.000   0.109   0.065   0.826
E T  2DIOC                187    0.577  80.052   0.000   0.040   0.069   0.891
E N  2DIOC                188    0.900 131.772   0.000   0.000   0.000   0.999
