# For publication of results, please cite:
# ...
# ... Michael Schantz Klausen, Martin Closter Jespersen, Henrik Nielsen, Kamilla Kjærgaard Jensen, 
# ... Vanessa Isabell Jurtz, Casper Kaae Sønderby, Morten Otto Alexander Sommer, Ole Winther, 
# ... Morten Nielsen, Bent Petersen, and Paolo Marcatili. 
# ... NetSurfP-2.0: Improved prediction of protein structural features by integrated deep learning.
# ... Proteins: Structure, Function, and Bioinformatics (Feb. 2019).
# ... https://doi.org/10.1002/prot.25674
# ...
#
# Column 1: Class assignment - B for buried or E for Exposed - Threshold: 25% exposure, but not based on RSA
# Column 2: Amino acid
# Column 3: Sequence name
# Column 4: Amino acid number
# Column 5: Relative Surface Accessibility - RSA
# Column 6: Absolute Surface Accessibility
# Column 7: Not used
# Column 8: Probability for Alpha-Helix
# Column 9: Probability for Beta-strand
# Column 10: Probability for Coil
E A  1P3HE                  1    0.922 101.640   0.000   0.000   0.000   1.000
E K  1P3HE                  2    0.791 162.661   0.000   0.008   0.054   0.938
E V  1P3HE                  3    0.471  72.340   0.000   0.008   0.139   0.853
E N  1P3HE                  4    0.704 103.089   0.000   0.003   0.198   0.799
E I  1P3HE                  5    0.397  73.448   0.000   0.001   0.447   0.552
E K  1P3HE                  6    0.574 118.097   0.000   0.000   0.858   0.142
E P  1P3HE                  7    0.422  59.843   0.000   0.001   0.826   0.172
E L  1P3HE                  8    0.402  73.628   0.000   0.012   0.348   0.641
E E  1P3HE                  9    0.524  91.535   0.000   0.053   0.066   0.881
E D  1P3HE                 10    0.542  78.081   0.000   0.047   0.091   0.863
E K  1P3HE                 11    0.333  68.575   0.000   0.011   0.793   0.196
B I  1P3HE                 12    0.062  11.403   0.000   0.000   0.982   0.018
B L  1P3HE                 13    0.134  24.467   0.000   0.000   0.985   0.015
B V  1P3HE                 14    0.042   6.531   0.000   0.000   0.987   0.013
E Q  1P3HE                 15    0.385  68.833   0.000   0.000   0.962   0.038
B A  1P3HE                 16    0.240  26.433   0.000   0.003   0.932   0.065
E N  1P3HE                 17    0.531  77.747   0.000   0.011   0.181   0.808
E E  1P3HE                 18    0.741 129.484   0.000   0.037   0.190   0.773
E A  1P3HE                 19    0.575  63.406   0.000   0.078   0.137   0.786
E E  1P3HE                 20    0.630 110.031   0.000   0.082   0.252   0.665
E T  1P3HE                 21    0.560  77.710   0.000   0.069   0.339   0.592
E T  1P3HE                 22    0.579  80.352   0.000   0.009   0.766   0.225
E T  1P3HE                 23    0.307  42.578   0.000   0.003   0.193   0.805
E A  1P3HE                 24    0.811  89.425   0.000   0.001   0.004   0.995
E S  1P3HE                 25    0.535  62.731   0.000   0.002   0.005   0.994
E G  1P3HE                 26    0.268  21.124   0.000   0.002   0.293   0.705
E L  1P3HE                 27    0.258  47.239   0.000   0.001   0.443   0.556
E V  1P3HE                 28    0.315  48.352   0.000   0.000   0.855   0.145
B I  1P3HE                 29    0.141  26.061   0.000   0.000   0.311   0.688
B P  1P3HE                 30    0.239  33.852   0.000   0.005   0.147   0.848
E D  1P3HE                 31    0.719 103.555   0.000   0.113   0.004   0.882
E T  1P3HE                 32    0.671  93.011   0.000   0.140   0.005   0.855
B A  1P3HE                 33    0.149  16.415   0.000   0.155   0.010   0.835
E K  1P3HE                 34    0.636 130.748   0.000   0.076   0.022   0.902
E E  1P3HE                 35    0.757 132.256   0.000   0.102   0.021   0.877
E K  1P3HE                 36    0.628 129.080   0.000   0.004   0.035   0.961
E P  1P3HE                 37    0.362  51.320   0.000   0.001   0.051   0.948
E Q  1P3HE                 38    0.357  63.732   0.000   0.001   0.670   0.329
E E  1P3HE                 39    0.487  85.008   0.000   0.000   0.982   0.018
B G  1P3HE                 40    0.060   4.724   0.000   0.000   0.990   0.010
E T  1P3HE                 41    0.297  41.223   0.000   0.000   0.988   0.012
B V  1P3HE                 42    0.032   4.873   0.000   0.000   0.990   0.010
E V  1P3HE                 43    0.268  41.198   0.000   0.000   0.976   0.024
B A  1P3HE                 44    0.139  15.353   0.000   0.000   0.995   0.005
B V  1P3HE                 45    0.205  31.472   0.000   0.000   0.977   0.023
B G  1P3HE                 46    0.152  11.981   0.000   0.000   0.555   0.444
E P  1P3HE                 47    0.512  72.666   0.000   0.004   0.306   0.690
B G  1P3HE                 48    0.221  17.396   0.000   0.005   0.245   0.751
E R  1P3HE                 49    0.496 113.693   0.000   0.002   0.869   0.130
E W  1P3HE                 50    0.378  90.852   0.000   0.000   0.977   0.023
E D  1P3HE                 51    0.345  49.732   0.000   0.000   0.019   0.981
E E  1P3HE                 52    0.903 157.832   0.000   0.001   0.002   0.997
E D  1P3HE                 53    0.859 123.848   0.000   0.001   0.001   0.998
E G  1P3HE                 54    0.457  35.955   0.000   0.004   0.004   0.992
E E  1P3HE                 55    0.677 118.235   0.000   0.001   0.010   0.989
E K  1P3HE                 56    0.569 117.130   0.000   0.001   0.824   0.174
E R  1P3HE                 57    0.432  98.890   0.000   0.001   0.863   0.137
E I  1P3HE                 58    0.352  65.096   0.000   0.000   0.713   0.286
E P  1P3HE                 59    0.615  87.235   0.000   0.001   0.629   0.370
B L  1P3HE                 60    0.220  40.291   0.000   0.004   0.038   0.958
E D  1P3HE                 61    0.791 113.942   0.000   0.006   0.007   0.987
B V  1P3HE                 62    0.084  12.963   0.000   0.000   0.014   0.985
E A  1P3HE                 63    0.497  54.714   0.000   0.000   0.031   0.968
E E  1P3HE                 64    0.719 125.687   0.000   0.000   0.000   1.000
E G  1P3HE                 65    0.606  47.670   0.000   0.000   0.000   1.000
E D  1P3HE                 66    0.260  37.412   0.000   0.000   0.006   0.994
E T  1P3HE                 67    0.388  53.860   0.000   0.000   0.974   0.026
B V  1P3HE                 68    0.047   7.174   0.000   0.000   0.964   0.036
B I  1P3HE                 69    0.231  42.667   0.000   0.001   0.937   0.062
B Y  1P3HE                 70    0.193  41.277   0.000   0.003   0.657   0.340
E S  1P3HE                 71    0.420  49.250   0.000   0.079   0.095   0.826
E K  1P3HE                 72    0.677 139.265   0.000   0.105   0.020   0.874
E Y  1P3HE                 73    0.570 121.771   0.000   0.079   0.038   0.883
E G  1P3HE                 74    0.316  24.845   0.000   0.046   0.204   0.750
E G  1P3HE                 75    0.272  21.378   0.000   0.007   0.269   0.724
E T  1P3HE                 76    0.367  50.935   0.000   0.001   0.822   0.177
E E  1P3HE                 77    0.607 106.063   0.000   0.001   0.945   0.055
B I  1P3HE                 78    0.124  23.014   0.000   0.000   0.957   0.042
E K  1P3HE                 79    0.658 135.276   0.000   0.000   0.963   0.037
B Y  1P3HE                 80    0.149  31.835   0.000   0.000   0.982   0.017
E N  1P3HE                 81    0.855 125.124   0.000   0.001   0.000   0.999
E G  1P3HE                 82    0.898  70.671   0.000   0.001   0.000   0.999
E E  1P3HE                 83    0.539  94.219   0.000   0.000   0.982   0.018
E E  1P3HE                 84    0.613 107.011   0.000   0.000   0.980   0.020
B Y  1P3HE                 85    0.195  41.573   0.000   0.000   0.976   0.024
B L  1P3HE                 86    0.216  39.498   0.000   0.000   0.992   0.007
B I  1P3HE                 87    0.119  21.934   0.000   0.000   0.994   0.006
B L  1P3HE                 88    0.062  11.420   0.000   0.000   0.960   0.040
B S  1P3HE                 89    0.225  26.411   0.000   0.000   0.782   0.218
B A  1P3HE                 90    0.200  22.064   0.000   0.991   0.000   0.009
E R  1P3HE                 91    0.699 160.093   0.000   0.997   0.000   0.003
B D  1P3HE                 92    0.248  35.671   0.000   0.996   0.000   0.003
B V  1P3HE                 93    0.096  14.683   0.000   0.003   0.950   0.047
E L  1P3HE                 94    0.494  90.477   0.000   0.001   0.936   0.063
B A  1P3HE                 95    0.182  20.078   0.000   0.001   0.979   0.020
E V  1P3HE                 96    0.447  68.666   0.000   0.001   0.947   0.052
E V  1P3HE                 97    0.411  63.128   0.000   0.001   0.616   0.383
E S  1P3HE                 98    0.767  89.933   0.000   0.001   0.175   0.824
E K  1P3HE                 99    0.905 186.259   0.000   0.000   0.000   1.000
