# For publication of results, please cite:
# ...
# ... Michael Schantz Klausen, Martin Closter Jespersen, Henrik Nielsen, Kamilla Kjærgaard Jensen, 
# ... Vanessa Isabell Jurtz, Casper Kaae Sønderby, Morten Otto Alexander Sommer, Ole Winther, 
# ... Morten Nielsen, Bent Petersen, and Paolo Marcatili. 
# ... NetSurfP-2.0: Improved prediction of protein structural features by integrated deep learning.
# ... Proteins: Structure, Function, and Bioinformatics (Feb. 2019).
# ... https://doi.org/10.1002/prot.25674
# ...
#
# Column 1: Class assignment - B for buried or E for Exposed - Threshold: 25% exposure, but not based on RSA
# Column 2: Amino acid
# Column 3: Sequence name
# Column 4: Amino acid number
# Column 5: Relative Surface Accessibility - RSA
# Column 6: Absolute Surface Accessibility
# Column 7: Not used
# Column 8: Probability for Alpha-Helix
# Column 9: Probability for Beta-strand
# Column 10: Probability for Coil
E S  3KZLA                  1    0.916 107.380   0.000   0.001   0.000   0.999
E N  3KZLA                  2    0.770 112.679   0.000   0.057   0.002   0.941
E A  3KZLA                  3    0.558  61.451   0.000   0.240   0.002   0.758
E M  3KZLA                  4    0.467  93.446   0.000   0.292   0.003   0.705
E N  3KZLA                  5    0.662  96.846   0.000   0.335   0.005   0.660
E D  3KZLA                  6    0.704 101.512   0.000   0.487   0.016   0.498
E I  3KZLA                  7    0.256  47.385   0.000   0.599   0.047   0.354
B V  3KZLA                  8    0.226  34.692   0.000   0.583   0.090   0.327
E A  3KZLA                  9    0.482  53.129   0.000   0.616   0.060   0.324
E S  3KZLA                 10    0.551  64.563   0.000   0.449   0.070   0.481
E T  3KZLA                 11    0.301  41.715   0.000   0.147   0.055   0.798
E Q  3KZLA                 12    0.673 120.275   0.000   0.026   0.036   0.938
E L  3KZLA                 13    0.332  60.761   0.000   0.002   0.032   0.966
E P  3KZLA                 14    0.261  36.992   0.000   0.002   0.046   0.951
B N  3KZLA                 15    0.248  36.372   0.000   0.004   0.498   0.497
E T  3KZLA                 16    0.325  45.036   0.000   0.007   0.304   0.689
B I  3KZLA                 17    0.154  28.418   0.000   0.980   0.001   0.019
E K  3KZLA                 18    0.620 127.606   0.000   0.989   0.000   0.011
E T  3KZLA                 19    0.316  43.868   0.000   0.992   0.000   0.007
B I  3KZLA                 20    0.005   0.951   0.000   0.998   0.000   0.002
B T  3KZLA                 21    0.096  13.271   0.000   0.998   0.000   0.002
E N  3KZLA                 22    0.520  76.091   0.000   0.998   0.000   0.002
B D  3KZLA                 23    0.180  25.968   0.000   0.999   0.000   0.001
B L  3KZLA                 24    0.005   0.891   0.000   0.999   0.000   0.001
E R  3KZLA                 25    0.489 111.959   0.000   0.995   0.000   0.005
E K  3KZLA                 26    0.675 138.814   0.000   0.931   0.000   0.069
B L  3KZLA                 27    0.128  23.442   0.000   0.404   0.000   0.596
E G  3KZLA                 28    0.354  27.862   0.000   0.002   0.000   0.998
B L  3KZLA                 29    0.032   5.842   0.000   0.000   0.001   0.998
E K  3KZLA                 30    0.674 138.605   0.000   0.000   0.002   0.998
E K  3KZLA                 31    0.657 135.115   0.000   0.000   0.000   1.000
E G  3KZLA                 32    0.399  31.394   0.000   0.001   0.001   0.999
B M  3KZLA                 33    0.135  26.939   0.000   0.000   0.029   0.971
B T  3KZLA                 34    0.076  10.510   0.000   0.000   0.984   0.016
B V  3KZLA                 35    0.003   0.471   0.000   0.000   1.000   0.000
B I  3KZLA                 36    0.013   2.415   0.000   0.000   1.000   0.000
B V  3KZLA                 37    0.002   0.306   0.000   0.000   0.998   0.002
B H  3KZLA                 38    0.071  12.883   0.000   0.000   0.893   0.107
B S  3KZLA                 39    0.025   2.975   0.000   0.001   0.467   0.533
B S  3KZLA                 40    0.170  19.876   0.000   0.001   0.263   0.736
B L  3KZLA                 41    0.049   9.017   0.000   0.629   0.014   0.357
E S  3KZLA                 42    0.376  44.009   0.000   0.876   0.001   0.123
E S  3KZLA                 43    0.323  37.865   0.000   0.876   0.004   0.121
B I  3KZLA                 44    0.071  13.139   0.000   0.601   0.019   0.380
E G  3KZLA                 45    0.256  20.141   0.000   0.026   0.113   0.861
E W  3KZLA                 46    0.432 103.817   0.000   0.040   0.231   0.729
B I  3KZLA                 47    0.116  21.484   0.000   0.019   0.288   0.692
E S  3KZLA                 48    0.438  51.336   0.000   0.041   0.127   0.832
E G  3KZLA                 49    0.350  27.543   0.000   0.050   0.026   0.923
B G  3KZLA                 50    0.097   7.632   0.000   0.649   0.004   0.347
B A  3KZLA                 51    0.026   2.876   0.000   0.980   0.001   0.019
E V  3KZLA                 52    0.329  50.519   0.000   0.997   0.000   0.003
B A  3KZLA                 53    0.091   9.978   0.000   1.000   0.000   0.000
B V  3KZLA                 54    0.003   0.448   0.000   1.000   0.000   0.000
B V  3KZLA                 55    0.019   2.938   0.000   1.000   0.000   0.000
E E  3KZLA                 56    0.430  75.161   0.000   0.999   0.000   0.000
B A  3KZLA                 57    0.012   1.276   0.000   0.999   0.000   0.001
B L  3KZLA                 58    0.003   0.586   0.000   0.998   0.000   0.002
B M  3KZLA                 59    0.163  32.543   0.000   0.989   0.000   0.010
E E  3KZLA                 60    0.505  88.248   0.000   0.908   0.000   0.091
B V  3KZLA                 61    0.046   7.050   0.000   0.793   0.000   0.207
B I  3KZLA                 62    0.021   3.925   0.000   0.037   0.841   0.122
B T  3KZLA                 63    0.157  21.786   0.000   0.003   0.659   0.338
E E  3KZLA                 64    0.766 133.888   0.000   0.002   0.196   0.802
E E  3KZLA                 65    0.669 116.878   0.000   0.002   0.084   0.914
B G  3KZLA                 66    0.020   1.588   0.000   0.002   0.342   0.657
B T  3KZLA                 67    0.030   4.190   0.000   0.000   0.844   0.156
B I  3KZLA                 68    0.007   1.226   0.000   0.000   0.998   0.002
B I  3KZLA                 69    0.008   1.399   0.000   0.000   0.998   0.002
B M  3KZLA                 70    0.004   0.889   0.000   0.000   0.979   0.021
B P  3KZLA                 71    0.015   2.100   0.000   0.000   0.964   0.036
B T  3KZLA                 72    0.012   1.626   0.000   0.000   0.552   0.448
B Q  3KZLA                 73    0.129  23.085   0.000   0.001   0.441   0.558
B S  3KZLA                 74    0.090  10.605   0.000   0.040   0.172   0.788
E S  3KZLA                 75    0.280  32.759   0.000   0.757   0.007   0.236
E D  3KZLA                 76    0.475  68.417   0.000   0.746   0.004   0.250
B L  3KZLA                 77    0.186  34.045   0.000   0.745   0.006   0.249
B S  3KZLA                 78    0.190  22.215   0.000   0.237   0.057   0.706
E D  3KZLA                 79    0.367  52.841   0.000   0.001   0.013   0.986
E P  3KZLA                 80    0.474  67.286   0.000   0.636   0.001   0.363
E K  3KZLA                 81    0.764 157.210   0.000   0.620   0.001   0.378
E H  3KZLA                 82    0.418  76.054   0.000   0.607   0.006   0.387
E W  3KZLA                 83    0.257  61.730   0.000   0.239   0.050   0.711
E S  3KZLA                 84    0.633  74.212   0.000   0.132   0.055   0.813
E R  3KZLA                 85    0.557 127.608   0.000   0.003   0.036   0.962
E P  3KZLA                 86    0.436  61.923   0.000   0.000   0.004   0.995
E P  3KZLA                 87    0.565  80.215   0.000   0.000   0.018   0.981
B V  3KZLA                 88    0.183  28.121   0.000   0.001   0.022   0.977
E P  3KZLA                 89    0.397  56.312   0.000   0.006   0.013   0.981
E E  3KZLA                 90    0.730 127.459   0.000   0.922   0.000   0.077
E E  3KZLA                 91    0.735 128.330   0.000   0.940   0.001   0.060
B W  3KZLA                 92    0.175  42.154   0.000   0.977   0.000   0.023
B W  3KZLA                 93    0.179  43.063   0.000   0.983   0.000   0.017
E Q  3KZLA                 94    0.584 104.277   0.000   0.981   0.000   0.018
E I  3KZLA                 95    0.366  67.643   0.000   0.979   0.001   0.020
B I  3KZLA                 96    0.064  11.772   0.000   0.970   0.001   0.029
E R  3KZLA                 97    0.364  83.246   0.000   0.913   0.003   0.085
E D  3KZLA                 98    0.761 109.604   0.000   0.794   0.000   0.205
E N  3KZLA                 99    0.664  97.244   0.000   0.580   0.000   0.420
B V  3KZLA                100    0.119  18.263   0.000   0.006   0.007   0.988
E P  3KZLA                101    0.425  60.361   0.000   0.024   0.019   0.957
B A  3KZLA                102    0.218  24.022   0.000   0.022   0.114   0.864
B F  3KZLA                103    0.107  21.539   0.000   0.017   0.103   0.881
E E  3KZLA                104    0.366  63.903   0.000   0.001   0.052   0.948
B P  3KZLA                105    0.242  34.378   0.000   0.122   0.005   0.873
E H  3KZLA                106    0.743 135.064   0.000   0.104   0.005   0.891
E I  3KZLA                107    0.502  92.953   0.000   0.144   0.013   0.844
B T  3KZLA                108    0.078  10.820   0.000   0.004   0.009   0.987
E P  3KZLA                109    0.442  62.718   0.000   0.107   0.022   0.872
B T  3KZLA                110    0.116  16.043   0.000   0.209   0.045   0.746
E R  3KZLA                111    0.502 114.919   0.000   0.232   0.025   0.743
E A  3KZLA                112    0.408  44.930   0.000   0.183   0.021   0.796
B M  3KZLA                113    0.237  47.373   0.000   0.136   0.056   0.808
B G  3KZLA                114    0.155  12.194   0.000   0.075   0.025   0.900
B K  3KZLA                115    0.220  45.180   0.000   0.921   0.004   0.075
B V  3KZLA                116    0.019   2.947   0.000   0.996   0.000   0.004
B V  3KZLA                117    0.043   6.597   0.000   0.998   0.000   0.002
E E  3KZLA                118    0.282  49.306   0.000   0.997   0.000   0.003
B C  3KZLA                119    0.060   8.435   0.000   0.991   0.000   0.009
B F  3KZLA                120    0.033   6.647   0.000   0.964   0.001   0.036
E R  3KZLA                121    0.294  67.273   0.000   0.814   0.002   0.185
E T  3KZLA                122    0.487  67.562   0.000   0.574   0.001   0.426
B Y  3KZLA                123    0.239  51.012   0.000   0.001   0.001   0.998
E P  3KZLA                124    0.660  93.692   0.000   0.001   0.001   0.997
E N  3KZLA                125    0.575  84.153   0.000   0.002   0.006   0.992
B V  3KZLA                126    0.069  10.661   0.000   0.001   0.516   0.483
E V  3KZLA                127    0.255  39.119   0.000   0.000   0.965   0.035
B R  3KZLA                128    0.161  36.862   0.000   0.000   0.960   0.039
B S  3KZLA                129    0.087  10.243   0.000   0.001   0.198   0.801
E N  3KZLA                130    0.495  72.458   0.000   0.000   0.019   0.981
B H  3KZLA                131    0.199  36.126   0.000   0.000   0.037   0.963
B P  3KZLA                132    0.234  33.252   0.000   0.024   0.011   0.965
E L  3KZLA                133    0.253  46.390   0.000   0.019   0.022   0.959
B G  3KZLA                134    0.067   5.299   0.000   0.008   0.087   0.905
B S  3KZLA                135    0.031   3.581   0.000   0.003   0.473   0.524
B F  3KZLA                136    0.027   5.478   0.000   0.000   0.984   0.016
B A  3KZLA                137    0.012   1.370   0.000   0.000   0.997   0.003
B A  3KZLA                138    0.018   1.979   0.000   0.000   0.993   0.006
B W  3KZLA                139    0.123  29.645   0.000   0.000   0.971   0.029
B G  3KZLA                140    0.086   6.777   0.000   0.056   0.250   0.695
E R  3KZLA                141    0.613 140.459   0.000   0.090   0.012   0.898
E H  3KZLA                142    0.296  53.793   0.000   0.042   0.005   0.953
B A  3KZLA                143    0.026   2.824   0.000   0.969   0.000   0.031
E E  3KZLA                144    0.573 100.021   0.000   0.987   0.000   0.013
E E  3KZLA                145    0.494  86.355   0.000   0.989   0.001   0.010
B I  3KZLA                146    0.043   7.887   0.000   0.954   0.001   0.045
B T  3KZLA                147    0.042   5.815   0.000   0.488   0.016   0.496
E V  3KZLA                148    0.460  70.644   0.000   0.068   0.007   0.925
E N  3KZLA                149    0.770 112.778   0.000   0.042   0.004   0.954
E Q  3KZLA                150    0.256  45.725   0.000   0.011   0.013   0.976
E S  3KZLA                151    0.456  53.403   0.000   0.018   0.038   0.944
E L  3KZLA                152    0.303  55.431   0.000   0.068   0.016   0.916
E S  3KZLA                153    0.539  63.226   0.000   0.055   0.011   0.934
B M  3KZLA                154    0.172  34.419   0.000   0.077   0.035   0.889
B S  3KZLA                155    0.116  13.616   0.000   0.149   0.020   0.830
B L  3KZLA                156    0.099  18.180   0.000   0.119   0.029   0.851
B G  3KZLA                157    0.129  10.173   0.000   0.018   0.015   0.968
E E  3KZLA                158    0.574 100.196   0.000   0.005   0.002   0.993
E E  3KZLA                159    0.630 110.122   0.000   0.007   0.001   0.992
B S  3KZLA                160    0.026   2.998   0.000   0.003   0.001   0.995
B P  3KZLA                161    0.032   4.543   0.000   0.988   0.000   0.012
B L  3KZLA                162    0.015   2.828   0.000   0.985   0.000   0.015
B R  3KZLA                163    0.247  56.549   0.000   0.999   0.000   0.001
E K  3KZLA                164    0.256  52.737   0.000   0.999   0.000   0.001
B I  3KZLA                165    0.006   1.111   0.000   0.997   0.000   0.003
B Y  3KZLA                166    0.249  53.126   0.000   0.994   0.000   0.006
E D  3KZLA                167    0.693  99.901   0.000   0.983   0.000   0.017
B L  3KZLA                168    0.227  41.519   0.000   0.190   0.001   0.809
E D  3KZLA                169    0.696 100.293   0.000   0.001   0.006   0.993
B G  3KZLA                170    0.023   1.816   0.000   0.000   0.078   0.922
B Y  3KZLA                171    0.229  48.893   0.000   0.000   0.979   0.021
B I  3KZLA                172    0.010   1.847   0.000   0.000   0.999   0.000
B L  3KZLA                173    0.010   1.917   0.000   0.000   0.999   0.001
B L  3KZLA                174    0.009   1.734   0.000   0.000   0.998   0.002
B I  3KZLA                175    0.009   1.616   0.000   0.000   0.973   0.026
B G  3KZLA                176    0.062   4.901   0.000   0.000   0.413   0.586
B V  3KZLA                177    0.020   3.001   0.000   0.000   0.382   0.618
B G  3KZLA                178    0.107   8.457   0.000   0.003   0.132   0.865
B Y  3KZLA                179    0.229  48.878   0.000   0.223   0.025   0.753
E D  3KZLA                180    0.447  64.435   0.000   0.263   0.006   0.731
B S  3KZLA                181    0.121  14.129   0.000   0.375   0.028   0.597
B N  3KZLA                182    0.052   7.598   0.000   0.356   0.019   0.625
B T  3KZLA                183    0.068   9.384   0.000   0.634   0.022   0.344
B S  3KZLA                184    0.048   5.620   0.000   0.962   0.002   0.036
B V  3KZLA                185    0.035   5.433   0.000   0.996   0.000   0.004
B G  3KZLA                186    0.029   2.320   0.000   0.996   0.000   0.003
B L  3KZLA                187    0.079  14.491   0.000   0.997   0.000   0.003
B S  3KZLA                188    0.018   2.102   0.000   0.996   0.000   0.004
B E  3KZLA                189    0.055   9.554   0.000   0.995   0.000   0.004
E V  3KZLA                190    0.283  43.532   0.000   0.994   0.000   0.006
E R  3KZLA                191    0.375  85.782   0.000   0.973   0.000   0.027
B S  3KZLA                192    0.189  22.098   0.000   0.521   0.001   0.479
E G  3KZLA                193    0.673  52.937   0.000   0.007   0.001   0.992
B A  3KZLA                194    0.203  22.370   0.000   0.011   0.007   0.982
B C  3KZLA                195    0.222  31.237   0.000   0.021   0.194   0.785
E E  3KZLA                196    0.420  73.364   0.000   0.019   0.656   0.325
B L  3KZLA                197    0.193  35.248   0.000   0.005   0.893   0.101
B I  3KZLA                198    0.138  25.540   0.000   0.001   0.965   0.034
E K  3KZLA                199    0.389  79.951   0.000   0.001   0.969   0.030
B V  3KZLA                200    0.130  20.014   0.000   0.001   0.960   0.040
B G  3KZLA                201    0.172  13.511   0.000   0.001   0.876   0.123
B A  3KZLA                202    0.066   7.236   0.000   0.000   0.772   0.228
B P  3KZLA                203    0.172  24.395   0.000   0.000   0.914   0.086
B I  3KZLA                204    0.046   8.424   0.000   0.000   0.991   0.009
B I  3KZLA                205    0.247  45.623   0.000   0.000   0.995   0.005
E E  3KZLA                206    0.363  63.395   0.000   0.000   0.980   0.019
E N  3KZLA                207    0.899 131.588   0.000   0.001   0.001   0.998
E G  3KZLA                208    0.787  61.915   0.000   0.003   0.000   0.997
E E  3KZLA                209    0.721 126.001   0.000   0.000   0.950   0.050
E R  3KZLA                210    0.532 121.755   0.000   0.000   0.977   0.023
E V  3KZLA                211    0.345  53.062   0.000   0.000   0.955   0.045
E W  3KZLA                212    0.406  97.736   0.000   0.000   0.958   0.041
E K  3KZLA                213    0.388  79.789   0.000   0.000   0.985   0.015
E E  3KZLA                214    0.542  94.681   0.000   0.000   0.981   0.019
B F  3KZLA                215    0.190  38.178   0.000   0.001   0.931   0.069
E V  3KZLA                216    0.437  67.115   0.000   0.002   0.722   0.276
E D  3KZLA                217    0.567  81.711   0.000   0.004   0.346   0.651
B M  3KZLA                218    0.190  37.997   0.000   0.019   0.196   0.785
E D  3KZLA                219    0.565  81.395   0.000   0.016   0.071   0.913
E Y  3KZLA                220    0.273  58.274   0.000   0.024   0.054   0.922
E D  3KZLA                221    0.396  57.071   0.000   0.021   0.026   0.952
E S  3KZLA                222    0.254  29.823   0.000   0.397   0.010   0.593
E D  3KZLA                223    0.700 100.889   0.000   0.722   0.003   0.276
E K  3KZLA                224    0.334  68.731   0.000   0.783   0.002   0.215
B F  3KZLA                225    0.054  10.750   0.000   0.939   0.003   0.058
E V  3KZLA                226    0.406  62.387   0.000   0.982   0.001   0.016
E E  3KZLA                227    0.559  97.573   0.000   0.991   0.001   0.008
B I  3KZLA                228    0.037   6.833   0.000   0.989   0.001   0.011
B G  3KZLA                229    0.039   3.098   0.000   0.996   0.000   0.004
E V  3KZLA                230    0.429  65.890   0.000   0.997   0.000   0.003
E E  3KZLA                231    0.323  56.499   0.000   0.997   0.000   0.002
B F  3KZLA                232    0.027   5.429   0.000   0.996   0.000   0.004
E E  3KZLA                233    0.500  87.315   0.000   0.994   0.000   0.006
E Q  3KZLA                234    0.807 144.096   0.000   0.965   0.000   0.035
E K  3KZLA                235    0.540 111.084   0.000   0.273   0.000   0.726
E G  3KZLA                236    0.639  50.270   0.000   0.002   0.000   0.998
B T  3KZLA                237    0.246  34.060   0.000   0.004   0.004   0.993
B V  3KZLA                238    0.059   9.141   0.000   0.000   0.605   0.395
E T  3KZLA                239    0.409  56.715   0.000   0.000   0.913   0.087
E M  3KZLA                240    0.433  86.688   0.000   0.000   0.985   0.015
B G  3KZLA                241    0.198  15.614   0.000   0.000   0.988   0.012
E K  3KZLA                242    0.572 117.705   0.000   0.000   0.995   0.005
B I  3KZLA                243    0.059  10.845   0.000   0.000   0.936   0.063
E G  3KZLA                244    0.342  26.918   0.000   0.010   0.021   0.969
E N  3KZLA                245    0.725 106.207   0.000   0.006   0.002   0.991
B A  3KZLA                246    0.069   7.634   0.000   0.000   0.701   0.298
E K  3KZLA                247    0.436  89.693   0.000   0.000   0.927   0.073
B C  3KZLA                248    0.027   3.734   0.000   0.000   0.995   0.005
B R  3KZLA                249    0.236  54.099   0.000   0.000   0.999   0.001
B L  3KZLA                250    0.042   7.678   0.000   0.000   1.000   0.000
B M  3KZLA                251    0.019   3.758   0.000   0.000   0.996   0.004
E K  3KZLA                252    0.269  55.233   0.000   0.000   0.972   0.028
B Q  3KZLA                253    0.045   7.995   0.000   0.967   0.001   0.033
E R  3KZLA                254    0.378  86.565   0.000   0.997   0.000   0.003
E D  3KZLA                255    0.343  49.439   0.000   0.999   0.000   0.001
B I  3KZLA                256    0.013   2.496   0.000   0.999   0.000   0.001
B V  3KZLA                257    0.046   7.022   0.000   0.999   0.000   0.001
E D  3KZLA                258    0.501  72.216   0.000   0.999   0.000   0.001
B F  3KZLA                259    0.158  31.625   0.000   0.998   0.000   0.002
B G  3KZLA                260    0.008   0.638   0.000   0.998   0.000   0.002
B T  3KZLA                261    0.184  25.470   0.000   0.997   0.000   0.003
E E  3KZLA                262    0.529  92.420   0.000   0.993   0.000   0.007
B W  3KZLA                263    0.179  43.079   0.000   0.992   0.000   0.007
B F  3KZLA                264    0.122  24.540   0.000   0.949   0.000   0.051
E R  3KZLA                265    0.627 143.676   0.000   0.778   0.002   0.220
E K  3KZLA                266    0.706 145.183   0.000   0.538   0.001   0.461
E K  3KZLA                267    0.600 123.429   0.000   0.217   0.002   0.781
E N  3KZLA                268    0.888 130.026   0.000   0.001   0.000   0.999
