# For publication of results, please cite:
# ...
# ... Michael Schantz Klausen, Martin Closter Jespersen, Henrik Nielsen, Kamilla Kjærgaard Jensen, 
# ... Vanessa Isabell Jurtz, Casper Kaae Sønderby, Morten Otto Alexander Sommer, Ole Winther, 
# ... Morten Nielsen, Bent Petersen, and Paolo Marcatili. 
# ... NetSurfP-2.0: Improved prediction of protein structural features by integrated deep learning.
# ... Proteins: Structure, Function, and Bioinformatics (Feb. 2019).
# ... https://doi.org/10.1002/prot.25674
# ...
#
# Column 1: Class assignment - B for buried or E for Exposed - Threshold: 25% exposure, but not based on RSA
# Column 2: Amino acid
# Column 3: Sequence name
# Column 4: Amino acid number
# Column 5: Relative Surface Accessibility - RSA
# Column 6: Absolute Surface Accessibility
# Column 7: Not used
# Column 8: Probability for Alpha-Helix
# Column 9: Probability for Beta-strand
# Column 10: Probability for Coil
E M  1PS1A                  1    0.778 155.625   0.000   0.000   0.000   1.000
E P  1PS1A                  2    0.620  88.042   0.000   0.004   0.001   0.995
E Q  1PS1A                  3    0.776 138.541   0.000   0.013   0.005   0.982
E D  1PS1A                  4    0.837 120.565   0.000   0.022   0.007   0.971
E V  1PS1A                  5    0.343  52.762   0.000   0.017   0.014   0.969
E D  1PS1A                  6    0.784 112.931   0.000   0.012   0.030   0.958
B F  1PS1A                  7    0.238  47.845   0.000   0.014   0.066   0.920
E H  1PS1A                  8    0.569 103.537   0.000   0.007   0.088   0.905
B I  1PS1A                  9    0.178  32.855   0.000   0.001   0.037   0.963
E P  1PS1A                 10    0.517  73.317   0.000   0.001   0.013   0.986
B L  1PS1A                 11    0.115  21.112   0.000   0.002   0.018   0.981
E P  1PS1A                 12    0.555  78.707   0.000   0.003   0.011   0.986
E G  1PS1A                 13    0.458  36.028   0.000   0.013   0.045   0.941
E R  1PS1A                 14    0.478 109.377   0.000   0.011   0.229   0.759
E Q  1PS1A                 15    0.548  97.795   0.000   0.006   0.464   0.530
B S  1PS1A                 16    0.066   7.752   0.000   0.000   0.012   0.988
E P  1PS1A                 17    0.718 101.950   0.000   0.057   0.001   0.942
E D  1PS1A                 18    0.300  43.185   0.000   0.077   0.001   0.922
B H  1PS1A                 19    0.206  37.401   0.000   0.927   0.001   0.072
E A  1PS1A                 20    0.645  71.052   0.000   0.986   0.000   0.014
E R  1PS1A                 21    0.583 133.414   0.000   0.985   0.000   0.015
B A  1PS1A                 22    0.023   2.539   0.000   0.986   0.000   0.013
E E  1PS1A                 23    0.395  68.990   0.000   0.988   0.000   0.012
E A  1PS1A                 24    0.568  62.642   0.000   0.988   0.000   0.012
E E  1PS1A                 25    0.442  77.154   0.000   0.967   0.000   0.033
B Q  1PS1A                 26    0.080  14.208   0.000   0.937   0.001   0.062
E L  1PS1A                 27    0.268  49.076   0.000   0.866   0.002   0.133
E A  1PS1A                 28    0.426  46.953   0.000   0.859   0.000   0.141
B W  1PS1A                 29    0.124  29.918   0.000   0.925   0.000   0.074
B P  1PS1A                 30    0.060   8.548   0.000   0.940   0.000   0.060
E R  1PS1A                 31    0.552 126.480   0.000   0.974   0.000   0.026
E S  1PS1A                 32    0.677  79.335   0.000   0.924   0.000   0.076
B L  1PS1A                 33    0.208  38.140   0.000   0.416   0.000   0.584
E G  1PS1A                 34    0.523  41.152   0.000   0.004   0.001   0.995
B L  1PS1A                 35    0.095  17.360   0.000   0.017   0.002   0.980
B I  1PS1A                 36    0.069  12.803   0.000   0.009   0.024   0.968
E R  1PS1A                 37    0.721 165.046   0.000   0.003   0.001   0.996
E S  1PS1A                 38    0.464  54.384   0.000   0.009   0.000   0.991
E D  1PS1A                 39    0.799 115.192   0.000   0.906   0.000   0.094
E A  1PS1A                 40    0.545  60.066   0.000   0.948   0.000   0.052
B A  1PS1A                 41    0.094  10.312   0.000   0.976   0.000   0.024
B A  1PS1A                 42    0.118  12.975   0.000   0.988   0.000   0.012
E E  1PS1A                 43    0.537  93.790   0.000   0.988   0.000   0.012
E R  1PS1A                 44    0.338  77.367   0.000   0.985   0.000   0.014
B H  1PS1A                 45    0.034   6.147   0.000   0.990   0.000   0.009
B L  1PS1A                 46    0.215  39.451   0.000   0.982   0.001   0.017
E R  1PS1A                 47    0.556 127.216   0.000   0.922   0.000   0.078
B G  1PS1A                 48    0.078   6.128   0.000   0.608   0.000   0.391
B G  1PS1A                 49    0.127  10.018   0.000   0.115   0.002   0.883
B Y  1PS1A                 50    0.031   6.644   0.000   0.960   0.000   0.039
B A  1PS1A                 51    0.014   1.518   0.000   0.998   0.000   0.002
B D  1PS1A                 52    0.166  23.974   0.000   0.998   0.000   0.002
B L  1PS1A                 53    0.014   2.594   0.000   0.997   0.000   0.002
B A  1PS1A                 54    0.003   0.358   0.000   0.996   0.000   0.004
B S  1PS1A                 55    0.023   2.701   0.000   0.977   0.000   0.023
B R  1PS1A                 56    0.179  41.017   0.000   0.931   0.000   0.069
B F  1PS1A                 57    0.051  10.188   0.000   0.900   0.000   0.100
B Y  1PS1A                 58    0.082  17.604   0.000   0.006   0.000   0.994
B P  1PS1A                 59    0.194  27.586   0.000   0.005   0.000   0.994
E H  1PS1A                 60    0.574 104.348   0.000   0.012   0.000   0.988
B A  1PS1A                 61    0.038   4.176   0.000   0.002   0.001   0.997
E T  1PS1A                 62    0.456  63.314   0.000   0.001   0.008   0.991
E G  1PS1A                 63    0.284  22.382   0.000   0.957   0.000   0.043
E A  1PS1A                 64    0.461  50.784   0.000   0.986   0.000   0.014
B D  1PS1A                 65    0.219  31.562   0.000   0.992   0.000   0.008
B L  1PS1A                 66    0.029   5.372   0.000   0.995   0.000   0.005
E D  1PS1A                 67    0.310  44.640   0.000   0.998   0.000   0.002
B L  1PS1A                 68    0.074  13.577   0.000   0.998   0.000   0.002
B G  1PS1A                 69    0.007   0.543   0.000   0.999   0.000   0.001
B V  1PS1A                 70    0.015   2.310   0.000   0.999   0.000   0.001
B D  1PS1A                 71    0.188  27.096   0.000   0.999   0.000   0.001
B L  1PS1A                 72    0.020   3.712   0.000   0.999   0.000   0.001
B M  1PS1A                 73    0.021   4.179   0.000   0.999   0.000   0.001
B S  1PS1A                 74    0.049   5.717   0.000   0.998   0.000   0.002
B W  1PS1A                 75    0.044  10.626   0.000   0.999   0.000   0.001
B F  1PS1A                 76    0.026   5.215   0.000   0.999   0.000   0.001
B F  1PS1A                 77    0.085  16.989   0.000   0.994   0.000   0.006
B L  1PS1A                 78    0.074  13.602   0.000   0.991   0.000   0.009
B F  1PS1A                 79    0.057  11.392   0.000   0.988   0.000   0.012
B D  1PS1A                 80    0.106  15.290   0.000   0.976   0.000   0.024
E D  1PS1A                 81    0.262  37.687   0.000   0.942   0.000   0.058
E L  1PS1A                 82    0.260  47.535   0.000   0.881   0.000   0.118
B F  1PS1A                 83    0.182  36.502   0.000   0.714   0.002   0.285
E D  1PS1A                 84    0.423  60.929   0.000   0.447   0.002   0.551
E G  1PS1A                 85    0.306  24.045   0.000   0.132   0.006   0.862
E P  1PS1A                 86    0.568  80.583   0.000   0.142   0.002   0.857
E R  1PS1A                 87    0.582 133.261   0.000   0.152   0.005   0.843
E G  1PS1A                 88    0.312  24.565   0.000   0.156   0.008   0.836
E E  1PS1A                 89    0.610 106.502   0.000   0.100   0.002   0.898
E N  1PS1A                 90    0.519  75.990   0.000   0.006   0.001   0.993
E P  1PS1A                 91    0.369  52.428   0.000   0.832   0.001   0.167
E E  1PS1A                 92    0.694 121.262   0.000   0.878   0.000   0.121
E D  1PS1A                 93    0.436  62.806   0.000   0.920   0.000   0.080
B T  1PS1A                 94    0.046   6.442   0.000   0.959   0.000   0.041
E K  1PS1A                 95    0.435  89.504   0.000   0.984   0.000   0.016
E Q  1PS1A                 96    0.583 104.063   0.000   0.984   0.000   0.016
B L  1PS1A                 97    0.104  19.018   0.000   0.988   0.000   0.012
B T  1PS1A                 98    0.075  10.347   0.000   0.996   0.000   0.004
E D  1PS1A                 99    0.583  84.039   0.000   0.997   0.000   0.003
E Q  1PS1A                100    0.451  80.488   0.000   0.994   0.000   0.005
B V  1PS1A                101    0.028   4.309   0.000   0.995   0.000   0.005
B A  1PS1A                102    0.172  18.914   0.000   0.995   0.000   0.005
E A  1PS1A                103    0.497  54.759   0.000   0.960   0.000   0.040
B A  1PS1A                104    0.126  13.869   0.000   0.899   0.000   0.101
B L  1PS1A                105    0.091  16.669   0.000   0.641   0.003   0.357
E D  1PS1A                106    0.700 100.813   0.000   0.317   0.003   0.679
E G  1PS1A                107    0.371  29.223   0.000   0.004   0.009   0.987
E P  1PS1A                108    0.776 110.167   0.000   0.000   0.003   0.996
E L  1PS1A                109    0.324  59.411   0.000   0.002   0.006   0.991
E P  1PS1A                110    0.323  45.870   0.000   0.019   0.002   0.979
E D  1PS1A                111    0.907 130.667   0.000   0.033   0.000   0.966
E T  1PS1A                112    0.692  95.924   0.000   0.029   0.002   0.968
E A  1PS1A                113    0.312  34.335   0.000   0.011   0.002   0.988
E P  1PS1A                114    0.309  43.880   0.000   0.049   0.001   0.950
E P  1PS1A                115    0.350  49.688   0.000   0.912   0.001   0.088
B I  1PS1A                116    0.086  15.863   0.000   0.964   0.001   0.035
B A  1PS1A                117    0.083   9.142   0.000   0.994   0.000   0.006
E H  1PS1A                118    0.469  85.326   0.000   0.988   0.000   0.012
B G  1PS1A                119    0.073   5.784   0.000   0.990   0.000   0.010
B F  1PS1A                120    0.048   9.538   0.000   0.988   0.000   0.012
B A  1PS1A                121    0.187  20.660   0.000   0.997   0.000   0.003
E D  1PS1A                122    0.399  57.534   0.000   0.995   0.000   0.005
B I  1PS1A                123    0.025   4.698   0.000   0.997   0.000   0.003
B W  1PS1A                124    0.103  24.883   0.000   0.996   0.000   0.004
E R  1PS1A                125    0.509 116.460   0.000   0.993   0.000   0.007
E R  1PS1A                126    0.426  97.508   0.000   0.981   0.000   0.019
B T  1PS1A                127    0.046   6.443   0.000   0.943   0.000   0.057
B C  1PS1A                128    0.156  21.888   0.000   0.766   0.002   0.232
E E  1PS1A                129    0.754 131.700   0.000   0.399   0.000   0.601
E G  1PS1A                130    0.644  50.654   0.000   0.260   0.000   0.739
B M  1PS1A                131    0.134  26.861   0.000   0.004   0.001   0.995
E T  1PS1A                132    0.444  61.625   0.000   0.001   0.000   0.999
E P  1PS1A                133    0.679  96.347   0.000   0.987   0.000   0.013
E A  1PS1A                134    0.511  56.280   0.000   0.991   0.000   0.008
B W  1PS1A                135    0.088  21.108   0.000   0.994   0.000   0.006
B C  1PS1A                136    0.110  15.429   0.000   0.997   0.000   0.003
E A  1PS1A                137    0.429  47.283   0.000   0.999   0.000   0.001
E R  1PS1A                138    0.314  71.839   0.000   0.999   0.000   0.001
B S  1PS1A                139    0.022   2.573   0.000   0.998   0.000   0.002
B A  1PS1A                140    0.089   9.803   0.000   0.999   0.000   0.001
E R  1PS1A                141    0.516 118.159   0.000   0.999   0.000   0.001
B H  1PS1A                142    0.103  18.655   0.000   0.998   0.000   0.002
B W  1PS1A                143    0.027   6.482   0.000   0.998   0.000   0.002
E R  1PS1A                144    0.355  81.247   0.000   0.999   0.000   0.001
E N  1PS1A                145    0.393  57.605   0.000   0.998   0.000   0.002
B Y  1PS1A                146    0.057  12.170   0.000   0.998   0.000   0.002
B F  1PS1A                147    0.041   8.136   0.000   0.998   0.000   0.002
E D  1PS1A                148    0.427  61.531   0.000   0.993   0.000   0.007
B G  1PS1A                149    0.047   3.738   0.000   0.992   0.000   0.008
B Y  1PS1A                150    0.077  16.464   0.000   0.990   0.000   0.009
B V  1PS1A                151    0.166  25.489   0.000   0.995   0.000   0.004
E D  1PS1A                152    0.388  55.896   0.000   0.993   0.000   0.006
B E  1PS1A                153    0.103  18.006   0.000   0.986   0.000   0.014
B A  1PS1A                154    0.085   9.318   0.000   0.977   0.000   0.023
E E  1PS1A                155    0.501  87.477   0.000   0.957   0.000   0.043
B S  1PS1A                156    0.202  23.658   0.000   0.921   0.001   0.078
E R  1PS1A                157    0.318  72.894   0.000   0.867   0.001   0.132
E F  1PS1A                158    0.503 100.995   0.000   0.805   0.001   0.194
E W  1PS1A                159    0.559 134.558   0.000   0.326   0.002   0.673
E N  1PS1A                160    0.814 119.122   0.000   0.037   0.000   0.963
E A  1PS1A                161    0.392  43.180   0.000   0.001   0.005   0.994
E P  1PS1A                162    0.570  80.895   0.000   0.001   0.010   0.989
B C  1PS1A                163    0.095  13.324   0.000   0.002   0.098   0.899
E D  1PS1A                164    0.702 101.204   0.000   0.002   0.003   0.995
E S  1PS1A                165    0.378  44.332   0.000   0.007   0.011   0.983
B A  1PS1A                166    0.148  16.272   0.000   0.980   0.000   0.020
E A  1PS1A                167    0.550  60.629   0.000   0.992   0.000   0.008
E Q  1PS1A                168    0.470  83.908   0.000   0.994   0.000   0.006
B Y  1PS1A                169    0.051  10.855   0.000   0.996   0.000   0.004
B L  1PS1A                170    0.128  23.481   0.000   0.993   0.000   0.007
E A  1PS1A                171    0.412  45.433   0.000   0.996   0.000   0.004
B M  1PS1A                172    0.126  25.257   0.000   0.984   0.000   0.016
B R  1PS1A                173    0.054  12.286   0.000   0.988   0.000   0.011
E R  1PS1A                174    0.261  59.759   0.000   0.981   0.000   0.019
E H  1PS1A                175    0.356  64.778   0.000   0.961   0.000   0.039
B T  1PS1A                176    0.087  12.101   0.000   0.819   0.001   0.180
B I  1PS1A                177    0.045   8.313   0.000   0.334   0.003   0.663
B G  1PS1A                178    0.017   1.340   0.000   0.315   0.002   0.683
B V  1PS1A                179    0.021   3.220   0.000   0.881   0.002   0.117
B Q  1PS1A                180    0.175  31.181   0.000   0.996   0.000   0.004
B P  1PS1A                181    0.017   2.482   0.000   0.998   0.000   0.002
B T  1PS1A                182    0.008   1.072   0.000   0.998   0.000   0.002
B V  1PS1A                183    0.027   4.112   0.000   0.999   0.000   0.001
B D  1PS1A                184    0.069  10.011   0.000   0.998   0.000   0.001
B L  1PS1A                185    0.016   3.016   0.000   0.996   0.000   0.004
B A  1PS1A                186    0.015   1.675   0.000   0.995   0.000   0.005
B E  1PS1A                187    0.185  32.305   0.000   0.992   0.000   0.008
B R  1PS1A                188    0.198  45.306   0.000   0.960   0.000   0.040
B A  1PS1A                189    0.070   7.728   0.000   0.868   0.001   0.132
E G  1PS1A                190    0.323  25.413   0.000   0.420   0.001   0.578
E R  1PS1A                191    0.627 143.661   0.000   0.081   0.003   0.917
B F  1PS1A                192    0.154  30.822   0.000   0.017   0.018   0.965
E E  1PS1A                193    0.740 129.340   0.000   0.005   0.027   0.968
B V  1PS1A                194    0.074  11.356   0.000   0.001   0.011   0.987
E P  1PS1A                195    0.255  36.223   0.000   0.003   0.013   0.985
E H  1PS1A                196    0.683 124.210   0.000   0.818   0.001   0.182
E R  1PS1A                197    0.567 129.786   0.000   0.855   0.001   0.144
B V  1PS1A                198    0.042   6.474   0.000   0.940   0.000   0.060
B F  1PS1A                199    0.141  28.252   0.000   0.813   0.000   0.187
E D  1PS1A                200    0.782 112.617   0.000   0.294   0.000   0.706
B S  1PS1A                201    0.197  23.094   0.000   0.003   0.000   0.997
E A  1PS1A                202    0.756  83.346   0.000   0.960   0.000   0.040
B V  1PS1A                203    0.154  23.697   0.000   0.939   0.000   0.061
B M  1PS1A                204    0.025   5.013   0.000   0.987   0.000   0.013
E S  1PS1A                205    0.402  47.166   0.000   0.996   0.000   0.004
E A  1PS1A                206    0.271  29.843   0.000   0.995   0.000   0.005
B M  1PS1A                207    0.015   3.036   0.000   0.997   0.000   0.003
B L  1PS1A                208    0.091  16.709   0.000   0.999   0.000   0.001
E Q  1PS1A                209    0.414  73.959   0.000   0.999   0.000   0.001
B I  1PS1A                210    0.046   8.580   0.000   0.998   0.000   0.002
B A  1PS1A                211    0.006   0.679   0.000   0.998   0.000   0.002
B V  1PS1A                212    0.053   8.188   0.000   0.999   0.000   0.001
B D  1PS1A                213    0.184  26.528   0.000   0.999   0.000   0.001
B V  1PS1A                214    0.023   3.475   0.000   0.998   0.000   0.002
B N  1PS1A                215    0.027   3.993   0.000   0.996   0.000   0.004
B L  1PS1A                216    0.087  15.911   0.000   0.990   0.000   0.010
B L  1PS1A                217    0.042   7.706   0.000   0.989   0.000   0.011
B L  1PS1A                218    0.050   9.219   0.000   0.993   0.000   0.007
B N  1PS1A                219    0.149  21.743   0.000   0.992   0.000   0.008
B D  1PS1A                220    0.066   9.543   0.000   0.998   0.000   0.002
B I  1PS1A                221    0.052   9.607   0.000   0.984   0.000   0.016
B A  1PS1A                222    0.128  14.139   0.000   0.869   0.001   0.130
B S  1PS1A                223    0.135  15.865   0.000   0.679   0.001   0.319
B L  1PS1A                224    0.094  17.175   0.000   0.759   0.000   0.240
E E  1PS1A                225    0.392  68.549   0.000   0.831   0.000   0.168
E K  1PS1A                226    0.337  69.344   0.000   0.817   0.001   0.183
B E  1PS1A                227    0.080  13.905   0.000   0.728   0.001   0.272
E E  1PS1A                228    0.420  73.417   0.000   0.716   0.000   0.283
E A  1PS1A                229    0.670  73.859   0.000   0.682   0.000   0.317
E R  1PS1A                230    0.600 137.455   0.000   0.180   0.000   0.820
E G  1PS1A                231    0.643  50.602   0.000   0.007   0.000   0.993
E E  1PS1A                232    0.412  71.910   0.000   0.005   0.005   0.990
E Q  1PS1A                233    0.410  73.182   0.000   0.028   0.010   0.961
B N  1PS1A                234    0.162  23.786   0.000   0.008   0.017   0.974
B N  1PS1A                235    0.076  11.078   0.000   0.016   0.045   0.939
B M  1PS1A                236    0.022   4.340   0.000   0.977   0.000   0.023
B V  1PS1A                237    0.018   2.781   0.000   0.999   0.000   0.001
B M  1PS1A                238    0.128  25.538   0.000   1.000   0.000   0.000
B I  1PS1A                239    0.029   5.349   0.000   1.000   0.000   0.000
B L  1PS1A                240    0.030   5.488   0.000   0.999   0.000   0.001
E R  1PS1A                241    0.305  69.807   0.000   0.998   0.000   0.002
E R  1PS1A                242    0.561 128.579   0.000   0.996   0.000   0.004
E E  1PS1A                243    0.492  85.931   0.000   0.983   0.000   0.017
E H  1PS1A                244    0.416  75.583   0.000   0.793   0.000   0.207
E G  1PS1A                245    0.825  64.924   0.000   0.001   0.000   0.999
B W  1PS1A                246    0.237  56.965   0.000   0.001   0.002   0.997
E S  1PS1A                247    0.528  61.888   0.000   0.001   0.001   0.998
E K  1PS1A                248    0.446  91.829   0.000   0.984   0.000   0.016
E S  1PS1A                249    0.629  73.684   0.000   0.992   0.000   0.008
E R  1PS1A                250    0.548 125.510   0.000   0.995   0.000   0.004
B S  1PS1A                251    0.015   1.811   0.000   0.998   0.000   0.002
B V  1PS1A                252    0.098  15.123   0.000   0.999   0.000   0.001
E S  1PS1A                253    0.492  57.650   0.000   0.999   0.000   0.001
E H  1PS1A                254    0.348  63.356   0.000   0.999   0.000   0.001
B M  1PS1A                255    0.009   1.882   0.000   0.999   0.000   0.001
B Q  1PS1A                256    0.233  41.679   0.000   0.999   0.000   0.001
E N  1PS1A                257    0.603  88.218   0.000   0.999   0.000   0.001
E E  1PS1A                258    0.318  55.513   0.000   0.999   0.000   0.001
B V  1PS1A                259    0.013   1.987   0.000   0.999   0.000   0.001
E R  1PS1A                260    0.411  94.165   0.000   0.999   0.000   0.001
E A  1PS1A                261    0.423  46.586   0.000   0.999   0.000   0.001
B R  1PS1A                262    0.170  38.819   0.000   0.998   0.000   0.002
B L  1PS1A                263    0.064  11.660   0.000   0.999   0.000   0.001
E E  1PS1A                264    0.557  97.299   0.000   0.999   0.000   0.001
E Q  1PS1A                265    0.388  69.341   0.000   0.998   0.000   0.002
B Y  1PS1A                266    0.037   7.892   0.000   0.999   0.000   0.001
E L  1PS1A                267    0.273  49.914   0.000   0.997   0.000   0.003
E L  1PS1A                268    0.484  88.712   0.000   0.988   0.000   0.012
B L  1PS1A                269    0.050   9.097   0.000   0.981   0.000   0.019
E E  1PS1A                270    0.267  46.648   0.000   0.975   0.000   0.025
E S  1PS1A                271    0.651  76.279   0.000   0.806   0.000   0.193
E C  1PS1A                272    0.337  47.279   0.000   0.607   0.000   0.392
B L  1PS1A                273    0.053   9.794   0.000   0.695   0.001   0.304
E P  1PS1A                274    0.380  53.978   0.000   0.731   0.001   0.268
E K  1PS1A                275    0.589 121.240   0.000   0.751   0.008   0.240
B V  1PS1A                276    0.157  24.160   0.000   0.763   0.010   0.227
B G  1PS1A                277    0.177  13.906   0.000   0.819   0.004   0.177
E E  1PS1A                278    0.688 120.271   0.000   0.811   0.004   0.186
E I  1PS1A                279    0.355  65.615   0.000   0.799   0.005   0.196
E Y  1PS1A                280    0.265  56.646   0.000   0.580   0.008   0.412
E Q  1PS1A                281    0.820 146.382   0.000   0.176   0.004   0.820
B L  1PS1A                282    0.177  32.452   0.000   0.008   0.004   0.989
E D  1PS1A                283    0.630  90.715   0.000   0.007   0.000   0.993
E T  1PS1A                284    0.767 106.394   0.000   0.950   0.000   0.050
E A  1PS1A                285    0.615  67.736   0.000   0.964   0.000   0.036
E E  1PS1A                286    0.317  55.461   0.000   0.979   0.000   0.021
E R  1PS1A                287    0.290  66.400   0.000   0.989   0.000   0.011
E E  1PS1A                288    0.565  98.658   0.000   0.994   0.000   0.006
E A  1PS1A                289    0.259  28.522   0.000   0.994   0.000   0.006
B L  1PS1A                290    0.036   6.543   0.000   0.996   0.000   0.004
E E  1PS1A                291    0.327  57.099   0.000   0.998   0.000   0.002
E R  1PS1A                292    0.479 109.599   0.000   0.995   0.000   0.005
B Y  1PS1A                293    0.147  31.467   0.000   0.994   0.000   0.006
B R  1PS1A                294    0.122  28.023   0.000   0.995   0.000   0.005
B T  1PS1A                295    0.147  20.335   0.000   0.998   0.000   0.002
E D  1PS1A                296    0.398  57.418   0.000   0.998   0.000   0.002
B A  1PS1A                297    0.027   2.943   0.000   0.999   0.000   0.001
B V  1PS1A                298    0.018   2.759   0.000   0.999   0.000   0.001
E R  1PS1A                299    0.341  78.176   0.000   0.999   0.000   0.001
B T  1PS1A                300    0.149  20.721   0.000   0.999   0.000   0.001
B V  1PS1A                301    0.025   3.786   0.000   0.999   0.000   0.001
B I  1PS1A                302    0.032   5.898   0.000   0.999   0.000   0.001
E R  1PS1A                303    0.295  67.491   0.000   0.996   0.000   0.004
B G  1PS1A                304    0.042   3.329   0.000   0.994   0.000   0.006
B S  1PS1A                305    0.035   4.154   0.000   0.995   0.000   0.005
B Y  1PS1A                306    0.160  34.211   0.000   0.993   0.000   0.007
E D  1PS1A                307    0.328  47.199   0.000   0.992   0.000   0.008
B W  1PS1A                308    0.088  21.050   0.000   0.982   0.000   0.018
B H  1PS1A                309    0.076  13.824   0.000   0.967   0.000   0.032
E R  1PS1A                310    0.419  95.914   0.000   0.807   0.001   0.192
E S  1PS1A                311    0.494  57.854   0.000   0.634   0.001   0.365
B S  1PS1A                312    0.134  15.685   0.000   0.133   0.006   0.862
E G  1PS1A                313    0.411  32.367   0.000   0.131   0.005   0.864
B R  1PS1A                314    0.214  49.024   0.000   0.172   0.013   0.815
B Y  1PS1A                315    0.171  36.517   0.000   0.182   0.042   0.777
E D  1PS1A                316    0.453  65.298   0.000   0.062   0.018   0.920
E A  1PS1A                317    0.282  31.112   0.000   0.604   0.002   0.394
E E  1PS1A                318    0.678 118.424   0.000   0.675   0.002   0.322
E F  1PS1A                319    0.397  79.776   0.000   0.713   0.006   0.282
B A  1PS1A                320    0.223  24.527   0.000   0.634   0.006   0.360
E L  1PS1A                321    0.414  75.819   0.000   0.459   0.008   0.534
E A  1PS1A                322    0.607  66.844   0.000   0.385   0.004   0.611
E A  1PS1A                323    0.499  54.944   0.000   0.198   0.002   0.800
E G  1PS1A                324    0.502  39.476   0.000   0.077   0.002   0.921
E A  1PS1A                325    0.424  46.779   0.000   0.072   0.005   0.924
E Q  1PS1A                326    0.628 112.230   0.000   0.053   0.006   0.940
E G  1PS1A                327    0.469  36.930   0.000   0.057   0.006   0.937
E Y  1PS1A                328    0.424  90.530   0.000   0.059   0.010   0.932
E L  1PS1A                329    0.502  91.893   0.000   0.023   0.007   0.970
E E  1PS1A                330    0.735 128.474   0.000   0.018   0.004   0.978
E E  1PS1A                331    0.694 121.314   0.000   0.012   0.002   0.986
E L  1PS1A                332    0.579 106.093   0.000   0.005   0.001   0.994
E G  1PS1A                333    0.680  53.529   0.000   0.003   0.000   0.996
E S  1PS1A                334    0.684  80.212   0.000   0.003   0.001   0.997
E S  1PS1A                335    0.745  87.312   0.000   0.002   0.001   0.997
E A  1PS1A                336    0.688  75.830   0.000   0.001   0.001   0.998
E H  1PS1A                337    0.888 161.470   0.000   0.000   0.000   1.000
