# For publication of results, please cite:
# ...
# ... Michael Schantz Klausen, Martin Closter Jespersen, Henrik Nielsen, Kamilla Kjærgaard Jensen, 
# ... Vanessa Isabell Jurtz, Casper Kaae Sønderby, Morten Otto Alexander Sommer, Ole Winther, 
# ... Morten Nielsen, Bent Petersen, and Paolo Marcatili. 
# ... NetSurfP-2.0: Improved prediction of protein structural features by integrated deep learning.
# ... Proteins: Structure, Function, and Bioinformatics (Feb. 2019).
# ... https://doi.org/10.1002/prot.25674
# ...
#
# Column 1: Class assignment - B for buried or E for Exposed - Threshold: 25% exposure, but not based on RSA
# Column 2: Amino acid
# Column 3: Sequence name
# Column 4: Amino acid number
# Column 5: Relative Surface Accessibility - RSA
# Column 6: Absolute Surface Accessibility
# Column 7: Not used
# Column 8: Probability for Alpha-Helix
# Column 9: Probability for Beta-strand
# Column 10: Probability for Coil
E T  3UWSA                  1    0.928 128.778   0.000   0.000   0.000   1.000
E P  3UWSA                  2    0.826 117.180   0.000   0.002   0.001   0.997
E E  3UWSA                  3    0.795 138.812   0.000   0.002   0.002   0.996
E P  3UWSA                  4    0.628  89.166   0.000   0.010   0.006   0.984
E R  3UWSA                  5    0.627 143.563   0.000   0.019   0.105   0.877
E T  3UWSA                  6    0.381  52.804   0.000   0.016   0.296   0.688
E T  3UWSA                  7    0.402  55.810   0.000   0.009   0.438   0.553
B R  3UWSA                  8    0.249  57.016   0.000   0.005   0.832   0.163
B T  3UWSA                  9    0.059   8.151   0.000   0.000   0.988   0.012
B I  3UWSA                 10    0.017   3.221   0.000   0.000   0.999   0.001
B L  3UWSA                 11    0.049   9.037   0.000   0.000   0.999   0.001
B V  3UWSA                 12    0.012   1.832   0.000   0.000   0.999   0.001
B Y  3UWSA                 13    0.149  31.845   0.000   0.000   0.968   0.032
B A  3UWSA                 14    0.035   3.875   0.000   0.000   0.698   0.301
E N  3UWSA                 15    0.343  50.165   0.000   0.001   0.129   0.870
E N  3UWSA                 16    0.372  54.492   0.000   0.028   0.016   0.957
E S  3UWSA                 17    0.471  55.200   0.000   0.043   0.018   0.939
B L  3UWSA                 18    0.197  36.069   0.000   0.214   0.006   0.780
E N  3UWSA                 19    0.509  74.487   0.000   0.728   0.001   0.271
E S  3UWSA                 20    0.581  68.148   0.000   0.897   0.001   0.103
E F  3UWSA                 21    0.309  61.932   0.000   0.938   0.001   0.062
B A  3UWSA                 22    0.052   5.688   0.000   0.966   0.001   0.033
E S  3UWSA                 23    0.381  44.600   0.000   0.956   0.002   0.041
E K  3UWSA                 24    0.554 113.966   0.000   0.929   0.001   0.070
B N  3UWSA                 25    0.245  35.920   0.000   0.803   0.008   0.190
B I  3UWSA                 26    0.093  17.156   0.000   0.986   0.000   0.014
E E  3UWSA                 27    0.640 111.762   0.000   0.993   0.000   0.007
E S  3UWSA                 28    0.411  48.166   0.000   0.984   0.000   0.016
B I  3UWSA                 29    0.032   5.929   0.000   0.984   0.000   0.016
E E  3UWSA                 30    0.360  62.868   0.000   0.940   0.001   0.059
E G  3UWSA                 31    0.576  45.307   0.000   0.726   0.001   0.273
B A  3UWSA                 32    0.172  18.907   0.000   0.494   0.002   0.504
E T  3UWSA                 33    0.291  40.350   0.000   0.273   0.055   0.672
E S  3UWSA                 34    0.360  42.241   0.000   0.133   0.042   0.825
E K  3UWSA                 35    0.735 151.157   0.000   0.153   0.009   0.838
E N  3UWSA                 36    0.706 103.425   0.000   0.133   0.008   0.859
B L  3UWSA                 37    0.177  32.389   0.000   0.180   0.021   0.799
E N  3UWSA                 38    0.781 114.382   0.000   0.047   0.014   0.938
E G  3UWSA                 39    0.479  37.674   0.000   0.069   0.028   0.903
B G  3UWSA                 40    0.145  11.386   0.000   0.007   0.230   0.764
B N  3UWSA                 41    0.209  30.627   0.000   0.002   0.856   0.143
B L  3UWSA                 42    0.019   3.395   0.000   0.000   0.998   0.002
B I  3UWSA                 43    0.025   4.699   0.000   0.000   1.000   0.000
B V  3UWSA                 44    0.008   1.210   0.000   0.000   0.999   0.001
B Y  3UWSA                 45    0.067  14.381   0.000   0.000   0.991   0.008
B Y  3UWSA                 46    0.078  16.631   0.000   0.000   0.939   0.061
B A  3UWSA                 47    0.116  12.797   0.000   0.000   0.457   0.542
E P  3UWSA                 48    0.321  45.577   0.000   0.003   0.300   0.697
E A  3UWSA                 49    0.416  45.877   0.000   0.006   0.036   0.958
E G  3UWSA                 50    0.788  62.023   0.000   0.002   0.004   0.994
E S  3UWSA                 51    0.562  65.863   0.000   0.000   0.017   0.982
E P  3UWSA                 52    0.534  75.778   0.000   0.000   0.011   0.989
B P  3UWSA                 53    0.245  34.808   0.000   0.000   0.070   0.930
E E  3UWSA                 54    0.296  51.678   0.000   0.000   0.949   0.051
B L  3UWSA                 55    0.161  29.469   0.000   0.000   0.986   0.014
B L  3UWSA                 56    0.072  13.092   0.000   0.000   0.999   0.001
E R  3UWSA                 57    0.265  60.755   0.000   0.000   0.999   0.001
B I  3UWSA                 58    0.049   9.145   0.000   0.000   0.999   0.001
E K  3UWSA                 59    0.317  65.176   0.000   0.000   0.996   0.004
E E  3UWSA                 60    0.356  62.275   0.000   0.000   0.983   0.017
E E  3UWSA                 61    0.501  87.449   0.000   0.001   0.960   0.039
E N  3UWSA                 62    0.955 139.827   0.000   0.001   0.001   0.998
E G  3UWSA                 63    0.709  55.777   0.000   0.005   0.000   0.995
E V  3UWSA                 64    0.579  88.922   0.000   0.000   0.961   0.038
E V  3UWSA                 65    0.259  39.871   0.000   0.000   0.993   0.007
E K  3UWSA                 66    0.478  98.401   0.000   0.000   0.985   0.015
E K  3UWSA                 67    0.478  98.397   0.000   0.001   0.980   0.019
E I  3UWSA                 68    0.322  59.567   0.000   0.001   0.969   0.030
E H  3UWSA                 69    0.485  88.263   0.000   0.002   0.965   0.033
B L  3UWSA                 70    0.245  44.839   0.000   0.010   0.856   0.134
E K  3UWSA                 71    0.438  90.116   0.000   0.004   0.872   0.124
E D  3UWSA                 72    0.504  72.603   0.000   0.005   0.708   0.287
B Y  3UWSA                 73    0.156  33.390   0.000   0.308   0.240   0.451
E E  3UWSA                 74    0.727 127.075   0.000   0.403   0.072   0.525
E K  3UWSA                 75    0.708 145.633   0.000   0.369   0.081   0.550
E Q  3UWSA                 76    0.341  60.846   0.000   0.069   0.115   0.816
E N  3UWSA                 77    0.473  69.292   0.000   0.021   0.131   0.848
E S  3UWSA                 78    0.255  29.927   0.000   0.031   0.003   0.966
E A  3UWSA                 79    0.567  62.533   0.000   0.024   0.002   0.974
E D  3UWSA                 80    0.377  54.298   0.000   0.002   0.001   0.997
E P  3UWSA                 81    0.728 103.237   0.000   0.805   0.001   0.195
E D  3UWSA                 82    0.631  90.859   0.000   0.753   0.001   0.246
B V  3UWSA                 83    0.072  11.140   0.000   0.888   0.002   0.110
E R  3UWSA                 84    0.501 114.621   0.000   0.976   0.001   0.023
E S  3UWSA                 85    0.551  64.565   0.000   0.976   0.001   0.023
B V  3UWSA                 86    0.081  12.438   0.000   0.995   0.000   0.005
B I  3UWSA                 87    0.053   9.782   0.000   0.996   0.000   0.004
E G  3UWSA                 88    0.368  28.993   0.000   0.995   0.000   0.005
E E  3UWSA                 89    0.457  79.871   0.000   0.996   0.000   0.004
B V  3UWSA                 90    0.020   3.003   0.000   0.995   0.000   0.005
B V  3UWSA                 91    0.226  34.733   0.000   0.987   0.000   0.013
E S  3UWSA                 92    0.733  85.864   0.000   0.834   0.000   0.166
E Q  3UWSA                 93    0.502  89.651   0.000   0.713   0.000   0.287
B Y  3UWSA                 94    0.162  34.596   0.000   0.002   0.017   0.981
E P  3UWSA                 95    0.494  70.111   0.000   0.002   0.026   0.972
B A  3UWSA                 96    0.141  15.552   0.000   0.007   0.221   0.772
E D  3UWSA                 97    0.665  95.758   0.000   0.008   0.162   0.831
E S  3UWSA                 98    0.263  30.819   0.000   0.002   0.943   0.054
E Y  3UWSA                 99    0.250  53.494   0.000   0.001   0.949   0.050
B G  3UWSA                100    0.124   9.772   0.000   0.000   0.988   0.012
B L  3UWSA                101    0.173  31.746   0.000   0.001   0.984   0.015
B V  3UWSA                102    0.183  28.166   0.000   0.001   0.973   0.027
B L  3UWSA                103    0.160  29.384   0.000   0.001   0.919   0.079
E W  3UWSA                104    0.367  88.180   0.000   0.007   0.622   0.371
E S  3UWSA                105    0.268  31.385   0.000   0.013   0.314   0.673
E H  3UWSA                106    0.463  84.148   0.000   0.055   0.166   0.779
E G  3UWSA                107    0.484  38.091   0.000   0.080   0.087   0.832
E T  3UWSA                108    0.672  93.167   0.000   0.065   0.067   0.867
E A  3UWSA                109    0.485  53.446   0.000   0.097   0.116   0.787
E W  3UWSA                110    0.659 158.536   0.000   0.058   0.109   0.833
E L  3UWSA                111    0.413  75.583   0.000   0.006   0.047   0.947
E P  3UWSA                112    0.481  68.289   0.000   0.040   0.037   0.923
E S  3UWSA                113    0.688  80.664   0.000   0.582   0.002   0.416
E D  3UWSA                114    0.766 110.411   0.000   0.614   0.002   0.384
E Y  3UWSA                115    0.419  89.518   0.000   0.740   0.002   0.259
E Q  3UWSA                116    0.512  91.527   0.000   0.671   0.004   0.325
E N  3UWSA                117    0.807 118.139   0.000   0.630   0.004   0.366
E K  3UWSA                118    0.655 134.795   0.000   0.483   0.004   0.513
E L  3UWSA                119    0.523  95.811   0.000   0.226   0.009   0.765
E K  3UWSA                120    0.908 186.738   0.000   0.000   0.000   1.000
