# For publication of results, please cite:
# ...
# ... Michael Schantz Klausen, Martin Closter Jespersen, Henrik Nielsen, Kamilla Kjærgaard Jensen, 
# ... Vanessa Isabell Jurtz, Casper Kaae Sønderby, Morten Otto Alexander Sommer, Ole Winther, 
# ... Morten Nielsen, Bent Petersen, and Paolo Marcatili. 
# ... NetSurfP-2.0: Improved prediction of protein structural features by integrated deep learning.
# ... Proteins: Structure, Function, and Bioinformatics (Feb. 2019).
# ... https://doi.org/10.1002/prot.25674
# ...
#
# Column 1: Class assignment - B for buried or E for Exposed - Threshold: 25% exposure, but not based on RSA
# Column 2: Amino acid
# Column 3: Sequence name
# Column 4: Amino acid number
# Column 5: Relative Surface Accessibility - RSA
# Column 6: Absolute Surface Accessibility
# Column 7: Not used
# Column 8: Probability for Alpha-Helix
# Column 9: Probability for Beta-strand
# Column 10: Probability for Coil
E G  2OJ5C                  1    0.963  75.827   0.000   0.000   0.000   1.000
E S  2OJ5C                  2    0.820  96.067   0.000   0.004   0.014   0.982
E S  2OJ5C                  3    0.698  81.830   0.000   0.002   0.020   0.978
E P  2OJ5C                  4    0.524  74.365   0.000   0.006   0.023   0.971
E N  2OJ5C                  5    0.641  93.858   0.000   0.009   0.277   0.715
E L  2OJ5C                  6    0.322  58.970   0.000   0.008   0.489   0.503
E R  2OJ5C                  7    0.560 128.343   0.000   0.006   0.577   0.417
E Y  2OJ5C                  8    0.312  66.569   0.000   0.001   0.524   0.475
E P  2OJ5C                  9    0.465  65.981   0.000   0.007   0.406   0.588
E I  2OJ5C                 10    0.262  48.404   0.000   0.021   0.619   0.360
E A  2OJ5C                 11    0.482  53.081   0.000   0.051   0.586   0.363
E D  2OJ5C                 12    0.490  70.594   0.000   0.061   0.329   0.610
E V  2OJ5C                 13    0.458  70.335   0.000   0.046   0.216   0.738
E S  2OJ5C                 14    0.738  86.472   0.000   0.049   0.162   0.789
E G  2OJ5C                 15    0.614  48.285   0.000   0.030   0.059   0.910
E G  2OJ5C                 16    0.403  31.719   0.000   0.025   0.330   0.645
E I  2OJ5C                 17    0.307  56.826   0.000   0.006   0.650   0.344
E G  2OJ5C                 18    0.323  25.430   0.000   0.007   0.737   0.256
E M  2OJ5C                 19    0.329  65.885   0.000   0.005   0.650   0.345
B S  2OJ5C                 20    0.225  26.367   0.000   0.001   0.178   0.821
E P  2OJ5C                 21    0.673  95.454   0.000   0.046   0.026   0.928
E N  2OJ5C                 22    0.616  90.225   0.000   0.039   0.038   0.923
E Y  2OJ5C                 23    0.291  62.080   0.000   0.040   0.332   0.628
E R  2OJ5C                 24    0.442 101.288   0.000   0.042   0.435   0.522
E F  2OJ5C                 25    0.260  52.177   0.000   0.012   0.606   0.382
E R  2OJ5C                 26    0.332  76.070   0.000   0.015   0.650   0.335
E Q  2OJ5C                 27    0.467  83.342   0.000   0.007   0.638   0.354
B S  2OJ5C                 28    0.181  21.265   0.000   0.005   0.745   0.250
E M  2OJ5C                 29    0.351  70.230   0.000   0.002   0.770   0.228
B W  2OJ5C                 30    0.099  23.728   0.000   0.001   0.907   0.092
E I  2OJ5C                 31    0.308  57.056   0.000   0.000   0.968   0.032
B G  2OJ5C                 32    0.054   4.237   0.000   0.000   0.978   0.022
E I  2OJ5C                 33    0.307  56.823   0.000   0.000   0.984   0.016
B V  2OJ5C                 34    0.029   4.493   0.000   0.000   0.989   0.010
B S  2OJ5C                 35    0.249  29.220   0.000   0.000   0.989   0.011
B Y  2OJ5C                 36    0.132  28.216   0.000   0.000   0.968   0.032
E S  2OJ5C                 37    0.429  50.283   0.000   0.002   0.831   0.167
E G  2OJ5C                 38    0.315  24.769   0.000   0.005   0.518   0.477
E S  2OJ5C                 39    0.807  94.635   0.000   0.026   0.031   0.943
E G  2OJ5C                 40    0.672  52.869   0.000   0.014   0.026   0.960
E L  2OJ5C                 41    0.265  48.545   0.000   0.019   0.292   0.690
E N  2OJ5C                 42    0.570  83.452   0.000   0.005   0.527   0.468
B W  2OJ5C                 43    0.162  39.003   0.000   0.002   0.824   0.173
E R  2OJ5C                 44    0.527 120.754   0.000   0.000   0.953   0.046
B V  2OJ5C                 45    0.081  12.501   0.000   0.000   0.968   0.032
E Q  2OJ5C                 46    0.530  94.676   0.000   0.000   0.956   0.044
B V  2OJ5C                 47    0.042   6.441   0.000   0.001   0.909   0.090
E N  2OJ5C                 48    0.429  62.762   0.000   0.000   0.868   0.131
B S  2OJ5C                 49    0.110  12.899   0.000   0.004   0.818   0.179
E D  2OJ5C                 50    0.359  51.751   0.000   0.003   0.907   0.091
B I  2OJ5C                 51    0.076  14.058   0.000   0.001   0.961   0.038
B F  2OJ5C                 52    0.212  42.577   0.000   0.001   0.981   0.018
E I  2OJ5C                 53    0.265  48.940   0.000   0.000   0.986   0.014
B V  2OJ5C                 54    0.210  32.295   0.000   0.001   0.837   0.163
E D  2OJ5C                 55    0.620  89.396   0.000   0.001   0.041   0.959
E D  2OJ5C                 56    0.530  76.366   0.000   0.001   0.007   0.993
E Y  2OJ5C                 57    0.288  61.586   0.000   0.000   0.979   0.021
B I  2OJ5C                 58    0.014   2.558   0.000   0.000   0.999   0.001
B H  2OJ5C                 59    0.189  34.306   0.000   0.000   0.999   0.001
B I  2OJ5C                 60    0.006   1.198   0.000   0.000   0.999   0.001
B C  2OJ5C                 61    0.141  19.858   0.000   0.000   0.980   0.019
B L  2OJ5C                 62    0.035   6.439   0.000   0.001   0.794   0.205
E P  2OJ5C                 63    0.309  43.841   0.000   0.031   0.276   0.693
E A  2OJ5C                 64    0.363  40.000   0.000   0.062   0.197   0.740
B F  2OJ5C                 65    0.207  41.464   0.000   0.047   0.352   0.602
E D  2OJ5C                 66    0.614  88.518   0.000   0.011   0.308   0.681
E G  2OJ5C                 67    0.346  27.223   0.000   0.041   0.184   0.775
E F  2OJ5C                 68    0.354  71.077   0.000   0.043   0.243   0.714
E S  2OJ5C                 69    0.260  30.491   0.000   0.051   0.529   0.419
B I  2OJ5C                 70    0.173  31.957   0.000   0.028   0.623   0.349
B A  2OJ5C                 71    0.226  24.917   0.000   0.020   0.205   0.776
E D  2OJ5C                 72    0.731 105.374   0.000   0.023   0.101   0.876
E G  2OJ5C                 73    0.527  41.443   0.000   0.042   0.080   0.878
B G  2OJ5C                 74    0.234  18.428   0.000   0.036   0.252   0.712
E D  2OJ5C                 75    0.452  65.081   0.000   0.010   0.496   0.494
B L  2OJ5C                 76    0.040   7.384   0.000   0.002   0.895   0.103
B S  2OJ5C                 77    0.211  24.777   0.000   0.001   0.972   0.028
B L  2OJ5C                 78    0.032   5.947   0.000   0.001   0.981   0.019
B N  2OJ5C                 79    0.225  32.903   0.000   0.001   0.930   0.068
B F  2OJ5C                 80    0.094  18.943   0.000   0.003   0.840   0.157
B V  2OJ5C                 81    0.175  26.967   0.000   0.004   0.736   0.260
E T  2OJ5C                 82    0.271  37.569   0.000   0.008   0.527   0.465
E G  2OJ5C                 83    0.349  27.463   0.000   0.007   0.145   0.848
B L  2OJ5C                 84    0.232  42.447   0.000   0.008   0.159   0.833
E L  2OJ5C                 85    0.387  70.826   0.000   0.005   0.055   0.940
E P  2OJ5C                 86    0.383  54.399   0.000   0.053   0.009   0.938
E P  2OJ5C                 87    0.434  61.570   0.000   0.125   0.053   0.823
E L  2OJ5C                 88    0.273  50.040   0.000   0.122   0.179   0.700
E L  2OJ5C                 89    0.414  75.887   0.000   0.098   0.193   0.709
E T  2OJ5C                 90    0.485  67.201   0.000   0.055   0.165   0.780
E G  2OJ5C                 91    0.430  33.802   0.000   0.029   0.133   0.839
E D  2OJ5C                 92    0.661  95.248   0.000   0.023   0.146   0.831
E T  2OJ5C                 93    0.392  54.315   0.000   0.021   0.303   0.676
E E  2OJ5C                 94    0.582 101.588   0.000   0.007   0.326   0.667
E P  2OJ5C                 95    0.431  61.102   0.000   0.034   0.289   0.676
E A  2OJ5C                 96    0.300  33.088   0.000   0.044   0.356   0.600
E F  2OJ5C                 97    0.496  99.525   0.000   0.047   0.419   0.534
E H  2OJ5C                 98    0.408  74.172   0.000   0.049   0.347   0.604
E N  2OJ5C                 99    0.648  94.849   0.000   0.035   0.188   0.777
E D  2OJ5C                100    0.374  53.939   0.000   0.021   0.117   0.862
E V  2OJ5C                101    0.295  45.276   0.000   0.216   0.128   0.656
B V  2OJ5C                102    0.192  29.551   0.000   0.239   0.170   0.591
E T  2OJ5C                103    0.319  44.274   0.000   0.305   0.207   0.488
E Y  2OJ5C                104    0.377  80.498   0.000   0.182   0.192   0.626
E G  2OJ5C                105    0.298  23.438   0.000   0.051   0.166   0.783
B A  2OJ5C                106    0.079   8.752   0.000   0.007   0.348   0.645
E Q  2OJ5C                107    0.419  74.866   0.000   0.005   0.383   0.612
B T  2OJ5C                108    0.243  33.660   0.000   0.002   0.925   0.074
B V  2OJ5C                109    0.032   4.910   0.000   0.001   0.983   0.016
B A  2OJ5C                110    0.066   7.221   0.000   0.000   0.992   0.008
B I  2OJ5C                111    0.050   9.284   0.000   0.000   0.993   0.007
B G  2OJ5C                112    0.057   4.463   0.000   0.000   0.981   0.019
B L  2OJ5C                113    0.132  24.137   0.000   0.002   0.906   0.092
B S  2OJ5C                114    0.243  28.477   0.000   0.005   0.661   0.334
E S  2OJ5C                115    0.542  63.553   0.000   0.009   0.321   0.670
E G  2OJ5C                116    0.735  57.882   0.000   0.011   0.010   0.979
E G  2OJ5C                117    0.646  50.826   0.000   0.006   0.004   0.989
E T  2OJ5C                118    0.656  90.949   0.000   0.001   0.272   0.727
E P  2OJ5C                119    0.476  67.591   0.000   0.004   0.673   0.324
E Q  2OJ5C                120    0.379  67.628   0.000   0.002   0.785   0.213
E Y  2OJ5C                121    0.518 110.615   0.000   0.005   0.868   0.127
B M  2OJ5C                122    0.132  26.496   0.000   0.029   0.828   0.144
E S  2OJ5C                123    0.326  38.200   0.000   0.021   0.905   0.074
E K  2OJ5C                124    0.263  54.117   0.000   0.012   0.944   0.044
E N  2OJ5C                125    0.358  52.417   0.000   0.005   0.954   0.041
B L  2OJ5C                126    0.086  15.753   0.000   0.004   0.917   0.079
E W  2OJ5C                127    0.316  75.888   0.000   0.001   0.943   0.056
B V  2OJ5C                128    0.092  14.090   0.000   0.007   0.928   0.065
E E  2OJ5C                129    0.515  89.986   0.000   0.010   0.867   0.122
E Q  2OJ5C                130    0.467  83.352   0.000   0.006   0.942   0.052
E W  2OJ5C                131    0.279  67.091   0.000   0.003   0.884   0.113
E Q  2OJ5C                132    0.565 100.891   0.000   0.001   0.957   0.042
E D  2OJ5C                133    0.853 122.903   0.000   0.002   0.015   0.983
E G  2OJ5C                134    0.265  20.820   0.000   0.004   0.026   0.970
B V  2OJ5C                135    0.245  37.731   0.000   0.000   0.951   0.049
B L  2OJ5C                136    0.023   4.241   0.000   0.000   0.997   0.003
E R  2OJ5C                137    0.349  79.843   0.000   0.000   0.994   0.006
B L  2OJ5C                138    0.029   5.258   0.000   0.000   0.990   0.009
E R  2OJ5C                139    0.400  91.653   0.000   0.000   0.959   0.041
B V  2OJ5C                140    0.088  13.566   0.000   0.001   0.892   0.107
E E  2OJ5C                141    0.559  97.703   0.000   0.013   0.400   0.587
E G  2OJ5C                142    0.701  55.185   0.000   0.014   0.111   0.875
E G  2OJ5C                143    0.659  51.885   0.000   0.056   0.055   0.889
E G  2OJ5C                144    0.605  47.639   0.000   0.025   0.087   0.888
E S  2OJ5C                145    0.564  66.044   0.000   0.011   0.463   0.526
E I  2OJ5C                146    0.354  65.497   0.000   0.009   0.742   0.250
E T  2OJ5C                147    0.453  62.812   0.000   0.013   0.746   0.241
E H  2OJ5C                148    0.292  53.097   0.000   0.008   0.832   0.160
E S  2OJ5C                149    0.402  47.141   0.000   0.012   0.707   0.281
E N  2OJ5C                150    0.655  95.841   0.000   0.034   0.579   0.387
E S  2OJ5C                151    0.308  36.146   0.000   0.016   0.606   0.378
E K  2OJ5C                152    0.635 130.624   0.000   0.007   0.606   0.388
B W  2OJ5C                153    0.125  30.092   0.000   0.004   0.368   0.629
E P  2OJ5C                154    0.393  55.758   0.000   0.003   0.126   0.870
E A  2OJ5C                155    0.434  47.832   0.000   0.011   0.145   0.844
B M  2OJ5C                156    0.097  19.330   0.000   0.007   0.870   0.124
E T  2OJ5C                157    0.354  49.041   0.000   0.001   0.965   0.033
B V  2OJ5C                158    0.050   7.729   0.000   0.001   0.979   0.020
E S  2OJ5C                159    0.307  35.997   0.000   0.001   0.960   0.039
B Y  2OJ5C                160    0.111  23.676   0.000   0.000   0.885   0.115
E P  2OJ5C                161    0.363  51.574   0.000   0.003   0.822   0.174
E R  2OJ5C                162    0.361  82.570   0.000   0.025   0.497   0.477
E S  2OJ5C                163    0.507  59.370   0.000   0.025   0.452   0.523
E F  2OJ5C                164    0.356  71.424   0.000   0.022   0.232   0.746
E T  2OJ5C                165    0.877 121.604   0.000   0.000   0.002   0.998
