# For publication of results, please cite:
# ...
# ... Michael Schantz Klausen, Martin Closter Jespersen, Henrik Nielsen, Kamilla Kjærgaard Jensen, 
# ... Vanessa Isabell Jurtz, Casper Kaae Sønderby, Morten Otto Alexander Sommer, Ole Winther, 
# ... Morten Nielsen, Bent Petersen, and Paolo Marcatili. 
# ... NetSurfP-2.0: Improved prediction of protein structural features by integrated deep learning.
# ... Proteins: Structure, Function, and Bioinformatics (Feb. 2019).
# ... https://doi.org/10.1002/prot.25674
# ...
#
# Column 1: Class assignment - B for buried or E for Exposed - Threshold: 25% exposure, but not based on RSA
# Column 2: Amino acid
# Column 3: Sequence name
# Column 4: Amino acid number
# Column 5: Relative Surface Accessibility - RSA
# Column 6: Absolute Surface Accessibility
# Column 7: Not used
# Column 8: Probability for Alpha-Helix
# Column 9: Probability for Beta-strand
# Column 10: Probability for Coil
E P  1I95E                  1    0.867 122.978   0.000   0.001   0.000   0.999
E E  1I95E                  2    0.877 153.227   0.000   0.024   0.002   0.974
E T  1I95E                  3    0.672  93.140   0.000   0.042   0.009   0.948
E D  1I95E                  4    0.710 102.309   0.000   0.084   0.015   0.901
E F  1I95E                  5    0.352  70.586   0.000   0.349   0.063   0.588
E E  1I95E                  6    0.584 102.007   0.000   0.441   0.236   0.323
E E  1I95E                  7    0.546  95.407   0.000   0.502   0.300   0.198
E K  1I95E                  8    0.369  75.851   0.000   0.314   0.496   0.189
B M  1I95E                  9    0.243  48.616   0.000   0.038   0.816   0.145
B I  1I95E                 10    0.211  38.967   0.000   0.007   0.951   0.041
E L  1I95E                 11    0.395  72.390   0.000   0.004   0.974   0.021
E I  1I95E                 12    0.265  49.034   0.000   0.009   0.946   0.046
E R  1I95E                 13    0.512 117.231   0.000   0.006   0.907   0.087
E R  1I95E                 14    0.553 126.617   0.000   0.003   0.913   0.084
E T  1I95E                 15    0.420  58.207   0.000   0.005   0.870   0.125
E A  1I95E                 16    0.435  47.917   0.000   0.001   0.940   0.059
E R  1I95E                 17    0.618 141.498   0.000   0.001   0.942   0.057
E M  1I95E                 18    0.529 105.838   0.000   0.002   0.874   0.123
E Q  1I95E                 19    0.561 100.110   0.000   0.005   0.496   0.499
E A  1I95E                 20    0.713  78.535   0.000   0.040   0.203   0.758
E G  1I95E                 21    0.844  66.444   0.000   0.089   0.012   0.899
E G  1I95E                 22    0.681  53.600   0.000   0.107   0.046   0.846
E R  1I95E                 23    0.662 151.626   0.000   0.009   0.211   0.780
E R  1I95E                 24    0.585 133.858   0.000   0.003   0.637   0.360
E F  1I95E                 25    0.325  65.274   0.000   0.001   0.823   0.176
E R  1I95E                 26    0.428  98.063   0.000   0.000   0.950   0.049
B F  1I95E                 27    0.123  24.636   0.000   0.000   0.975   0.025
B G  1I95E                 28    0.059   4.636   0.000   0.000   0.990   0.010
B A  1I95E                 29    0.016   1.814   0.000   0.000   0.997   0.003
B L  1I95E                 30    0.072  13.266   0.000   0.000   0.998   0.002
B V  1I95E                 31    0.018   2.828   0.000   0.000   0.999   0.001
B V  1I95E                 32    0.028   4.255   0.000   0.000   0.998   0.001
B V  1I95E                 33    0.048   7.361   0.000   0.000   0.990   0.010
B G  1I95E                 34    0.051   3.998   0.000   0.000   0.895   0.105
B D  1I95E                 35    0.173  24.953   0.000   0.003   0.167   0.830
E R  1I95E                 36    0.488 111.695   0.000   0.007   0.001   0.992
E Q  1I95E                 37    0.620 110.661   0.000   0.004   0.001   0.996
B G  1I95E                 38    0.141  11.112   0.000   0.003   0.024   0.973
E R  1I95E                 39    0.305  69.872   0.000   0.000   0.532   0.468
B V  1I95E                 40    0.122  18.723   0.000   0.000   0.996   0.004
B G  1I95E                 41    0.065   5.132   0.000   0.000   0.999   0.001
B L  1I95E                 42    0.197  35.981   0.000   0.000   0.999   0.001
B G  1I95E                 43    0.069   5.425   0.000   0.000   0.998   0.002
E F  1I95E                 44    0.314  62.999   0.000   0.000   0.994   0.006
B G  1I95E                 45    0.116   9.148   0.000   0.001   0.968   0.031
E K  1I95E                 46    0.459  94.354   0.000   0.002   0.890   0.109
B A  1I95E                 47    0.086   9.464   0.000   0.030   0.255   0.715
E P  1I95E                 48    0.669  94.956   0.000   0.032   0.004   0.964
E E  1I95E                 49    0.458  79.984   0.000   0.040   0.004   0.956
B V  1I95E                 50    0.157  24.099   0.000   0.987   0.000   0.013
E P  1I95E                 51    0.445  63.138   0.000   0.991   0.000   0.009
E L  1I95E                 52    0.473  86.537   0.000   0.992   0.000   0.008
B A  1I95E                 53    0.042   4.637   0.000   0.997   0.000   0.003
B V  1I95E                 54    0.148  22.798   0.000   0.997   0.000   0.003
E Q  1I95E                 55    0.584 104.339   0.000   0.997   0.000   0.003
E K  1I95E                 56    0.433  89.120   0.000   0.991   0.000   0.009
B A  1I95E                 57    0.024   2.661   0.000   0.991   0.000   0.009
B G  1I95E                 58    0.120   9.454   0.000   0.995   0.000   0.005
E Y  1I95E                 59    0.597 127.610   0.000   0.998   0.000   0.002
E Y  1I95E                 60    0.327  69.773   0.000   0.996   0.000   0.003
B A  1I95E                 61    0.015   1.694   0.000   0.988   0.000   0.011
E R  1I95E                 62    0.508 116.249   0.000   0.975   0.001   0.024
E R  1I95E                 63    0.677 154.993   0.000   0.879   0.001   0.120
E N  1I95E                 64    0.306  44.791   0.000   0.708   0.002   0.291
B M  1I95E                 65    0.184  36.865   0.000   0.008   0.541   0.451
E V  1I95E                 66    0.261  40.079   0.000   0.000   0.970   0.030
E E  1I95E                 67    0.569  99.424   0.000   0.000   0.988   0.012
B V  1I95E                 68    0.070  10.778   0.000   0.000   0.874   0.126
E P  1I95E                 69    0.510  72.392   0.000   0.002   0.817   0.181
E L  1I95E                 70    0.278  50.957   0.000   0.013   0.477   0.510
E Q  1I95E                 71    0.639 114.090   0.000   0.035   0.404   0.562
E N  1I95E                 72    0.852 124.676   0.000   0.035   0.012   0.953
E G  1I95E                 73    0.396  31.138   0.000   0.019   0.043   0.938
B T  1I95E                 74    0.210  29.092   0.000   0.001   0.679   0.320
B I  1I95E                 75    0.106  19.697   0.000   0.000   0.851   0.148
E P  1I95E                 76    0.276  39.196   0.000   0.001   0.819   0.181
B H  1I95E                 77    0.160  29.114   0.000   0.001   0.743   0.256
E E  1I95E                 78    0.583 101.897   0.000   0.002   0.771   0.227
B I  1I95E                 79    0.120  22.243   0.000   0.001   0.886   0.113
E E  1I95E                 80    0.519  90.625   0.000   0.001   0.977   0.023
B V  1I95E                 81    0.142  21.799   0.000   0.001   0.974   0.025
E E  1I95E                 82    0.534  93.312   0.000   0.004   0.948   0.048
E F  1I95E                 83    0.351  70.401   0.000   0.016   0.620   0.364
E G  1I95E                 84    0.550  43.323   0.000   0.027   0.029   0.944
E A  1I95E                 85    0.466  51.340   0.000   0.011   0.014   0.975
B S  1I95E                 86    0.090  10.519   0.000   0.001   0.908   0.091
E K  1I95E                 87    0.373  76.763   0.000   0.000   0.993   0.007
B I  1I95E                 88    0.018   3.422   0.000   0.000   0.999   0.001
B V  1I95E                 89    0.132  20.323   0.000   0.000   0.999   0.001
B L  1I95E                 90    0.032   5.819   0.000   0.000   0.996   0.004
E K  1I95E                 91    0.329  67.633   0.000   0.000   0.987   0.013
E P  1I95E                 92    0.269  38.162   0.000   0.000   0.963   0.037
B A  1I95E                 93    0.104  11.463   0.000   0.000   0.127   0.873
E A  1I95E                 94    0.465  51.221   0.000   0.000   0.018   0.981
E P  1I95E                 95    0.759 107.744   0.000   0.002   0.002   0.996
E G  1I95E                 96    0.691  54.368   0.000   0.003   0.010   0.987
E T  1I95E                 97    0.310  43.028   0.000   0.005   0.116   0.879
E G  1I95E                 98    0.251  19.785   0.000   0.003   0.201   0.796
B V  1I95E                 99    0.175  26.872   0.000   0.005   0.566   0.429
E I  1I95E                100    0.383  70.872   0.000   0.002   0.772   0.227
B A  1I95E                101    0.105  11.617   0.000   0.005   0.443   0.552
E G  1I95E                102    0.340  26.761   0.000   0.032   0.030   0.938
E A  1I95E                103    0.568  62.635   0.000   0.792   0.001   0.207
E V  1I95E                104    0.381  58.490   0.000   0.972   0.000   0.027
B P  1I95E                105    0.075  10.657   0.000   0.940   0.002   0.059
E R  1I95E                106    0.303  69.418   0.000   0.992   0.001   0.007
E A  1I95E                107    0.313  34.542   0.000   0.998   0.000   0.001
B I  1I95E                108    0.147  27.138   0.000   0.998   0.000   0.002
B L  1I95E                109    0.013   2.405   0.000   0.998   0.000   0.002
E E  1I95E                110    0.540  94.301   0.000   0.997   0.000   0.003
E L  1I95E                111    0.563 103.150   0.000   0.956   0.000   0.044
B A  1I95E                112    0.128  14.144   0.000   0.376   0.000   0.624
E G  1I95E                113    0.395  31.109   0.000   0.002   0.001   0.998
B V  1I95E                114    0.056   8.593   0.000   0.002   0.048   0.951
E T  1I95E                115    0.513  71.143   0.000   0.006   0.134   0.859
E D  1I95E                116    0.414  59.587   0.000   0.003   0.544   0.453
B I  1I95E                117    0.056  10.296   0.000   0.012   0.751   0.237
E L  1I95E                118    0.289  52.935   0.000   0.034   0.819   0.147
B T  1I95E                119    0.139  19.275   0.000   0.112   0.553   0.336
E K  1I95E                120    0.422  86.847   0.000   0.172   0.410   0.418
E E  1I95E                121    0.358  62.460   0.000   0.177   0.362   0.460
E L  1I95E                122    0.450  82.438   0.000   0.081   0.227   0.691
E G  1I95E                123    0.514  40.475   0.000   0.026   0.020   0.954
B S  1I95E                124    0.191  22.329   0.000   0.017   0.050   0.933
E R  1I95E                125    0.757 173.343   0.000   0.007   0.002   0.991
E N  1I95E                126    0.383  56.079   0.000   0.009   0.002   0.989
E P  1I95E                127    0.321  45.524   0.000   0.852   0.002   0.145
E I  1I95E                128    0.372  68.806   0.000   0.963   0.001   0.036
B N  1I95E                129    0.218  31.910   0.000   0.981   0.001   0.018
B I  1I95E                130    0.138  25.508   0.000   0.995   0.000   0.005
B A  1I95E                131    0.132  14.538   0.000   0.999   0.000   0.001
E Y  1I95E                132    0.385  82.168   0.000   0.998   0.000   0.002
B A  1I95E                133    0.053   5.797   0.000   0.999   0.000   0.001
B T  1I95E                134    0.138  19.161   0.000   0.998   0.000   0.002
B M  1I95E                135    0.223  44.657   0.000   0.999   0.000   0.001
E E  1I95E                136    0.407  71.025   0.000   0.996   0.000   0.004
B A  1I95E                137    0.057   6.277   0.000   0.995   0.000   0.004
B L  1I95E                138    0.092  16.823   0.000   0.979   0.000   0.021
E R  1I95E                139    0.521 119.310   0.000   0.794   0.001   0.206
E Q  1I95E                140    0.547  97.727   0.000   0.467   0.000   0.533
B L  1I95E                141    0.135  24.706   0.000   0.020   0.011   0.969
E R  1I95E                142    0.605 138.440   0.000   0.007   0.007   0.987
E T  1I95E                143    0.449  62.230   0.000   0.006   0.042   0.952
E K  1I95E                144    0.493 101.324   0.000   0.922   0.000   0.077
E A  1I95E                145    0.548  60.337   0.000   0.905   0.000   0.094
E D  1I95E                146    0.414  59.597   0.000   0.918   0.000   0.082
B V  1I95E                147    0.095  14.580   0.000   0.942   0.000   0.058
E E  1I95E                148    0.495  86.433   0.000   0.899   0.000   0.100
E R  1I95E                149    0.650 148.927   0.000   0.852   0.001   0.147
E L  1I95E                150    0.354  64.879   0.000   0.839   0.001   0.160
E R  1I95E                151    0.394  90.296   0.000   0.562   0.004   0.434
E K  1I95E                152    0.721 148.289   0.000   0.320   0.002   0.678
E G  1I95E                153    0.618  48.675   0.000   0.096   0.002   0.902
E E  1I95E                154    0.652 113.900   0.000   0.079   0.033   0.888
E A  1I95E                155    0.502  55.360   0.000   0.084   0.043   0.874
E H  1I95E                156    0.548  99.710   0.000   0.085   0.053   0.861
E A  1I95E                157    0.606  66.820   0.000   0.078   0.042   0.880
E Q  1I95E                158    0.703 125.567   0.000   0.073   0.040   0.887
E A  1I95E                159    0.631  69.493   0.000   0.070   0.017   0.913
E Q  1I95E                160    0.729 130.112   0.000   0.032   0.009   0.959
E G  1I95E                161    0.888  69.891   0.000   0.000   0.000   1.000
