# For publication of results, please cite:
# ...
# ... Michael Schantz Klausen, Martin Closter Jespersen, Henrik Nielsen, Kamilla Kjærgaard Jensen, 
# ... Vanessa Isabell Jurtz, Casper Kaae Sønderby, Morten Otto Alexander Sommer, Ole Winther, 
# ... Morten Nielsen, Bent Petersen, and Paolo Marcatili. 
# ... NetSurfP-2.0: Improved prediction of protein structural features by integrated deep learning.
# ... Proteins: Structure, Function, and Bioinformatics (Feb. 2019).
# ... https://doi.org/10.1002/prot.25674
# ...
#
# Column 1: Class assignment - B for buried or E for Exposed - Threshold: 25% exposure, but not based on RSA
# Column 2: Amino acid
# Column 3: Sequence name
# Column 4: Amino acid number
# Column 5: Relative Surface Accessibility - RSA
# Column 6: Absolute Surface Accessibility
# Column 7: Not used
# Column 8: Probability for Alpha-Helix
# Column 9: Probability for Beta-strand
# Column 10: Probability for Coil
E M  1YHQO                  1    0.850 170.177   0.000   0.000   0.000   1.000
E S  1YHQO                  2    0.859 100.723   0.000   0.002   0.001   0.997
E K  1YHQO                  3    0.758 155.852   0.000   0.013   0.008   0.979
E T  1YHQO                  4    0.711  98.576   0.000   0.011   0.033   0.956
E N  1YHQO                  5    0.382  55.912   0.000   0.008   0.004   0.988
E P  1YHQO                  6    0.693  98.398   0.000   0.876   0.001   0.123
E R  1YHQO                  7    0.532 121.781   0.000   0.894   0.001   0.105
B L  1YHQO                  8    0.107  19.537   0.000   0.942   0.001   0.057
E S  1YHQO                  9    0.423  49.596   0.000   0.990   0.000   0.010
E S  1YHQO                 10    0.530  62.065   0.000   0.993   0.000   0.007
B L  1YHQO                 11    0.098  17.864   0.000   0.998   0.000   0.002
B I  1YHQO                 12    0.106  19.622   0.000   0.995   0.000   0.005
E A  1YHQO                 13    0.447  49.306   0.000   0.995   0.000   0.005
E D  1YHQO                 14    0.480  69.237   0.000   0.987   0.000   0.013
B L  1YHQO                 15    0.058  10.535   0.000   0.991   0.000   0.009
E K  1YHQO                 16    0.409  84.065   0.000   0.993   0.000   0.007
E S  1YHQO                 17    0.537  62.987   0.000   0.994   0.000   0.005
B A  1YHQO                 18    0.188  20.697   0.000   0.988   0.000   0.012
B A  1YHQO                 19    0.084   9.262   0.000   0.967   0.000   0.032
E R  1YHQO                 20    0.739 169.319   0.000   0.929   0.000   0.070
E S  1YHQO                 21    0.737  86.382   0.000   0.819   0.000   0.180
E S  1YHQO                 22    0.485  56.878   0.000   0.491   0.001   0.508
E G  1YHQO                 23    0.679  53.408   0.000   0.044   0.001   0.955
E G  1YHQO                 24    0.378  29.724   0.000   0.138   0.009   0.853
E A  1YHQO                 25    0.499  55.041   0.000   0.618   0.022   0.360
B V  1YHQO                 26    0.173  26.637   0.000   0.893   0.005   0.102
B W  1YHQO                 27    0.241  57.979   0.000   0.925   0.004   0.071
E G  1YHQO                 28    0.321  25.247   0.000   0.953   0.001   0.045
E D  1YHQO                 29    0.431  62.136   0.000   0.966   0.001   0.033
B V  1YHQO                 30    0.071  10.935   0.000   0.973   0.001   0.026
B A  1YHQO                 31    0.199  21.946   0.000   0.955   0.001   0.044
E E  1YHQO                 32    0.657 114.732   0.000   0.929   0.001   0.070
E R  1YHQO                 33    0.429  98.328   0.000   0.833   0.002   0.165
B L  1YHQO                 34    0.223  40.744   0.000   0.624   0.006   0.370
E E  1YHQO                 35    0.713 124.581   0.000   0.241   0.014   0.745
E K  1YHQO                 36    0.548 112.643   0.000   0.012   0.011   0.977
E P  1YHQO                 37    0.578  82.053   0.000   0.026   0.015   0.959
E R  1YHQO                 38    0.654 149.733   0.000   0.123   0.026   0.850
E R  1YHQO                 39    0.569 130.317   0.000   0.150   0.064   0.786
E T  1YHQO                 40    0.622  86.245   0.000   0.224   0.107   0.670
E H  1YHQO                 41    0.385  69.964   0.000   0.040   0.275   0.685
E A  1YHQO                 42    0.295  32.497   0.000   0.013   0.559   0.428
E E  1YHQO                 43    0.520  90.885   0.000   0.003   0.801   0.196
B V  1YHQO                 44    0.050   7.653   0.000   0.001   0.923   0.077
E N  1YHQO                 45    0.361  52.914   0.000   0.000   0.883   0.117
B L  1YHQO                 46    0.122  22.333   0.000   0.798   0.002   0.200
E G  1YHQO                 47    0.374  29.418   0.000   0.984   0.000   0.016
E R  1YHQO                 48    0.453 103.792   0.000   0.976   0.001   0.023
B I  1YHQO                 49    0.026   4.767   0.000   0.964   0.001   0.035
E E  1YHQO                 50    0.465  81.198   0.000   0.932   0.001   0.067
E R  1YHQO                 51    0.731 167.347   0.000   0.713   0.001   0.287
E Y  1YHQO                 52    0.384  82.125   0.000   0.594   0.001   0.405
B A  1YHQO                 53    0.095  10.453   0.000   0.022   0.016   0.962
E Q  1YHQO                 54    0.684 122.153   0.000   0.021   0.015   0.964
E E  1YHQO                 55    0.724 126.530   0.000   0.036   0.003   0.960
E D  1YHQO                 56    0.816 117.600   0.000   0.016   0.004   0.979
E E  1YHQO                 57    0.411  71.885   0.000   0.009   0.114   0.877
E T  1YHQO                 58    0.389  53.979   0.000   0.001   0.830   0.170
B V  1YHQO                 59    0.101  15.540   0.000   0.000   0.978   0.022
E V  1YHQO                 60    0.296  45.437   0.000   0.000   0.980   0.020
B V  1YHQO                 61    0.096  14.793   0.000   0.000   0.935   0.064
E P  1YHQO                 62    0.358  50.831   0.000   0.002   0.792   0.206
B G  1YHQO                 63    0.227  17.839   0.000   0.008   0.642   0.350
E K  1YHQO                 64    0.407  83.717   0.000   0.003   0.885   0.112
B V  1YHQO                 65    0.163  25.094   0.000   0.001   0.974   0.025
B L  1YHQO                 66    0.222  40.717   0.000   0.005   0.784   0.211
E G  1YHQO                 67    0.269  21.191   0.000   0.006   0.710   0.284
E S  1YHQO                 68    0.641  75.158   0.000   0.010   0.446   0.544
E G  1YHQO                 69    0.373  29.324   0.000   0.013   0.309   0.679
E V  1YHQO                 70    0.602  92.467   0.000   0.008   0.179   0.813
B L  1YHQO                 71    0.116  21.277   0.000   0.002   0.117   0.881
E Q  1YHQO                 72    0.763 136.306   0.000   0.001   0.021   0.978
E K  1YHQO                 73    0.514 105.796   0.000   0.001   0.038   0.962
E D  1YHQO                 74    0.591  85.106   0.000   0.000   0.049   0.950
B V  1YHQO                 75    0.059   9.113   0.000   0.000   0.931   0.069
E T  1YHQO                 76    0.306  42.450   0.000   0.000   0.987   0.013
B V  1YHQO                 77    0.027   4.125   0.000   0.000   0.990   0.010
B A  1YHQO                 78    0.156  17.214   0.000   0.000   0.991   0.009
B A  1YHQO                 79    0.074   8.117   0.000   0.000   0.956   0.044
E V  1YHQO                 80    0.255  39.249   0.000   0.001   0.865   0.135
E D  1YHQO                 81    0.505  72.745   0.000   0.001   0.861   0.138
B F  1YHQO                 82    0.082  16.545   0.000   0.000   0.810   0.189
E S  1YHQO                 83    0.286  33.542   0.000   0.003   0.103   0.894
E G  1YHQO                 84    0.532  41.871   0.000   0.938   0.000   0.062
E T  1YHQO                 85    0.546  75.710   0.000   0.953   0.000   0.046
B A  1YHQO                 86    0.020   2.257   0.000   0.985   0.000   0.015
E E  1YHQO                 87    0.356  62.202   0.000   0.998   0.000   0.002
E T  1YHQO                 88    0.563  78.084   0.000   0.998   0.000   0.002
E K  1YHQO                 89    0.365  75.004   0.000   0.998   0.000   0.002
B I  1YHQO                 90    0.023   4.276   0.000   0.996   0.000   0.004
E D  1YHQO                 91    0.577  83.146   0.000   0.966   0.000   0.033
E Q  1YHQO                 92    0.811 144.847   0.000   0.800   0.000   0.199
E V  1YHQO                 93    0.267  40.973   0.000   0.573   0.001   0.426
E G  1YHQO                 94    0.379  29.826   0.000   0.010   0.023   0.967
E E  1YHQO                 95    0.629 109.898   0.000   0.002   0.688   0.311
B A  1YHQO                 96    0.160  17.641   0.000   0.000   0.919   0.080
B V  1YHQO                 97    0.225  34.592   0.000   0.000   0.935   0.065
E S  1YHQO                 98    0.286  33.529   0.000   0.002   0.841   0.158
B L  1YHQO                 99    0.110  20.195   0.000   0.971   0.001   0.028
E E  1YHQO                100    0.564  98.449   0.000   0.986   0.000   0.014
E Q  1YHQO                101    0.534  95.358   0.000   0.986   0.001   0.013
B A  1YHQO                102    0.060   6.580   0.000   0.985   0.000   0.014
B I  1YHQO                103    0.133  24.519   0.000   0.972   0.001   0.027
E E  1YHQO                104    0.770 134.569   0.000   0.938   0.000   0.061
E N  1YHQO                105    0.701 102.574   0.000   0.892   0.000   0.108
B N  1YHQO                106    0.241  35.261   0.000   0.001   0.002   0.997
E P  1YHQO                107    0.585  82.963   0.000   0.068   0.001   0.931
E E  1YHQO                108    0.738 128.846   0.000   0.038   0.015   0.947
B G  1YHQO                109    0.120   9.450   0.000   0.200   0.006   0.794
E S  1YHQO                110    0.558  65.382   0.000   0.047   0.047   0.906
E H  1YHQO                111    0.627 114.027   0.000   0.032   0.094   0.875
B V  1YHQO                112    0.145  22.346   0.000   0.002   0.437   0.561
E R  1YHQO                113    0.522 119.643   0.000   0.001   0.918   0.081
E V  1YHQO                114    0.286  43.901   0.000   0.001   0.907   0.092
E I  1YHQO                115    0.310  57.436   0.000   0.002   0.391   0.607
E R  1YHQO                116    0.733 167.827   0.000   0.000   0.006   0.994
