# For publication of results, please cite:
# ...
# ... Michael Schantz Klausen, Martin Closter Jespersen, Henrik Nielsen, Kamilla Kjærgaard Jensen, 
# ... Vanessa Isabell Jurtz, Casper Kaae Sønderby, Morten Otto Alexander Sommer, Ole Winther, 
# ... Morten Nielsen, Bent Petersen, and Paolo Marcatili. 
# ... NetSurfP-2.0: Improved prediction of protein structural features by integrated deep learning.
# ... Proteins: Structure, Function, and Bioinformatics (Feb. 2019).
# ... https://doi.org/10.1002/prot.25674
# ...
#
# Column 1: Class assignment - B for buried or E for Exposed - Threshold: 25% exposure, but not based on RSA
# Column 2: Amino acid
# Column 3: Sequence name
# Column 4: Amino acid number
# Column 5: Relative Surface Accessibility - RSA
# Column 6: Absolute Surface Accessibility
# Column 7: Not used
# Column 8: Probability for Alpha-Helix
# Column 9: Probability for Beta-strand
# Column 10: Probability for Coil
E K  3DKXB                  1    0.890 183.106   0.000   0.001   0.000   0.999
E E  3DKXB                  2    0.735 128.356   0.000   0.013   0.021   0.966
E K  3DKXB                  3    0.602 123.901   0.000   0.013   0.058   0.929
E A  3DKXB                  4    0.304  33.545   0.000   0.011   0.178   0.811
E R  3DKXB                  5    0.375  85.925   0.000   0.016   0.367   0.617
E Y  3DKXB                  6    0.260  55.550   0.000   0.005   0.746   0.250
B F  3DKXB                  7    0.052  10.361   0.000   0.001   0.948   0.052
B T  3DKXB                  8    0.044   6.093   0.000   0.000   0.992   0.008
B F  3DKXB                  9    0.023   4.562   0.000   0.000   0.995   0.005
B L  3DKXB                 10    0.065  11.963   0.000   0.000   0.990   0.010
B L  3DKXB                 11    0.032   5.788   0.000   0.000   0.919   0.081
B Y  3DKXB                 12    0.193  41.230   0.000   0.001   0.049   0.950
B P  3DKXB                 13    0.107  15.141   0.000   0.940   0.003   0.057
E E  3DKXB                 14    0.652 113.985   0.000   0.891   0.001   0.108
E S  3DKXB                 15    0.330  38.690   0.000   0.935   0.001   0.064
B I  3DKXB                 16    0.064  11.849   0.000   0.001   0.006   0.992
B P  3DKXB                 17    0.239  33.868   0.000   0.002   0.002   0.995
E S  3DKXB                 18    0.775  90.883   0.000   0.075   0.001   0.924
E D  3DKXB                 19    0.599  86.305   0.000   0.030   0.001   0.969
B W  3DKXB                 20    0.051  12.232   0.000   0.948   0.000   0.051
E E  3DKXB                 21    0.411  71.809   0.000   0.993   0.000   0.007
E L  3DKXB                 22    0.480  87.851   0.000   0.995   0.000   0.005
E K  3DKXB                 23    0.269  55.315   0.000   0.996   0.000   0.003
B L  3DKXB                 24    0.010   1.836   0.000   0.994   0.000   0.006
E E  3DKXB                 25    0.606 105.910   0.000   0.990   0.000   0.010
E T  3DKXB                 26    0.700  97.141   0.000   0.937   0.000   0.063
B L  3DKXB                 27    0.216  39.517   0.000   0.589   0.000   0.411
E G  3DKXB                 28    0.579  45.588   0.000   0.002   0.000   0.998
B V  3DKXB                 29    0.063   9.698   0.000   0.001   0.005   0.995
E P  3DKXB                 30    0.398  56.485   0.000   0.000   0.004   0.996
B M  3DKXB                 31    0.133  26.595   0.000   0.001   0.939   0.061
B A  3DKXB                 32    0.025   2.702   0.000   0.000   0.993   0.007
B I  3DKXB                 33    0.041   7.624   0.000   0.000   0.991   0.009
B S  3DKXB                 34    0.034   3.941   0.000   0.000   0.821   0.179
B P  3DKXB                 35    0.039   5.472   0.000   0.002   0.668   0.331
B L  3DKXB                 36    0.110  20.090   0.000   0.001   0.799   0.199
B H  3DKXB                 37    0.171  31.134   0.000   0.001   0.841   0.158
B D  3DKXB                 38    0.186  26.745   0.000   0.006   0.676   0.318
E K  3DKXB                 39    0.377  77.634   0.000   0.011   0.496   0.493
E D  3DKXB                 40    0.278  40.067   0.000   0.004   0.545   0.451
E K  3DKXB                 41    0.570 117.183   0.000   0.002   0.854   0.144
B S  3DKXB                 42    0.243  28.448   0.000   0.009   0.217   0.774
E S  3DKXB                 43    0.797  93.461   0.000   0.023   0.010   0.966
E I  3DKXB                 44    0.693 128.265   0.000   0.026   0.020   0.954
E K  3DKXB                 45    0.665 136.698   0.000   0.030   0.015   0.955
E G  3DKXB                 46    0.621  48.878   0.000   0.039   0.042   0.919
E Q  3DKXB                 47    0.641 114.485   0.000   0.013   0.082   0.906
E K  3DKXB                 48    0.676 139.147   0.000   0.005   0.295   0.700
E Y  3DKXB                 49    0.439  93.882   0.000   0.002   0.392   0.606
E K  3DKXB                 50    0.393  80.845   0.000   0.001   0.253   0.746
E K  3DKXB                 51    0.510 104.858   0.000   0.000   0.174   0.826
B A  3DKXB                 52    0.227  25.070   0.000   0.000   0.127   0.873
B H  3DKXB                 53    0.152  27.584   0.000   0.000   0.702   0.297
B Y  3DKXB                 54    0.125  26.712   0.000   0.000   0.916   0.084
B H  3DKXB                 55    0.041   7.397   0.000   0.000   0.982   0.017
B V  3DKXB                 56    0.009   1.386   0.000   0.000   0.999   0.001
B L  3DKXB                 57    0.031   5.588   0.000   0.000   0.999   0.001
B Y  3DKXB                 58    0.022   4.804   0.000   0.000   0.999   0.001
B I  3DKXB                 59    0.103  19.093   0.000   0.000   0.998   0.002
B A  3DKXB                 60    0.033   3.592   0.000   0.000   0.874   0.125
E K  3DKXB                 61    0.596 122.557   0.000   0.001   0.089   0.910
E N  3DKXB                 62    0.612  89.552   0.000   0.001   0.061   0.939
E P  3DKXB                 63    0.329  46.734   0.000   0.013   0.080   0.907
B V  3DKXB                 64    0.196  30.140   0.000   0.007   0.561   0.432
E T  3DKXB                 65    0.356  49.426   0.000   0.006   0.520   0.473
B A  3DKXB                 66    0.139  15.321   0.000   0.960   0.001   0.039
E D  3DKXB                 67    0.654  94.278   0.000   0.988   0.000   0.012
E S  3DKXB                 68    0.342  40.069   0.000   0.990   0.000   0.010
B V  3DKXB                 69    0.009   1.413   0.000   0.996   0.000   0.004
E R  3DKXB                 70    0.324  74.195   0.000   0.994   0.000   0.006
E K  3DKXB                 71    0.594 122.163   0.000   0.995   0.000   0.005
E K  3DKXB                 72    0.300  61.791   0.000   0.994   0.000   0.006
B I  3DKXB                 73    0.013   2.393   0.000   0.991   0.000   0.009
E K  3DKXB                 74    0.468  96.220   0.000   0.991   0.000   0.009
E L  3DKXB                 75    0.604 110.520   0.000   0.989   0.000   0.011
E L  3DKXB                 76    0.263  48.081   0.000   0.975   0.000   0.025
B L  3DKXB                 77    0.145  26.536   0.000   0.817   0.001   0.182
E G  3DKXB                 78    0.663  52.161   0.000   0.061   0.001   0.938
E E  3DKXB                 79    0.673 117.573   0.000   0.219   0.002   0.779
E K  3DKXB                 80    0.726 149.249   0.000   0.167   0.003   0.830
E S  3DKXB                 81    0.424  49.694   0.000   0.171   0.009   0.820
E L  3DKXB                 82    0.327  59.793   0.000   0.453   0.020   0.527
E A  3DKXB                 83    0.663  73.042   0.000   0.315   0.014   0.672
E M  3DKXB                 84    0.269  53.776   0.000   0.391   0.037   0.572
B V  3DKXB                 85    0.102  15.709   0.000   0.001   0.733   0.265
E Q  3DKXB                 86    0.515  91.956   0.000   0.000   0.966   0.033
E V  3DKXB                 87    0.367  56.440   0.000   0.000   0.980   0.020
B V  3DKXB                 88    0.092  14.175   0.000   0.002   0.463   0.535
E L  3DKXB                 89    0.514  94.068   0.000   0.005   0.028   0.967
E N  3DKXB                 90    0.413  60.452   0.000   0.006   0.072   0.922
B V  3DKXB                 91    0.162  24.848   0.000   0.815   0.008   0.177
E E  3DKXB                 92    0.526  91.958   0.000   0.891   0.007   0.102
B N  3DKXB                 93    0.248  36.323   0.000   0.907   0.007   0.086
B M  3DKXB                 94    0.043   8.635   0.000   0.962   0.007   0.031
B Y  3DKXB                 95    0.099  21.216   0.000   0.976   0.010   0.014
B L  3DKXB                 96    0.217  39.676   0.000   0.980   0.005   0.015
B Y  3DKXB                 97    0.176  37.685   0.000   0.963   0.011   0.026
B L  3DKXB                 98    0.038   6.998   0.000   0.908   0.019   0.074
B T  3DKXB                 99    0.085  11.814   0.000   0.515   0.085   0.400
B H  3DKXB                100    0.214  38.968   0.000   0.212   0.098   0.689
E E  3DKXB                101    0.422  73.684   0.000   0.164   0.010   0.827
E S  3DKXB                102    0.298  34.926   0.000   0.028   0.010   0.962
E K  3DKXB                103    0.703 144.703   0.000   0.903   0.001   0.096
E D  3DKXB                104    0.692  99.647   0.000   0.924   0.000   0.075
B A  3DKXB                105    0.074   8.140   0.000   0.947   0.001   0.052
E I  3DKXB                106    0.316  58.507   0.000   0.846   0.006   0.147
E A  3DKXB                107    0.556  61.223   0.000   0.667   0.003   0.330
E K  3DKXB                108    0.618 127.143   0.000   0.383   0.004   0.613
E K  3DKXB                109    0.682 140.204   0.000   0.153   0.005   0.843
E K  3DKXB                110    0.391  80.512   0.000   0.136   0.051   0.813
E H  3DKXB                111    0.264  48.035   0.000   0.058   0.283   0.659
E V  3DKXB                112    0.418  64.173   0.000   0.008   0.140   0.852
B Y  3DKXB                113    0.158  33.849   0.000   0.001   0.028   0.972
E D  3DKXB                114    0.550  79.236   0.000   0.002   0.030   0.968
E K  3DKXB                115    0.577 118.656   0.000   0.826   0.001   0.173
E A  3DKXB                116    0.736  81.112   0.000   0.806   0.002   0.192
E D  3DKXB                117    0.396  57.020   0.000   0.931   0.002   0.066
B I  3DKXB                118    0.108  20.034   0.000   0.014   0.697   0.289
E K  3DKXB                119    0.466  95.932   0.000   0.006   0.961   0.033
E L  3DKXB                120    0.332  60.704   0.000   0.006   0.951   0.043
E I  3DKXB                121    0.253  46.819   0.000   0.019   0.774   0.207
E N  3DKXB                122    0.373  54.572   0.000   0.017   0.276   0.707
E N  3DKXB                123    0.598  87.609   0.000   0.014   0.064   0.922
B F  3DKXB                124    0.207  41.518   0.000   0.010   0.115   0.875
E D  3DKXB                125    0.442  63.676   0.000   0.009   0.047   0.944
B I  3DKXB                126    0.128  23.709   0.000   0.813   0.001   0.186
E D  3DKXB                127    0.594  85.621   0.000   0.950   0.000   0.050
E R  3DKXB                128    0.525 120.311   0.000   0.947   0.001   0.052
B Y  3DKXB                129    0.149  31.910   0.000   0.959   0.000   0.040
B V  3DKXB                130    0.208  32.040   0.000   0.711   0.003   0.286
E T  3DKXB                131    0.738 102.401   0.000   0.383   0.001   0.616
B L  3DKXB                132    0.215  39.387   0.000   0.007   0.001   0.993
E D  3DKXB                133    0.638  91.941   0.000   0.004   0.001   0.995
E V  3DKXB                134    0.627  96.353   0.000   0.932   0.000   0.067
E E  3DKXB                135    0.781 136.400   0.000   0.950   0.000   0.050
E E  3DKXB                136    0.429  74.865   0.000   0.949   0.000   0.051
E K  3DKXB                137    0.257  52.875   0.000   0.986   0.000   0.014
E T  3DKXB                138    0.500  69.419   0.000   0.991   0.000   0.009
E E  3DKXB                139    0.568  99.175   0.000   0.997   0.000   0.003
B L  3DKXB                140    0.099  18.164   0.000   0.997   0.000   0.003
B F  3DKXB                141    0.150  30.164   0.000   0.996   0.000   0.004
E N  3DKXB                142    0.540  79.087   0.000   0.999   0.000   0.001
E V  3DKXB                143    0.324  49.836   0.000   0.999   0.000   0.001
B V  3DKXB                144    0.019   2.932   0.000   0.999   0.000   0.001
B V  3DKXB                145    0.096  14.691   0.000   1.000   0.000   0.000
E S  3DKXB                146    0.495  58.010   0.000   0.999   0.000   0.001
B L  3DKXB                147    0.160  29.366   0.000   1.000   0.000   0.000
B I  3DKXB                148    0.012   2.133   0.000   0.999   0.000   0.001
E R  3DKXB                149    0.544 124.641   0.000   0.993   0.000   0.007
E A  3DKXB                150    0.599  66.018   0.000   0.890   0.000   0.110
E Y  3DKXB                151    0.360  76.980   0.000   0.144   0.000   0.856
E T  3DKXB                152    0.632  87.624   0.000   0.003   0.002   0.995
B L  3DKXB                153    0.049   8.886   0.000   0.001   0.044   0.955
E Q  3DKXB                154    0.520  92.855   0.000   0.001   0.032   0.967
E N  3DKXB                155    0.326  47.786   0.000   0.004   0.266   0.730
B I  3DKXB                156    0.088  16.274   0.000   0.983   0.001   0.016
E F  3DKXB                157    0.320  64.302   0.000   0.997   0.000   0.003
E D  3DKXB                158    0.366  52.717   0.000   0.999   0.000   0.001
B L  3DKXB                159    0.014   2.649   0.000   0.999   0.000   0.001
B Y  3DKXB                160    0.157  33.456   0.000   0.999   0.000   0.001
E D  3DKXB                161    0.486  70.064   0.000   0.998   0.000   0.002
B F  3DKXB                162    0.158  31.615   0.000   0.999   0.000   0.001
B I  3DKXB                163    0.018   3.242   0.000   0.998   0.000   0.002
E D  3DKXB                164    0.456  65.642   0.000   0.982   0.000   0.018
E E  3DKXB                165    0.656 114.627   0.000   0.960   0.000   0.040
E N  3DKXB                166    0.291  42.604   0.000   0.726   0.001   0.273
B G  3DKXB                167    0.156  12.244   0.000   0.879   0.001   0.120
E E  3DKXB                168    0.743 129.787   0.000   0.921   0.001   0.078
E T  3DKXB                169    0.719  99.773   0.000   0.831   0.003   0.166
E Y  3DKXB                170    0.333  71.180   0.000   0.603   0.004   0.393
E G  3DKXB                171    0.613  48.208   0.000   0.033   0.006   0.961
B L  3DKXB                172    0.180  32.993   0.000   0.043   0.032   0.925
E T  3DKXB                173    0.558  77.382   0.000   0.031   0.015   0.954
E I  3DKXB                174    0.335  61.905   0.000   0.530   0.013   0.457
E N  3DKXB                175    0.634  92.753   0.000   0.748   0.005   0.247
E L  3DKXB                176    0.253  46.325   0.000   0.925   0.002   0.073
B V  3DKXB                177    0.097  14.980   0.000   0.980   0.001   0.019
E N  3DKXB                178    0.349  51.083   0.000   0.985   0.001   0.013
E E  3DKXB                179    0.540  94.311   0.000   0.989   0.001   0.010
B V  3DKXB                180    0.152  23.340   0.000   0.992   0.001   0.007
B I  3DKXB                181    0.069  12.781   0.000   0.975   0.003   0.022
E A  3DKXB                182    0.412  45.377   0.000   0.883   0.004   0.113
E G  3DKXB                183    0.543  42.731   0.000   0.578   0.003   0.418
E K  3DKXB                184    0.430  88.418   0.000   0.242   0.006   0.752
B T  3DKXB                185    0.231  32.032   0.000   0.350   0.007   0.643
E G  3DKXB                186    0.357  28.108   0.000   0.871   0.001   0.128
B F  3DKXB                187    0.232  46.562   0.000   0.985   0.000   0.015
B M  3DKXB                188    0.095  18.980   0.000   0.991   0.000   0.008
E K  3DKXB                189    0.445  91.494   0.000   0.994   0.000   0.005
E L  3DKXB                190    0.392  71.853   0.000   0.995   0.000   0.005
B L  3DKXB                191    0.206  37.667   0.000   0.992   0.000   0.008
B F  3DKXB                192    0.155  31.136   0.000   0.975   0.001   0.024
E D  3DKXB                193    0.435  62.738   0.000   0.960   0.001   0.039
E G  3DKXB                194    0.304  23.907   0.000   0.919   0.001   0.081
E A  3DKXB                195    0.283  31.225   0.000   0.904   0.001   0.095
E Y  3DKXB                196    0.402  85.822   0.000   0.862   0.006   0.133
E Q  3DKXB                197    0.580 103.594   0.000   0.773   0.005   0.222
E R  3DKXB                198    0.662 151.560   0.000   0.679   0.002   0.319
E S  3DKXB                199    0.623  73.037   0.000   0.449   0.005   0.546
E K  3DKXB                200    0.678 139.496   0.000   0.323   0.008   0.669
E R  3DKXB                201    0.758 173.511   0.000   0.185   0.003   0.812
E G  3DKXB                202    0.934  73.472   0.000   0.001   0.000   0.999
