# For publication of results, please cite:
# ...
# ... Michael Schantz Klausen, Martin Closter Jespersen, Henrik Nielsen, Kamilla Kjærgaard Jensen, 
# ... Vanessa Isabell Jurtz, Casper Kaae Sønderby, Morten Otto Alexander Sommer, Ole Winther, 
# ... Morten Nielsen, Bent Petersen, and Paolo Marcatili. 
# ... NetSurfP-2.0: Improved prediction of protein structural features by integrated deep learning.
# ... Proteins: Structure, Function, and Bioinformatics (Feb. 2019).
# ... https://doi.org/10.1002/prot.25674
# ...
#
# Column 1: Class assignment - B for buried or E for Exposed - Threshold: 25% exposure, but not based on RSA
# Column 2: Amino acid
# Column 3: Sequence name
# Column 4: Amino acid number
# Column 5: Relative Surface Accessibility - RSA
# Column 6: Absolute Surface Accessibility
# Column 7: Not used
# Column 8: Probability for Alpha-Helix
# Column 9: Probability for Beta-strand
# Column 10: Probability for Coil
E M  1IR1S                  1    0.615 123.108   0.000   0.000   0.004   0.995
E K  1IR1S                  2    0.592 121.765   0.000   0.001   0.447   0.552
E V  1IR1S                  3    0.432  66.423   0.000   0.001   0.626   0.373
E W  1IR1S                  4    0.289  69.562   0.000   0.001   0.301   0.698
E P  1IR1S                  5    0.435  61.753   0.000   0.016   0.140   0.844
E T  1IR1S                  6    0.398  55.158   0.000   0.042   0.177   0.782
E Q  1IR1S                  7    0.628 112.163   0.000   0.025   0.113   0.862
E N  1IR1S                  8    0.845 123.679   0.000   0.025   0.018   0.957
E M  1IR1S                  9    0.527 105.538   0.000   0.029   0.151   0.819
E K  1IR1S                 10    0.602 123.896   0.000   0.008   0.304   0.687
E R  1IR1S                 11    0.555 127.139   0.000   0.011   0.438   0.551
E Y  1IR1S                 12    0.434  92.828   0.000   0.011   0.609   0.381
E E  1IR1S                 13    0.362  63.221   0.000   0.009   0.775   0.216
E T  1IR1S                 14    0.274  37.976   0.000   0.013   0.651   0.336
E L  1IR1S                 15    0.313  57.358   0.000   0.049   0.561   0.390
E S  1IR1S                 16    0.297  34.848   0.000   0.032   0.592   0.376
E Y  1IR1S                 17    0.448  95.819   0.000   0.040   0.520   0.440
B L  1IR1S                 18    0.204  37.314   0.000   0.001   0.152   0.847
B P  1IR1S                 19    0.250  35.415   0.000   0.000   0.008   0.992
E P  1IR1S                 20    0.610  86.501   0.000   0.000   0.030   0.970
B L  1IR1S                 21    0.104  19.069   0.000   0.000   0.039   0.960
E T  1IR1S                 22    0.479  66.439   0.000   0.000   0.007   0.993
E T  1IR1S                 23    0.499  69.237   0.000   0.988   0.000   0.012
E D  1IR1S                 24    0.771 111.114   0.000   0.995   0.000   0.005
E Q  1IR1S                 25    0.416  74.297   0.000   0.997   0.000   0.003
B L  1IR1S                 26    0.043   7.806   0.000   0.998   0.000   0.002
B A  1IR1S                 27    0.238  26.266   0.000   0.999   0.000   0.001
E R  1IR1S                 28    0.574 131.500   0.000   0.999   0.000   0.001
B Q  1IR1S                 29    0.142  25.313   0.000   0.999   0.000   0.001
B V  1IR1S                 30    0.035   5.339   0.000   0.999   0.000   0.001
E D  1IR1S                 31    0.496  71.452   0.000   1.000   0.000   0.000
E Y  1IR1S                 32    0.410  87.538   0.000   0.999   0.000   0.001
B L  1IR1S                 33    0.038   6.899   0.000   0.999   0.000   0.001
B L  1IR1S                 34    0.224  40.963   0.000   0.986   0.000   0.014
E N  1IR1S                 35    0.734 107.507   0.000   0.879   0.000   0.121
E N  1IR1S                 36    0.508  74.351   0.000   0.055   0.000   0.945
E K  1IR1S                 37    0.674 138.636   0.000   0.005   0.001   0.994
B W  1IR1S                 38    0.154  37.014   0.000   0.000   0.126   0.874
E V  1IR1S                 39    0.303  46.639   0.000   0.000   0.926   0.074
B P  1IR1S                 40    0.112  15.923   0.000   0.000   0.956   0.044
B C  1IR1S                 41    0.104  14.551   0.000   0.000   0.933   0.067
B L  1IR1S                 42    0.139  25.464   0.000   0.001   0.971   0.028
B E  1IR1S                 43    0.174  30.402   0.000   0.000   0.983   0.016
B F  1IR1S                 44    0.221  44.305   0.000   0.001   0.933   0.067
E E  1IR1S                 45    0.368  64.316   0.000   0.010   0.686   0.304
E T  1IR1S                 46    0.468  64.971   0.000   0.042   0.282   0.675
E D  1IR1S                 47    0.753 108.556   0.000   0.055   0.111   0.833
E H  1IR1S                 48    0.605 110.011   0.000   0.033   0.091   0.876
E G  1IR1S                 49    0.298  23.444   0.000   0.018   0.515   0.468
E F  1IR1S                 50    0.379  75.977   0.000   0.016   0.626   0.358
E V  1IR1S                 51    0.379  58.322   0.000   0.013   0.687   0.300
E Y  1IR1S                 52    0.468 100.002   0.000   0.019   0.617   0.363
E R  1IR1S                 53    0.529 121.163   0.000   0.025   0.417   0.558
E E  1IR1S                 54    0.626 109.438   0.000   0.036   0.325   0.639
E H  1IR1S                 55    0.634 115.252   0.000   0.036   0.127   0.837
E H  1IR1S                 56    0.593 107.934   0.000   0.030   0.106   0.864
E N  1IR1S                 57    0.818 119.743   0.000   0.013   0.067   0.921
E S  1IR1S                 58    0.404  47.310   0.000   0.004   0.124   0.872
E P  1IR1S                 59    0.676  95.874   0.000   0.028   0.028   0.944
E G  1IR1S                 60    0.572  44.983   0.000   0.042   0.068   0.890
E Y  1IR1S                 61    0.519 110.869   0.000   0.045   0.321   0.634
E Y  1IR1S                 62    0.404  86.295   0.000   0.025   0.552   0.423
E D  1IR1S                 63    0.486  70.091   0.000   0.022   0.383   0.595
E G  1IR1S                 64    0.355  27.976   0.000   0.043   0.272   0.686
E R  1IR1S                 65    0.460 105.356   0.000   0.033   0.361   0.606
E Y  1IR1S                 66    0.286  61.224   0.000   0.019   0.754   0.227
B W  1IR1S                 67    0.147  35.466   0.000   0.016   0.887   0.096
B T  1IR1S                 68    0.224  31.022   0.000   0.013   0.913   0.075
B M  1IR1S                 69    0.155  31.022   0.000   0.027   0.787   0.186
B W  1IR1S                 70    0.231  55.654   0.000   0.039   0.634   0.327
E K  1IR1S                 71    0.502 103.244   0.000   0.037   0.431   0.532
B L  1IR1S                 72    0.138  25.206   0.000   0.016   0.180   0.804
E P  1IR1S                 73    0.425  60.305   0.000   0.181   0.084   0.735
E M  1IR1S                 74    0.479  95.825   0.000   0.073   0.173   0.753
E F  1IR1S                 75    0.424  85.029   0.000   0.060   0.129   0.811
E G  1IR1S                 76    0.663  52.150   0.000   0.006   0.023   0.971
B C  1IR1S                 77    0.076  10.731   0.000   0.001   0.081   0.918
E T  1IR1S                 78    0.758 105.078   0.000   0.000   0.002   0.998
E D  1IR1S                 79    0.562  81.001   0.000   0.000   0.000   0.999
E P  1IR1S                 80    0.277  39.304   0.000   0.980   0.000   0.020
E A  1IR1S                 81    0.544  59.975   0.000   0.995   0.000   0.005
E Q  1IR1S                 82    0.468  83.591   0.000   0.997   0.000   0.003
B V  1IR1S                 83    0.008   1.195   0.000   0.999   0.000   0.001
B L  1IR1S                 84    0.208  38.097   0.000   0.998   0.000   0.002
E N  1IR1S                 85    0.606  88.768   0.000   0.999   0.000   0.001
B E  1IR1S                 86    0.183  31.893   0.000   0.999   0.000   0.001
B L  1IR1S                 87    0.017   3.136   0.000   0.999   0.000   0.001
E E  1IR1S                 88    0.488  85.166   0.000   1.000   0.000   0.000
E E  1IR1S                 89    0.502  87.663   0.000   0.999   0.000   0.001
B C  1IR1S                 90    0.008   1.186   0.000   0.999   0.000   0.001
E K  1IR1S                 91    0.326  66.984   0.000   0.998   0.000   0.002
E K  1IR1S                 92    0.796 163.802   0.000   0.990   0.000   0.010
E E  1IR1S                 93    0.576 100.681   0.000   0.988   0.000   0.012
E Y  1IR1S                 94    0.253  54.110   0.000   0.002   0.000   0.998
E P  1IR1S                 95    0.602  85.415   0.000   0.001   0.000   0.999
E N  1IR1S                 96    0.785 114.870   0.000   0.001   0.000   0.999
B A  1IR1S                 97    0.066   7.305   0.000   0.001   0.135   0.864
E F  1IR1S                 98    0.283  56.703   0.000   0.001   0.895   0.104
B I  1IR1S                 99    0.018   3.243   0.000   0.000   0.998   0.002
B R  1IR1S                100    0.226  51.806   0.000   0.000   1.000   0.000
B I  1IR1S                101    0.030   5.500   0.000   0.000   0.999   0.001
B I  1IR1S                102    0.161  29.849   0.000   0.000   0.995   0.005
B G  1IR1S                103    0.048   3.758   0.000   0.000   0.994   0.006
B F  1IR1S                104    0.170  34.081   0.000   0.000   0.996   0.003
B D  1IR1S                105    0.135  19.473   0.000   0.000   0.935   0.065
E S  1IR1S                106    0.441  51.732   0.000   0.014   0.007   0.979
E N  1IR1S                107    0.813 118.969   0.000   0.021   0.002   0.977
E R  1IR1S                108    0.574 131.371   0.000   0.017   0.004   0.978
E Q  1IR1S                109    0.553  98.849   0.000   0.002   0.032   0.966
B V  1IR1S                110    0.195  30.031   0.000   0.000   0.977   0.023
E Q  1IR1S                111    0.316  56.490   0.000   0.000   0.997   0.003
B C  1IR1S                112    0.075  10.587   0.000   0.000   0.990   0.010
B V  1IR1S                113    0.134  20.564   0.000   0.001   0.993   0.006
B S  1IR1S                114    0.125  14.690   0.000   0.000   0.996   0.004
B F  1IR1S                115    0.125  25.082   0.000   0.000   0.997   0.003
B I  1IR1S                116    0.123  22.831   0.000   0.000   0.997   0.003
B A  1IR1S                117    0.033   3.596   0.000   0.000   0.994   0.006
E Y  1IR1S                118    0.301  64.360   0.000   0.001   0.946   0.054
E K  1IR1S                119    0.323  66.529   0.000   0.001   0.307   0.692
B P  1IR1S                120    0.244  34.641   0.000   0.020   0.058   0.922
E A  1IR1S                121    0.793  87.389   0.000   0.078   0.006   0.916
E G  1IR1S                122    0.877  68.987   0.000   0.024   0.001   0.976
E Y  1IR1S                123    0.727 155.418   0.000   0.001   0.000   0.999
