# For publication of results, please cite:
# ...
# ... Michael Schantz Klausen, Martin Closter Jespersen, Henrik Nielsen, Kamilla Kjærgaard Jensen, 
# ... Vanessa Isabell Jurtz, Casper Kaae Sønderby, Morten Otto Alexander Sommer, Ole Winther, 
# ... Morten Nielsen, Bent Petersen, and Paolo Marcatili. 
# ... NetSurfP-2.0: Improved prediction of protein structural features by integrated deep learning.
# ... Proteins: Structure, Function, and Bioinformatics (Feb. 2019).
# ... https://doi.org/10.1002/prot.25674
# ...
#
# Column 1: Class assignment - B for buried or E for Exposed - Threshold: 25% exposure, but not based on RSA
# Column 2: Amino acid
# Column 3: Sequence name
# Column 4: Amino acid number
# Column 5: Relative Surface Accessibility - RSA
# Column 6: Absolute Surface Accessibility
# Column 7: Not used
# Column 8: Probability for Alpha-Helix
# Column 9: Probability for Beta-strand
# Column 10: Probability for Coil
E M  1S3FB                  1    0.824 164.877   0.000   0.000   0.000   1.000
E K  1S3FB                  2    0.780 160.344   0.000   0.003   0.014   0.983
E A  1S3FB                  3    0.589  64.949   0.000   0.005   0.022   0.973
E V  1S3FB                  4    0.570  87.583   0.000   0.002   0.040   0.957
E V  1S3FB                  5    0.359  55.149   0.000   0.002   0.024   0.974
E P  1S3FB                  6    0.364  51.660   0.000   0.001   0.006   0.993
E T  1S3FB                  7    0.632  87.687   0.000   0.003   0.057   0.940
E G  1S3FB                  8    0.255  20.072   0.000   0.001   0.309   0.690
E K  1S3FB                  9    0.347  71.351   0.000   0.000   0.848   0.151
B I  1S3FB                 10    0.010   1.781   0.000   0.000   0.996   0.004
B Y  1S3FB                 11    0.036   7.781   0.000   0.000   1.000   0.000
B L  1S3FB                 12    0.001   0.275   0.000   0.000   1.000   0.000
B G  1S3FB                 13    0.007   0.516   0.000   0.000   0.927   0.073
B S  1S3FB                 14    0.020   2.291   0.000   0.000   0.266   0.734
B P  1S3FB                 15    0.122  17.311   0.000   0.001   0.023   0.976
B F  1S3FB                 16    0.179  35.949   0.000   0.003   0.023   0.974
E Y  1S3FB                 17    0.331  70.631   0.000   0.001   0.006   0.993
E S  1S3FB                 18    0.384  45.005   0.000   0.015   0.003   0.982
E D  1S3FB                 19    0.754 108.602   0.000   0.974   0.000   0.026
E A  1S3FB                 20    0.546  60.223   0.000   0.978   0.000   0.022
B Q  1S3FB                 21    0.133  23.720   0.000   0.980   0.000   0.020
E R  1S3FB                 22    0.390  89.264   0.000   0.989   0.000   0.011
E E  1S3FB                 23    0.650 113.593   0.000   0.992   0.000   0.008
B R  1S3FB                 24    0.209  47.924   0.000   0.994   0.000   0.006
B A  1S3FB                 25    0.026   2.849   0.000   0.998   0.000   0.002
E A  1S3FB                 26    0.376  41.391   0.000   0.999   0.000   0.001
E K  1S3FB                 27    0.450  92.650   0.000   0.998   0.000   0.002
B A  1S3FB                 28    0.005   0.522   0.000   0.999   0.000   0.001
E K  1S3FB                 29    0.353  72.622   0.000   0.999   0.000   0.001
E E  1S3FB                 30    0.617 107.811   0.000   0.998   0.000   0.002
B L  1S3FB                 31    0.143  26.133   0.000   0.998   0.000   0.002
B L  1S3FB                 32    0.021   3.936   0.000   0.984   0.000   0.016
E A  1S3FB                 33    0.580  63.933   0.000   0.835   0.000   0.165
E K  1S3FB                 34    0.709 145.834   0.000   0.538   0.000   0.462
E N  1S3FB                 35    0.257  37.574   0.000   0.001   0.000   0.999
E P  1S3FB                 36    0.629  89.208   0.000   0.124   0.001   0.875
E S  1S3FB                 37    0.510  59.738   0.000   0.112   0.035   0.853
B I  1S3FB                 38    0.096  17.692   0.000   0.048   0.488   0.464
E A  1S3FB                 39    0.260  28.628   0.000   0.011   0.756   0.233
E H  1S3FB                 40    0.401  73.031   0.000   0.003   0.970   0.028
B V  1S3FB                 41    0.137  21.052   0.000   0.000   0.980   0.019
B F  1S3FB                 42    0.194  38.868   0.000   0.001   0.917   0.082
B F  1S3FB                 43    0.127  25.530   0.000   0.000   0.176   0.823
B P  1S3FB                 44    0.112  15.897   0.000   0.299   0.014   0.687
E F  1S3FB                 45    0.353  70.866   0.000   0.271   0.033   0.696
E D  1S3FB                 46    0.508  73.154   0.000   0.317   0.024   0.659
E D  1S3FB                 47    0.403  58.097   0.000   0.205   0.014   0.781
E G  1S3FB                 48    0.428  33.713   0.000   0.080   0.032   0.889
E F  1S3FB                 49    0.329  65.996   0.000   0.046   0.067   0.887
E T  1S3FB                 50    0.587  81.361   0.000   0.043   0.111   0.845
E D  1S3FB                 51    0.434  62.594   0.000   0.002   0.028   0.970
E P  1S3FB                 52    0.575  81.603   0.000   0.039   0.005   0.955
E D  1S3FB                 53    0.759 109.409   0.000   0.044   0.005   0.951
E E  1S3FB                 54    0.587 102.562   0.000   0.047   0.015   0.938
E K  1S3FB                 55    0.751 154.434   0.000   0.029   0.055   0.916
E N  1S3FB                 56    0.419  61.370   0.000   0.003   0.040   0.957
E P  1S3FB                 57    0.631  89.577   0.000   0.133   0.006   0.860
E E  1S3FB                 58    0.713 124.627   0.000   0.129   0.022   0.849
E I  1S3FB                 59    0.390  72.136   0.000   0.131   0.071   0.797
E G  1S3FB                 60    0.524  41.210   0.000   0.068   0.040   0.891
E G  1S3FB                 61    0.422  33.237   0.000   0.143   0.101   0.756
E I  1S3FB                 62    0.463  85.694   0.000   0.223   0.164   0.613
E R  1S3FB                 63    0.612 140.162   0.000   0.261   0.119   0.620
E S  1S3FB                 64    0.340  39.903   0.000   0.205   0.056   0.739
E M  1S3FB                 65    0.546 109.186   0.000   0.843   0.012   0.145
E V  1S3FB                 66    0.555  85.229   0.000   0.865   0.019   0.116
E W  1S3FB                 67    0.347  83.427   0.000   0.856   0.012   0.133
E R  1S3FB                 68    0.374  85.611   0.000   0.943   0.003   0.054
E D  1S3FB                 69    0.529  76.252   0.000   0.963   0.001   0.036
E A  1S3FB                 70    0.322  35.445   0.000   0.977   0.001   0.022
B T  1S3FB                 71    0.130  18.057   0.000   0.988   0.000   0.011
E Y  1S3FB                 72    0.309  66.100   0.000   0.987   0.001   0.012
E Q  1S3FB                 73    0.581 103.775   0.000   0.995   0.000   0.005
E N  1S3FB                 74    0.332  48.579   0.000   0.973   0.000   0.026
B D  1S3FB                 75    0.082  11.803   0.000   0.974   0.000   0.025
B L  1S3FB                 76    0.193  35.387   0.000   0.990   0.000   0.010
E T  1S3FB                 77    0.471  65.354   0.000   0.991   0.000   0.009
B G  1S3FB                 78    0.077   6.023   0.000   0.990   0.000   0.010
B I  1S3FB                 79    0.017   3.083   0.000   0.995   0.000   0.005
E S  1S3FB                 80    0.403  47.275   0.000   0.893   0.000   0.107
E N  1S3FB                 81    0.596  87.224   0.000   0.526   0.000   0.474
B A  1S3FB                 82    0.027   3.020   0.000   0.001   0.009   0.990
E T  1S3FB                 83    0.346  47.997   0.000   0.000   0.013   0.987
B C  1S3FB                 84    0.019   2.668   0.000   0.000   0.980   0.020
B G  1S3FB                 85    0.007   0.584   0.000   0.000   0.996   0.004
B V  1S3FB                 86    0.009   1.353   0.000   0.000   0.999   0.001
B F  1S3FB                 87    0.003   0.661   0.000   0.000   0.996   0.004
B L  1S3FB                 88    0.049   8.946   0.000   0.000   0.965   0.035
B Y  1S3FB                 89    0.033   7.109   0.000   0.000   0.679   0.320
B D  1S3FB                 90    0.236  34.015   0.000   0.001   0.553   0.446
B M  1S3FB                 91    0.090  17.961   0.000   0.028   0.062   0.910
E D  1S3FB                 92    0.583  83.963   0.000   0.040   0.018   0.942
E Q  1S3FB                 93    0.524  93.548   0.000   0.047   0.068   0.885
E L  1S3FB                 94    0.305  55.920   0.000   0.007   0.080   0.913
E D  1S3FB                 95    0.358  51.535   0.000   0.012   0.010   0.978
E D  1S3FB                 96    0.777 111.921   0.000   0.953   0.000   0.047
E G  1S3FB                 97    0.311  24.494   0.000   0.959   0.000   0.041
B S  1S3FB                 98    0.023   2.709   0.000   0.990   0.000   0.010
E A  1S3FB                 99    0.315  34.660   0.000   0.998   0.000   0.002
E F  1S3FB                100    0.721 144.753   0.000   0.999   0.000   0.001
B E  1S3FB                101    0.060  10.527   0.000   0.999   0.000   0.001
B I  1S3FB                102    0.035   6.525   0.000   1.000   0.000   0.000
E G  1S3FB                103    0.518  40.794   0.000   1.000   0.000   0.000
E F  1S3FB                104    0.440  88.402   0.000   0.999   0.000   0.001
B M  1S3FB                105    0.006   1.230   0.000   0.999   0.000   0.001
E R  1S3FB                106    0.410  93.823   0.000   0.999   0.000   0.001
E A  1S3FB                107    0.762  83.969   0.000   0.979   0.000   0.021
E M  1S3FB                108    0.402  80.521   0.000   0.192   0.000   0.808
E H  1S3FB                109    0.779 141.695   0.000   0.001   0.000   0.999
B K  1S3FB                110    0.194  39.969   0.000   0.000   0.001   0.999
B P  1S3FB                111    0.200  28.448   0.000   0.000   0.026   0.974
B V  1S3FB                112    0.014   2.114   0.000   0.000   0.996   0.004
B I  1S3FB                113    0.031   5.718   0.000   0.000   0.999   0.001
B L  1S3FB                114    0.021   3.903   0.000   0.000   0.996   0.004
B V  1S3FB                115    0.030   4.595   0.000   0.000   0.899   0.100
B P  1S3FB                116    0.094  13.360   0.000   0.001   0.657   0.341
E F  1S3FB                117    0.276  55.309   0.000   0.042   0.241   0.717
E T  1S3FB                118    0.434  60.143   0.000   0.048   0.121   0.831
E E  1S3FB                119    0.644 112.574   0.000   0.074   0.114   0.812
E H  1S3FB                120    0.373  67.879   0.000   0.012   0.068   0.920
E P  1S3FB                121    0.586  83.174   0.000   0.287   0.019   0.694
E E  1S3FB                122    0.722 126.200   0.000   0.300   0.019   0.682
E K  1S3FB                123    0.593 121.907   0.000   0.428   0.007   0.565
E E  1S3FB                124    0.675 117.859   0.000   0.322   0.022   0.656
E K  1S3FB                125    0.536 110.221   0.000   0.284   0.091   0.625
E K  1S3FB                126    0.544 111.979   0.000   0.180   0.199   0.621
B M  1S3FB                127    0.190  38.018   0.000   0.102   0.313   0.585
E N  1S3FB                128    0.278  40.648   0.000   0.097   0.054   0.849
E L  1S3FB                129    0.438  80.139   0.000   0.921   0.002   0.077
E M  1S3FB                130    0.407  81.533   0.000   0.909   0.004   0.087
B I  1S3FB                131    0.136  25.114   0.000   0.919   0.004   0.078
B A  1S3FB                132    0.231  25.498   0.000   0.833   0.005   0.162
E Q  1S3FB                133    0.575 102.658   0.000   0.579   0.003   0.418
E G  1S3FB                134    0.344  27.107   0.000   0.331   0.004   0.665
B V  1S3FB                135    0.090  13.834   0.000   0.012   0.070   0.918
E T  1S3FB                136    0.512  71.057   0.000   0.005   0.092   0.903
E T  1S3FB                137    0.303  42.045   0.000   0.001   0.985   0.014
E I  1S3FB                138    0.282  52.091   0.000   0.001   0.995   0.004
B I  1S3FB                139    0.064  11.749   0.000   0.000   0.933   0.067
E D  1S3FB                140    0.586  84.383   0.000   0.003   0.243   0.754
B G  1S3FB                141    0.227  17.898   0.000   0.113   0.007   0.880
E N  1S3FB                142    0.530  77.601   0.000   0.899   0.002   0.100
E T  1S3FB                143    0.657  91.098   0.000   0.946   0.001   0.053
E E  1S3FB                144    0.306  53.422   0.000   0.972   0.001   0.027
B F  1S3FB                145    0.047   9.357   0.000   0.990   0.000   0.010
E E  1S3FB                146    0.527  92.063   0.000   0.994   0.000   0.006
E K  1S3FB                147    0.520 106.867   0.000   0.987   0.000   0.012
B L  1S3FB                148    0.043   7.922   0.000   0.984   0.000   0.016
B A  1S3FB                149    0.199  21.983   0.000   0.796   0.001   0.203
E D  1S3FB                150    0.753 108.481   0.000   0.268   0.003   0.729
B Y  1S3FB                151    0.223  47.672   0.000   0.014   0.009   0.977
E N  1S3FB                152    0.456  66.757   0.000   0.006   0.150   0.844
B F  1S3FB                153    0.136  27.380   0.000   0.192   0.002   0.806
E N  1S3FB                154    0.672  98.375   0.000   0.247   0.001   0.752
E E  1S3FB                155    0.694 121.301   0.000   0.210   0.011   0.779
B C  1S3FB                156    0.140  19.593   0.000   0.003   0.008   0.989
E P  1S3FB                157    0.415  58.826   0.000   0.004   0.031   0.965
E S  1S3FB                158    0.504  59.089   0.000   0.007   0.164   0.829
E N  1S3FB                159    0.542  79.386   0.000   0.001   0.276   0.723
E P  1S3FB                160    0.539  76.454   0.000   0.020   0.208   0.772
E V  1S3FB                161    0.392  60.299   0.000   0.019   0.132   0.849
E R  1S3FB                162    0.731 167.442   0.000   0.020   0.116   0.864
E G  1S3FB                163    0.437  34.392   0.000   0.034   0.048   0.918
E Y  1S3FB                164    0.653 139.512   0.000   0.061   0.061   0.878
E G  1S3FB                165    0.567  44.641   0.000   0.034   0.037   0.929
E I  1S3FB                166    0.591 109.387   0.000   0.016   0.036   0.948
E Y  1S3FB                167    0.789 168.679   0.000   0.000   0.000   0.999
