# For publication of results, please cite:
# ...
# ... Michael Schantz Klausen, Martin Closter Jespersen, Henrik Nielsen, Kamilla Kjærgaard Jensen, 
# ... Vanessa Isabell Jurtz, Casper Kaae Sønderby, Morten Otto Alexander Sommer, Ole Winther, 
# ... Morten Nielsen, Bent Petersen, and Paolo Marcatili. 
# ... NetSurfP-2.0: Improved prediction of protein structural features by integrated deep learning.
# ... Proteins: Structure, Function, and Bioinformatics (Feb. 2019).
# ... https://doi.org/10.1002/prot.25674
# ...
#
# Column 1: Class assignment - B for buried or E for Exposed - Threshold: 25% exposure, but not based on RSA
# Column 2: Amino acid
# Column 3: Sequence name
# Column 4: Amino acid number
# Column 5: Relative Surface Accessibility - RSA
# Column 6: Absolute Surface Accessibility
# Column 7: Not used
# Column 8: Probability for Alpha-Helix
# Column 9: Probability for Beta-strand
# Column 10: Probability for Coil
E D  3NJSA                  1    0.807 116.280   0.000   0.000   0.084   0.916
B V  3NJSA                  2    0.159  24.438   0.000   0.001   0.753   0.246
E S  3NJSA                  3    0.518  60.654   0.000   0.000   0.938   0.062
B F  3NJSA                  4    0.108  21.589   0.000   0.001   0.933   0.066
E R  3NJSA                  5    0.556 127.325   0.000   0.001   0.860   0.139
B L  3NJSA                  6    0.079  14.475   0.000   0.028   0.350   0.622
E S  3NJSA                  7    0.631  73.956   0.000   0.029   0.082   0.889
E G  3NJSA                  8    0.674  53.079   0.000   0.051   0.039   0.910
B A  3NJSA                  9    0.231  25.485   0.000   0.013   0.029   0.958
E D  3NJSA                 10    0.561  80.832   0.000   0.006   0.006   0.987
E P  3NJSA                 11    0.408  57.928   0.000   0.826   0.002   0.172
E S  3NJSA                 12    0.654  76.617   0.000   0.864   0.001   0.134
E S  3NJSA                 13    0.277  32.441   0.000   0.906   0.002   0.092
B Y  3NJSA                 14    0.042   8.919   0.000   0.979   0.001   0.020
B G  3NJSA                 15    0.176  13.832   0.000   0.993   0.000   0.007
E M  3NJSA                 16    0.442  88.358   0.000   0.997   0.000   0.003
B F  3NJSA                 17    0.037   7.515   0.000   0.999   0.000   0.001
B I  3NJSA                 18    0.021   3.903   0.000   0.999   0.000   0.001
E K  3NJSA                 19    0.481  99.042   0.000   1.000   0.000   0.000
E D  3NJSA                 20    0.407  58.601   0.000   0.999   0.000   0.001
B L  3NJSA                 21    0.009   1.707   0.000   0.999   0.000   0.001
B R  3NJSA                 22    0.177  40.531   0.000   0.994   0.000   0.006
E N  3NJSA                 23    0.734 107.495   0.000   0.895   0.000   0.104
E A  3NJSA                 24    0.311  34.320   0.000   0.750   0.000   0.250
B L  3NJSA                 25    0.044   7.993   0.000   0.107   0.006   0.887
E P  3NJSA                 26    0.417  59.123   0.000   0.104   0.005   0.891
E H  3NJSA                 27    0.662 120.375   0.000   0.122   0.133   0.745
E T  3NJSA                 28    0.413  57.262   0.000   0.040   0.171   0.789
E E  3NJSA                 29    0.590 103.114   0.000   0.021   0.336   0.643
E K  3NJSA                 30    0.505 103.963   0.000   0.012   0.833   0.155
B V  3NJSA                 31    0.149  22.919   0.000   0.002   0.973   0.025
E Y  3NJSA                 32    0.335  71.690   0.000   0.024   0.202   0.774
E N  3NJSA                 33    0.797 116.682   0.000   0.003   0.043   0.954
B I  3NJSA                 34    0.113  20.894   0.000   0.000   0.994   0.006
B P  3NJSA                 35    0.149  21.104   0.000   0.000   0.985   0.015
B L  3NJSA                 36    0.019   3.444   0.000   0.007   0.479   0.514
B L  3NJSA                 37    0.042   7.617   0.000   0.007   0.489   0.504
B L  3NJSA                 38    0.202  37.075   0.000   0.003   0.058   0.939
E P  3NJSA                 39    0.325  46.184   0.000   0.021   0.115   0.864
E S  3NJSA                 40    0.502  58.832   0.000   0.016   0.327   0.657
E V  3NJSA                 41    0.457  70.285   0.000   0.015   0.235   0.750
E S  3NJSA                 42    0.624  73.131   0.000   0.011   0.113   0.876
E G  3NJSA                 43    0.632  49.713   0.000   0.016   0.032   0.952
E A  3NJSA                 44    0.548  60.391   0.000   0.019   0.033   0.948
E G  3NJSA                 45    0.385  30.321   0.000   0.015   0.113   0.872
E R  3NJSA                 46    0.346  79.299   0.000   0.008   0.272   0.720
B Y  3NJSA                 47    0.078  16.669   0.000   0.000   0.862   0.138
B L  3NJSA                 48    0.019   3.426   0.000   0.000   0.989   0.010
B L  3NJSA                 49    0.087  15.869   0.000   0.000   0.994   0.005
B M  3NJSA                 50    0.005   0.954   0.000   0.000   0.995   0.005
B H  3NJSA                 51    0.218  39.711   0.000   0.000   0.996   0.004
B L  3NJSA                 52    0.008   1.412   0.000   0.000   0.993   0.007
B F  3NJSA                 53    0.227  45.644   0.000   0.000   0.989   0.011
B N  3NJSA                 54    0.063   9.244   0.000   0.000   0.448   0.551
E Y  3NJSA                 55    0.517 110.582   0.000   0.008   0.006   0.986
E D  3NJSA                 56    0.724 104.268   0.000   0.007   0.001   0.992
E G  3NJSA                 57    0.482  37.911   0.000   0.008   0.017   0.975
E N  3NJSA                 58    0.414  60.649   0.000   0.000   0.005   0.994
E T  3NJSA                 59    0.321  44.586   0.000   0.000   0.952   0.048
B I  3NJSA                 60    0.009   1.750   0.000   0.000   0.997   0.003
B T  3NJSA                 61    0.084  11.707   0.000   0.000   0.999   0.001
B V  3NJSA                 62    0.003   0.521   0.000   0.000   0.999   0.001
B A  3NJSA                 63    0.018   1.954   0.000   0.000   0.999   0.001
B V  3NJSA                 64    0.010   1.510   0.000   0.000   0.992   0.008
B D  3NJSA                 65    0.136  19.622   0.000   0.000   0.849   0.151
B V  3NJSA                 66    0.122  18.690   0.000   0.139   0.070   0.791
E T  3NJSA                 67    0.344  47.781   0.000   0.096   0.168   0.736
B N  3NJSA                 68    0.231  33.814   0.000   0.142   0.167   0.692
B V  3NJSA                 69    0.013   1.933   0.000   0.003   0.568   0.429
B Y  3NJSA                 70    0.114  24.264   0.000   0.003   0.943   0.054
B I  3NJSA                 71    0.008   1.552   0.000   0.000   0.995   0.004
B M  3NJSA                 72    0.052  10.390   0.000   0.000   0.989   0.011
B G  3NJSA                 73    0.010   0.779   0.000   0.000   0.989   0.011
B Y  3NJSA                 74    0.032   6.807   0.000   0.000   0.996   0.004
B L  3NJSA                 75    0.130  23.862   0.000   0.000   0.986   0.014
B A  3NJSA                 76    0.085   9.361   0.000   0.001   0.662   0.337
E L  3NJSA                 77    0.539  98.602   0.000   0.001   0.005   0.994
E T  3NJSA                 78    0.609  84.536   0.000   0.001   0.003   0.996
E T  3NJSA                 79    0.315  43.729   0.000   0.002   0.680   0.318
B S  3NJSA                 80    0.132  15.471   0.000   0.001   0.943   0.056
B Y  3NJSA                 81    0.135  28.871   0.000   0.001   0.977   0.023
B F  3NJSA                 82    0.073  14.732   0.000   0.000   0.986   0.014
B F  3NJSA                 83    0.036   7.246   0.000   0.001   0.905   0.093
E N  3NJSA                 84    0.376  54.993   0.000   0.002   0.334   0.664
E E  3NJSA                 85    0.491  85.720   0.000   0.008   0.047   0.946
B P  3NJSA                 86    0.224  31.770   0.000   0.023   0.015   0.962
E A  3NJSA                 87    0.408  44.943   0.000   0.085   0.017   0.898
E A  3NJSA                 88    0.608  66.977   0.000   0.759   0.002   0.239
E D  3NJSA                 89    0.759 109.426   0.000   0.803   0.002   0.195
B L  3NJSA                 90    0.174  31.833   0.000   0.865   0.002   0.133
B A  3NJSA                 91    0.122  13.466   0.000   0.893   0.002   0.105
E S  3NJSA                 92    0.534  62.587   0.000   0.839   0.007   0.154
E Q  3NJSA                 93    0.522  93.261   0.000   0.735   0.013   0.251
B Y  3NJSA                 94    0.243  51.925   0.000   0.584   0.057   0.359
B V  3NJSA                 95    0.086  13.142   0.000   0.122   0.194   0.683
B F  3NJSA                 96    0.070  14.001   0.000   0.057   0.150   0.793
E R  3NJSA                 97    0.555 127.023   0.000   0.105   0.059   0.836
E S  3NJSA                 98    0.522  61.132   0.000   0.118   0.045   0.837
B A  3NJSA                 99    0.131  14.403   0.000   0.092   0.067   0.841
E R  3NJSA                100    0.614 140.630   0.000   0.079   0.149   0.771
E R  3NJSA                101    0.551 126.194   0.000   0.072   0.352   0.576
E K  3NJSA                102    0.487 100.126   0.000   0.006   0.629   0.364
E I  3NJSA                103    0.250  46.278   0.000   0.001   0.971   0.028
E T  3NJSA                104    0.563  78.157   0.000   0.000   0.985   0.015
B L  3NJSA                105    0.029   5.236   0.000   0.000   0.757   0.243
E P  3NJSA                106    0.502  71.290   0.000   0.000   0.433   0.567
B Y  3NJSA                107    0.077  16.508   0.000   0.001   0.150   0.849
E S  3NJSA                108    0.501  58.756   0.000   0.001   0.078   0.921
B G  3NJSA                109    0.189  14.878   0.000   0.003   0.180   0.816
E N  3NJSA                110    0.325  47.562   0.000   0.005   0.143   0.852
B Y  3NJSA                111    0.079  16.927   0.000   0.966   0.000   0.034
E E  3NJSA                112    0.557  97.301   0.000   0.986   0.000   0.014
E R  3NJSA                113    0.444 101.623   0.000   0.991   0.000   0.009
B L  3NJSA                114    0.008   1.426   0.000   0.992   0.000   0.008
E Q  3NJSA                115    0.261  46.655   0.000   0.990   0.000   0.009
E I  3NJSA                116    0.638 117.984   0.000   0.987   0.001   0.012
E A  3NJSA                117    0.304  33.527   0.000   0.959   0.001   0.040
B A  3NJSA                118    0.134  14.759   0.000   0.831   0.000   0.169
E G  3NJSA                119    0.781  61.496   0.000   0.005   0.001   0.994
E K  3NJSA                120    0.412  84.769   0.000   0.002   0.005   0.993
E P  3NJSA                121    0.510  72.411   0.000   0.005   0.021   0.974
B R  3NJSA                122    0.185  42.450   0.000   0.842   0.005   0.153
E E  3NJSA                123    0.630 110.148   0.000   0.804   0.009   0.187
E K  3NJSA                124    0.616 126.703   0.000   0.853   0.012   0.135
B I  3NJSA                125    0.040   7.355   0.000   0.002   0.078   0.920
E P  3NJSA                126    0.380  53.882   0.000   0.006   0.157   0.838
B I  3NJSA                127    0.069  12.757   0.000   0.006   0.609   0.385
B G  3NJSA                128    0.136  10.683   0.000   0.015   0.047   0.938
B L  3NJSA                129    0.159  29.057   0.000   0.991   0.000   0.009
E P  3NJSA                130    0.480  68.159   0.000   0.995   0.000   0.005
B A  3NJSA                131    0.143  15.786   0.000   0.996   0.000   0.003
B L  3NJSA                132    0.007   1.292   0.000   0.997   0.000   0.003
E D  3NJSA                133    0.306  44.105   0.000   0.998   0.000   0.002
E T  3NJSA                134    0.456  63.223   0.000   0.998   0.000   0.002
B A  3NJSA                135    0.013   1.437   0.000   0.999   0.000   0.001
B I  3NJSA                136    0.012   2.301   0.000   0.997   0.000   0.003
E S  3NJSA                137    0.344  40.355   0.000   0.994   0.000   0.006
E T  3NJSA                138    0.272  37.727   0.000   0.983   0.000   0.017
B L  3NJSA                139    0.012   2.122   0.000   0.941   0.000   0.059
B L  3NJSA                140    0.161  29.469   0.000   0.555   0.001   0.444
E H  3NJSA                141    0.681 123.951   0.000   0.210   0.000   0.789
E Y  3NJSA                142    0.270  57.791   0.000   0.030   0.002   0.969
E D  3NJSA                143    0.654  94.290   0.000   0.004   0.001   0.995
E S  3NJSA                144    0.397  46.550   0.000   0.707   0.001   0.293
E T  3NJSA                145    0.571  79.151   0.000   0.955   0.000   0.045
B A  3NJSA                146    0.215  23.647   0.000   0.979   0.000   0.021
B A  3NJSA                147    0.044   4.798   0.000   0.988   0.000   0.011
B A  3NJSA                148    0.053   5.804   0.000   0.996   0.000   0.004
B G  3NJSA                149    0.118   9.321   0.000   0.997   0.000   0.003
B A  3NJSA                150    0.020   2.156   0.000   0.999   0.000   0.001
B L  3NJSA                151    0.008   1.552   0.000   0.999   0.000   0.001
B L  3NJSA                152    0.019   3.549   0.000   1.000   0.000   0.000
B V  3NJSA                153    0.027   4.217   0.000   1.000   0.000   0.000
B L  3NJSA                154    0.006   1.100   0.000   1.000   0.000   0.000
B I  3NJSA                155    0.008   1.499   0.000   1.000   0.000   0.000
B Q  3NJSA                156    0.038   6.809   0.000   1.000   0.000   0.000
B T  3NJSA                157    0.013   1.784   0.000   0.999   0.000   0.001
B T  3NJSA                158    0.020   2.785   0.000   0.998   0.000   0.002
B A  3NJSA                159    0.009   1.033   0.000   0.996   0.000   0.004
B E  3NJSA                160    0.043   7.474   0.000   0.983   0.000   0.016
B A  3NJSA                161    0.017   1.867   0.000   0.966   0.000   0.034
B A  3NJSA                162    0.033   3.628   0.000   0.813   0.002   0.186
B R  3NJSA                163    0.102  23.401   0.000   0.496   0.008   0.497
B F  3NJSA                164    0.031   6.248   0.000   0.222   0.093   0.685
E K  3NJSA                165    0.327  67.168   0.000   0.990   0.001   0.010
B Y  3NJSA                166    0.218  46.666   0.000   0.995   0.001   0.005
B I  3NJSA                167    0.008   1.547   0.000   0.997   0.000   0.002
B E  3NJSA                168    0.131  22.911   0.000   0.999   0.000   0.001
E Q  3NJSA                169    0.432  77.167   0.000   0.999   0.000   0.001
B Q  3NJSA                170    0.243  43.437   0.000   0.998   0.000   0.002
B I  3NJSA                171    0.008   1.543   0.000   0.995   0.000   0.005
E Q  3NJSA                172    0.273  48.753   0.000   0.979   0.000   0.020
E E  3NJSA                173    0.582 101.698   0.000   0.929   0.000   0.071
E R  3NJSA                174    0.316  72.363   0.000   0.840   0.001   0.158
B A  3NJSA                175    0.099  10.907   0.000   0.631   0.016   0.354
E Y  3NJSA                176    0.269  57.587   0.000   0.323   0.038   0.638
E R  3NJSA                177    0.552 126.294   0.000   0.111   0.013   0.876
E D  3NJSA                178    0.771 111.110   0.000   0.028   0.005   0.967
E E  3NJSA                179    0.423  73.828   0.000   0.024   0.072   0.904
E V  3NJSA                180    0.451  69.252   0.000   0.000   0.016   0.983
B P  3NJSA                181    0.074  10.434   0.000   0.001   0.009   0.990
E S  3NJSA                182    0.440  51.510   0.000   0.003   0.002   0.995
E S  3NJSA                183    0.734  86.047   0.000   0.956   0.000   0.043
E A  3NJSA                184    0.430  47.421   0.000   0.969   0.000   0.030
B T  3NJSA                185    0.049   6.826   0.000   0.985   0.000   0.014
B I  3NJSA                186    0.166  30.701   0.000   0.988   0.001   0.012
E S  3NJSA                187    0.509  59.633   0.000   0.952   0.001   0.047
B L  3NJSA                188    0.085  15.639   0.000   0.941   0.001   0.058
B E  3NJSA                189    0.083  14.492   0.000   0.878   0.013   0.109
E N  3NJSA                190    0.473  69.285   0.000   0.650   0.003   0.348
E S  3NJSA                191    0.296  34.693   0.000   0.193   0.009   0.798
B W  3NJSA                192    0.037   8.862   0.000   0.955   0.001   0.044
B S  3NJSA                193    0.204  23.947   0.000   0.991   0.000   0.009
E G  3NJSA                194    0.272  21.431   0.000   0.994   0.000   0.006
B L  3NJSA                195    0.022   3.975   0.000   0.993   0.000   0.007
B S  3NJSA                196    0.010   1.168   0.000   0.992   0.000   0.008
E K  3NJSA                197    0.427  87.835   0.000   0.996   0.000   0.004
B Q  3NJSA                198    0.194  34.709   0.000   0.997   0.000   0.003
B I  3NJSA                199    0.011   2.017   0.000   0.996   0.000   0.003
E Q  3NJSA                200    0.287  51.316   0.000   0.989   0.000   0.011
E L  3NJSA                201    0.422  77.186   0.000   0.941   0.001   0.058
B A  3NJSA                202    0.060   6.571   0.000   0.864   0.002   0.135
E Q  3NJSA                203    0.355  63.339   0.000   0.606   0.053   0.341
E G  3NJSA                204    0.526  41.404   0.000   0.375   0.016   0.609
E N  3NJSA                205    0.728 106.552   0.000   0.306   0.022   0.672
E N  3NJSA                206    0.703 102.884   0.000   0.091   0.008   0.900
B G  3NJSA                207    0.161  12.689   0.000   0.065   0.039   0.897
E V  3NJSA                208    0.292  44.842   0.000   0.021   0.262   0.717
B F  3NJSA                209    0.062  12.414   0.000   0.006   0.320   0.674
E R  3NJSA                210    0.566 129.644   0.000   0.004   0.038   0.958
E T  3NJSA                211    0.524  72.636   0.000   0.000   0.022   0.978
E P  3NJSA                212    0.382  54.270   0.000   0.000   0.029   0.971
B T  3NJSA                213    0.109  15.072   0.000   0.001   0.436   0.563
E V  3NJSA                214    0.296  45.493   0.000   0.001   0.893   0.106
B L  3NJSA                215    0.056  10.332   0.000   0.001   0.899   0.100
B V  3NJSA                216    0.226  34.766   0.000   0.000   0.976   0.023
B D  3NJSA                217    0.186  26.799   0.000   0.000   0.060   0.940
E S  3NJSA                218    0.692  81.104   0.000   0.001   0.001   0.999
E K  3NJSA                219    0.783 161.092   0.000   0.001   0.000   0.999
E G  3NJSA                220    0.519  40.848   0.000   0.001   0.001   0.999
E N  3NJSA                221    0.610  89.326   0.000   0.001   0.005   0.995
E R  3NJSA                222    0.583 133.436   0.000   0.000   0.954   0.045
B V  3NJSA                223    0.160  24.559   0.000   0.001   0.869   0.130
E Q  3NJSA                224    0.514  91.781   0.000   0.001   0.865   0.135
B I  3NJSA                225    0.047   8.730   0.000   0.003   0.748   0.249
E T  3NJSA                226    0.492  68.306   0.000   0.005   0.298   0.697
E N  3NJSA                227    0.511  74.815   0.000   0.009   0.290   0.701
B V  3NJSA                228    0.061   9.365   0.000   0.208   0.120   0.672
E T  3NJSA                229    0.348  48.233   0.000   0.440   0.033   0.528
E S  3NJSA                230    0.326  38.200   0.000   0.883   0.003   0.114
E N  3NJSA                231    0.385  56.305   0.000   0.943   0.003   0.055
B V  3NJSA                232    0.086  13.294   0.000   0.939   0.015   0.046
B V  3NJSA                233    0.095  14.594   0.000   0.950   0.016   0.034
E T  3NJSA                234    0.263  36.441   0.000   0.944   0.012   0.044
B S  3NJSA                235    0.184  21.592   0.000   0.946   0.009   0.045
B N  3NJSA                236    0.159  23.295   0.000   0.903   0.014   0.084
B I  3NJSA                237    0.082  15.262   0.000   0.919   0.011   0.069
E Q  3NJSA                238    0.321  57.283   0.000   0.887   0.014   0.099
B L  3NJSA                239    0.200  36.637   0.000   0.822   0.013   0.164
B L  3NJSA                240    0.137  25.052   0.000   0.799   0.015   0.185
B L  3NJSA                241    0.242  44.259   0.000   0.491   0.024   0.485
E N  3NJSA                242    0.512  74.894   0.000   0.196   0.014   0.790
E T  3NJSA                243    0.355  49.220   0.000   0.073   0.028   0.899
E K  3NJSA                244    0.597 122.814   0.000   0.040   0.048   0.912
E N  3NJSA                245    0.689 100.868   0.000   0.024   0.023   0.953
E I  3NJSA                246    0.563 104.207   0.000   0.000   0.000   0.999
