# For publication of results, please cite:
# ...
# ... Michael Schantz Klausen, Martin Closter Jespersen, Henrik Nielsen, Kamilla Kjærgaard Jensen, 
# ... Vanessa Isabell Jurtz, Casper Kaae Sønderby, Morten Otto Alexander Sommer, Ole Winther, 
# ... Morten Nielsen, Bent Petersen, and Paolo Marcatili. 
# ... NetSurfP-2.0: Improved prediction of protein structural features by integrated deep learning.
# ... Proteins: Structure, Function, and Bioinformatics (Feb. 2019).
# ... https://doi.org/10.1002/prot.25674
# ...
#
# Column 1: Class assignment - B for buried or E for Exposed - Threshold: 25% exposure, but not based on RSA
# Column 2: Amino acid
# Column 3: Sequence name
# Column 4: Amino acid number
# Column 5: Relative Surface Accessibility - RSA
# Column 6: Absolute Surface Accessibility
# Column 7: Not used
# Column 8: Probability for Alpha-Helix
# Column 9: Probability for Beta-strand
# Column 10: Probability for Coil
E A  1IS9A                  1    0.827  91.087   0.000   0.001   0.000   0.999
E G  1IS9A                  2    0.649  51.114   0.000   0.001   0.005   0.993
E V  1IS9A                  3    0.378  58.126   0.000   0.001   0.021   0.977
E P  1IS9A                  4    0.302  42.912   0.000   0.011   0.013   0.976
E F  1IS9A                  5    0.251  50.384   0.000   0.038   0.035   0.927
E N  1IS9A                  6    0.565  82.783   0.000   0.033   0.025   0.942
E T  1IS9A                  7    0.386  53.502   0.000   0.038   0.086   0.876
E K  1IS9A                  8    0.596 122.697   0.000   0.021   0.190   0.789
E Y  1IS9A                  9    0.261  55.868   0.000   0.002   0.142   0.856
E P  1IS9A                 10    0.522  74.054   0.000   0.008   0.083   0.909
E Y  1IS9A                 11    0.272  58.039   0.000   0.011   0.048   0.941
B G  1IS9A                 12    0.242  19.036   0.000   0.022   0.122   0.856
E P  1IS9A                 13    0.342  48.506   0.000   0.046   0.067   0.886
E T  1IS9A                 14    0.354  49.120   0.000   0.030   0.304   0.666
E S  1IS9A                 15    0.383  44.931   0.000   0.026   0.467   0.507
B I  1IS9A                 16    0.152  28.178   0.000   0.011   0.528   0.462
B A  1IS9A                 17    0.170  18.726   0.000   0.011   0.525   0.464
E D  1IS9A                 18    0.625  90.077   0.000   0.010   0.017   0.973
E N  1IS9A                 19    0.507  74.154   0.000   0.016   0.015   0.968
E Q  1IS9A                 20    0.505  90.162   0.000   0.948   0.001   0.052
E S  1IS9A                 21    0.709  83.041   0.000   0.965   0.000   0.034
E E  1IS9A                 22    0.554  96.745   0.000   0.968   0.001   0.031
B V  1IS9A                 23    0.044   6.724   0.000   0.982   0.000   0.018
E T  1IS9A                 24    0.366  50.778   0.000   0.985   0.000   0.015
E A  1IS9A                 25    0.590  65.011   0.000   0.994   0.000   0.006
E M  1IS9A                 26    0.331  66.166   0.000   0.989   0.000   0.011
B L  1IS9A                 27    0.051   9.400   0.000   0.979   0.001   0.020
E K  1IS9A                 28    0.480  98.810   0.000   0.992   0.000   0.008
E A  1IS9A                 29    0.530  58.383   0.000   0.997   0.000   0.003
E E  1IS9A                 30    0.266  46.384   0.000   0.997   0.000   0.003
B W  1IS9A                 31    0.033   8.000   0.000   0.999   0.000   0.001
E E  1IS9A                 32    0.544  95.119   0.000   0.999   0.000   0.001
E D  1IS9A                 33    0.564  81.275   0.000   0.998   0.000   0.002
B W  1IS9A                 34    0.033   7.986   0.000   0.998   0.000   0.002
E K  1IS9A                 35    0.255  52.516   0.000   0.997   0.000   0.003
E S  1IS9A                 36    0.720  84.417   0.000   0.976   0.000   0.024
E K  1IS9A                 37    0.576 118.563   0.000   0.938   0.000   0.062
B R  1IS9A                 38    0.152  34.823   0.000   0.801   0.001   0.197
B I  1IS9A                 39    0.049   9.032   0.000   0.012   0.820   0.168
E T  1IS9A                 40    0.295  40.981   0.000   0.004   0.711   0.285
E S  1IS9A                 41    0.639  74.865   0.000   0.027   0.339   0.634
E N  1IS9A                 42    0.663  97.058   0.000   0.021   0.269   0.710
E G  1IS9A                 43    0.427  33.573   0.000   0.048   0.075   0.878
E A  1IS9A                 44    0.534  58.898   0.000   0.038   0.022   0.939
B G  1IS9A                 45    0.238  18.714   0.000   0.060   0.136   0.804
B G  1IS9A                 46    0.072   5.627   0.000   0.015   0.372   0.613
B Y  1IS9A                 47    0.076  16.204   0.000   0.003   0.777   0.220
B K  1IS9A                 48    0.169  34.805   0.000   0.004   0.801   0.195
B R  1IS9A                 49    0.122  27.926   0.000   0.002   0.773   0.224
B V  1IS9A                 50    0.092  14.077   0.000   0.001   0.820   0.179
E Q  1IS9A                 51    0.253  45.270   0.000   0.002   0.822   0.176
E R  1IS9A                 52    0.388  88.834   0.000   0.003   0.731   0.266
E D  1IS9A                 53    0.392  56.550   0.000   0.008   0.481   0.511
E A  1IS9A                 54    0.679  74.823   0.000   0.066   0.006   0.928
E S  1IS9A                 55    0.823  96.406   0.000   0.056   0.006   0.938
E T  1IS9A                 56    0.456  63.295   0.000   0.049   0.022   0.929
E N  1IS9A                 57    0.501  73.345   0.000   0.002   0.036   0.962
E Y  1IS9A                 58    0.270  57.620   0.000   0.001   0.798   0.200
B D  1IS9A                 59    0.236  34.033   0.000   0.000   0.947   0.052
B T  1IS9A                 60    0.039   5.357   0.000   0.000   0.952   0.048
B V  1IS9A                 61    0.065   9.958   0.000   0.002   0.916   0.082
B S  1IS9A                 62    0.039   4.611   0.000   0.266   0.388   0.346
B E  1IS9A                 63    0.080  14.053   0.000   0.968   0.003   0.028
B G  1IS9A                 64    0.016   1.268   0.000   0.996   0.000   0.003
B M  1IS9A                 65    0.015   3.005   0.000   0.998   0.000   0.002
B G  1IS9A                 66    0.004   0.304   0.000   0.999   0.000   0.000
B Y  1IS9A                 67    0.017   3.699   0.000   1.000   0.000   0.000
B G  1IS9A                 68    0.002   0.188   0.000   1.000   0.000   0.000
B L  1IS9A                 69    0.002   0.397   0.000   1.000   0.000   0.000
B L  1IS9A                 70    0.010   1.864   0.000   1.000   0.000   0.000
B L  1IS9A                 71    0.012   2.145   0.000   1.000   0.000   0.000
B A  1IS9A                 72    0.002   0.206   0.000   1.000   0.000   0.000
B V  1IS9A                 73    0.020   3.061   0.000   0.999   0.000   0.001
B C  1IS9A                 74    0.091  12.756   0.000   0.977   0.000   0.023
B F  1IS9A                 75    0.213  42.783   0.000   0.090   0.000   0.910
E N  1IS9A                 76    0.709 103.756   0.000   0.003   0.000   0.997
E E  1IS9A                 77    0.376  65.767   0.000   0.001   0.001   0.998
E Q  1IS9A                 78    0.439  78.365   0.000   0.998   0.000   0.002
E A  1IS9A                 79    0.630  69.427   0.000   0.999   0.000   0.001
B L  1IS9A                 80    0.174  31.845   0.000   0.999   0.000   0.001
B F  1IS9A                 81    0.005   0.933   0.000   1.000   0.000   0.000
E D  1IS9A                 82    0.318  45.859   0.000   1.000   0.000   0.000
E D  1IS9A                 83    0.417  60.150   0.000   0.999   0.000   0.001
B L  1IS9A                 84    0.010   1.800   0.000   1.000   0.000   0.000
B Y  1IS9A                 85    0.046   9.759   0.000   1.000   0.000   0.000
E R  1IS9A                 86    0.519 118.833   0.000   1.000   0.000   0.000
B Y  1IS9A                 87    0.099  21.124   0.000   1.000   0.000   0.000
B V  1IS9A                 88    0.003   0.402   0.000   1.000   0.000   0.000
E K  1IS9A                 89    0.388  79.739   0.000   0.998   0.000   0.002
E S  1IS9A                 90    0.618  72.384   0.000   0.970   0.000   0.030
B H  1IS9A                 91    0.188  34.128   0.000   0.745   0.001   0.254
B F  1IS9A                 92    0.069  13.793   0.000   0.277   0.175   0.548
E N  1IS9A                 93    0.429  62.761   0.000   0.137   0.136   0.727
E G  1IS9A                 94    0.645  50.775   0.000   0.100   0.026   0.874
E N  1IS9A                 95    0.559  81.863   0.000   0.054   0.002   0.944
B G  1IS9A                 96    0.137  10.784   0.000   0.029   0.020   0.951
B L  1IS9A                 97    0.025   4.562   0.000   0.016   0.148   0.835
B M  1IS9A                 98    0.013   2.553   0.000   0.011   0.205   0.784
B H  1IS9A                 99    0.073  13.272   0.000   0.006   0.059   0.935
B W  1IS9A                100    0.037   8.998   0.000   0.002   0.299   0.699
B H  1IS9A                101    0.204  37.161   0.000   0.001   0.788   0.211
B I  1IS9A                102    0.114  21.053   0.000   0.000   0.986   0.014
E D  1IS9A                103    0.278  40.005   0.000   0.000   0.014   0.986
E A  1IS9A                104    0.723  79.681   0.000   0.002   0.002   0.996
E N  1IS9A                105    0.811 118.782   0.000   0.002   0.001   0.997
E N  1IS9A                106    0.450  65.945   0.000   0.002   0.001   0.997
E N  1IS9A                107    0.554  81.130   0.000   0.001   0.062   0.937
B V  1IS9A                108    0.226  34.699   0.000   0.001   0.959   0.041
E T  1IS9A                109    0.397  55.120   0.000   0.005   0.617   0.378
E S  1IS9A                110    0.329  38.570   0.000   0.015   0.575   0.410
E H  1IS9A                111    0.368  66.881   0.000   0.040   0.269   0.691
E D  1IS9A                112    0.491  70.712   0.000   0.043   0.147   0.809
E G  1IS9A                113    0.379  29.848   0.000   0.059   0.067   0.875
E G  1IS9A                114    0.369  29.009   0.000   0.068   0.094   0.838
E D  1IS9A                115    0.646  93.054   0.000   0.048   0.057   0.895
B G  1IS9A                116    0.176  13.872   0.000   0.037   0.059   0.905
B A  1IS9A                117    0.097  10.738   0.000   0.019   0.126   0.855
B A  1IS9A                118    0.029   3.184   0.000   0.062   0.298   0.640
B T  1IS9A                119    0.078  10.755   0.000   0.258   0.179   0.563
B D  1IS9A                120    0.103  14.880   0.000   0.966   0.001   0.033
B A  1IS9A                121    0.024   2.604   0.000   0.995   0.000   0.005
B D  1IS9A                122    0.018   2.568   0.000   0.998   0.000   0.002
B E  1IS9A                123    0.045   7.832   0.000   0.998   0.000   0.002
B D  1IS9A                124    0.057   8.146   0.000   0.999   0.000   0.001
B I  1IS9A                125    0.003   0.580   0.000   1.000   0.000   0.000
B A  1IS9A                126    0.001   0.139   0.000   1.000   0.000   0.000
B L  1IS9A                127    0.041   7.458   0.000   1.000   0.000   0.000
B A  1IS9A                128    0.003   0.281   0.000   1.000   0.000   0.000
B L  1IS9A                129    0.003   0.532   0.000   0.999   0.000   0.001
B I  1IS9A                130    0.023   4.274   0.000   0.999   0.000   0.000
B F  1IS9A                131    0.112  22.473   0.000   0.998   0.000   0.002
B A  1IS9A                132    0.005   0.504   0.000   0.998   0.000   0.002
B D  1IS9A                133    0.096  13.870   0.000   0.997   0.000   0.003
E K  1IS9A                134    0.590 121.269   0.000   0.995   0.000   0.005
E Q  1IS9A                135    0.411  73.379   0.000   0.986   0.000   0.014
B W  1IS9A                136    0.167  40.082   0.000   0.806   0.002   0.192
E G  1IS9A                137    0.476  37.495   0.000   0.088   0.009   0.903
E S  1IS9A                138    0.517  60.642   0.000   0.199   0.047   0.753
E S  1IS9A                139    0.741  86.826   0.000   0.125   0.007   0.868
E G  1IS9A                140    0.581  45.752   0.000   0.060   0.013   0.927
E A  1IS9A                141    0.490  53.992   0.000   0.058   0.033   0.909
B I  1IS9A                142    0.129  23.867   0.000   0.021   0.090   0.889
E N  1IS9A                143    0.454  66.512   0.000   0.006   0.034   0.960
B Y  1IS9A                144    0.031   6.562   0.000   0.967   0.000   0.032
B G  1IS9A                145    0.133  10.461   0.000   0.996   0.000   0.004
E Q  1IS9A                146    0.572 102.199   0.000   0.999   0.000   0.001
B E  1IS9A                147    0.171  29.933   0.000   1.000   0.000   0.000
B A  1IS9A                148    0.003   0.281   0.000   0.999   0.000   0.000
E R  1IS9A                149    0.354  81.058   0.000   1.000   0.000   0.000
E T  1IS9A                150    0.402  55.712   0.000   1.000   0.000   0.000
B L  1IS9A                151    0.012   2.248   0.000   1.000   0.000   0.000
B I  1IS9A                152    0.013   2.467   0.000   1.000   0.000   0.000
E N  1IS9A                153    0.424  62.123   0.000   0.999   0.000   0.001
B N  1IS9A                154    0.223  32.618   0.000   0.999   0.000   0.001
B L  1IS9A                155    0.003   0.518   0.000   0.999   0.000   0.001
B Y  1IS9A                156    0.150  32.023   0.000   0.998   0.000   0.002
E N  1IS9A                157    0.654  95.684   0.000   0.991   0.000   0.009
E H  1IS9A                158    0.345  62.802   0.000   0.942   0.000   0.058
B C  1IS9A                159    0.038   5.332   0.000   0.692   0.012   0.296
B V  1IS9A                160    0.143  21.913   0.000   0.021   0.749   0.230
E E  1IS9A                161    0.476  83.207   0.000   0.023   0.842   0.135
E H  1IS9A                162    0.747 135.816   0.000   0.026   0.029   0.945
E G  1IS9A                163    0.581  45.749   0.000   0.004   0.002   0.995
B S  1IS9A                164    0.226  26.505   0.000   0.001   0.886   0.113
B Y  1IS9A                165    0.162  34.549   0.000   0.001   0.887   0.112
B V  1IS9A                166    0.038   5.822   0.000   0.001   0.522   0.477
B L  1IS9A                167    0.008   1.476   0.000   0.000   0.488   0.511
B K  1IS9A                168    0.166  34.203   0.000   0.000   0.148   0.852
B P  1IS9A                169    0.023   3.234   0.000   0.012   0.162   0.826
B G  1IS9A                170    0.066   5.177   0.000   0.019   0.115   0.866
B D  1IS9A                171    0.165  23.725   0.000   0.036   0.080   0.884
E R  1IS9A                172    0.387  88.530   0.000   0.079   0.141   0.780
E W  1IS9A                173    0.405  97.444   0.000   0.094   0.113   0.793
E G  1IS9A                174    0.613  48.240   0.000   0.087   0.027   0.886
E G  1IS9A                175    0.595  46.859   0.000   0.067   0.023   0.909
B S  1IS9A                176    0.211  24.728   0.000   0.018   0.181   0.801
E S  1IS9A                177    0.314  36.752   0.000   0.008   0.292   0.700
B V  1IS9A                178    0.101  15.545   0.000   0.001   0.774   0.226
B T  1IS9A                179    0.019   2.604   0.000   0.000   0.905   0.094
B N  1IS9A                180    0.065   9.515   0.000   0.001   0.151   0.848
B P  1IS9A                181    0.005   0.759   0.000   0.806   0.005   0.189
B S  1IS9A                182    0.012   1.349   0.000   0.952   0.000   0.048
B Y  1IS9A                183    0.046   9.908   0.000   0.861   0.003   0.137
B F  1IS9A                184    0.024   4.886   0.000   0.634   0.010   0.356
B A  1IS9A                185    0.009   1.037   0.000   0.727   0.001   0.272
B P  1IS9A                186    0.019   2.656   0.000   0.986   0.000   0.014
B A  1IS9A                187    0.079   8.697   0.000   0.998   0.000   0.002
B W  1IS9A                188    0.012   2.967   0.000   0.999   0.000   0.001
B Y  1IS9A                189    0.010   2.110   0.000   0.999   0.000   0.001
E K  1IS9A                190    0.317  65.188   0.000   0.999   0.000   0.001
B V  1IS9A                191    0.060   9.295   0.000   1.000   0.000   0.000
B Y  1IS9A                192    0.007   1.476   0.000   0.999   0.000   0.001
B A  1IS9A                193    0.106  11.664   0.000   0.999   0.000   0.001
E Q  1IS9A                194    0.633 113.071   0.000   0.996   0.000   0.004
E Y  1IS9A                195    0.311  66.540   0.000   0.988   0.000   0.012
B T  1IS9A                196    0.249  34.502   0.000   0.960   0.000   0.040
E G  1IS9A                197    0.712  56.005   0.000   0.003   0.000   0.997
E D  1IS9A                198    0.395  56.853   0.000   0.078   0.000   0.921
E T  1IS9A                199    0.702  97.376   0.000   0.879   0.001   0.121
E R  1IS9A                200    0.368  84.245   0.000   0.955   0.000   0.044
B W  1IS9A                201    0.029   6.880   0.000   0.988   0.000   0.011
E N  1IS9A                202    0.440  64.414   0.000   0.998   0.000   0.002
E Q  1IS9A                203    0.530  94.707   0.000   0.999   0.000   0.001
B V  1IS9A                204    0.012   1.786   0.000   0.999   0.000   0.001
B A  1IS9A                205    0.035   3.872   0.000   1.000   0.000   0.000
E D  1IS9A                206    0.513  73.919   0.000   1.000   0.000   0.000
E K  1IS9A                207    0.339  69.665   0.000   0.999   0.000   0.001
B C  1IS9A                208    0.002   0.268   0.000   0.999   0.000   0.001
B Y  1IS9A                209    0.164  34.990   0.000   1.000   0.000   0.000
E Q  1IS9A                210    0.531  94.765   0.000   1.000   0.000   0.000
B I  1IS9A                211    0.034   6.222   0.000   1.000   0.000   0.000
B V  1IS9A                212    0.006   0.963   0.000   1.000   0.000   0.000
E E  1IS9A                213    0.436  76.158   0.000   0.999   0.000   0.001
E E  1IS9A                214    0.416  72.645   0.000   0.993   0.000   0.007
B V  1IS9A                215    0.011   1.649   0.000   0.982   0.000   0.017
E K  1IS9A                216    0.338  69.570   0.000   0.975   0.001   0.025
E K  1IS9A                217    0.740 152.183   0.000   0.925   0.001   0.075
E Y  1IS9A                218    0.353  75.344   0.000   0.780   0.001   0.218
B N  1IS9A                219    0.125  18.262   0.000   0.232   0.038   0.730
E N  1IS9A                220    0.738 108.097   0.000   0.088   0.007   0.905
E G  1IS9A                221    0.697  54.831   0.000   0.060   0.001   0.939
B T  1IS9A                222    0.241  33.426   0.000   0.144   0.009   0.847
B G  1IS9A                223    0.105   8.280   0.000   0.002   0.013   0.985
B L  1IS9A                224    0.034   6.189   0.000   0.001   0.097   0.902
B V  1IS9A                225    0.017   2.679   0.000   0.002   0.025   0.973
B P  1IS9A                226    0.016   2.305   0.000   0.016   0.059   0.924
B D  1IS9A                227    0.186  26.833   0.000   0.051   0.015   0.934
B W  1IS9A                228    0.051  12.318   0.000   0.039   0.257   0.705
B C  1IS9A                229    0.018   2.479   0.000   0.001   0.959   0.041
B T  1IS9A                230    0.237  32.858   0.000   0.001   0.865   0.135
B A  1IS9A                231    0.130  14.372   0.000   0.002   0.546   0.451
E S  1IS9A                232    0.552  64.751   0.000   0.004   0.227   0.769
E G  1IS9A                233    0.361  28.399   0.000   0.003   0.079   0.918
E T  1IS9A                234    0.593  82.218   0.000   0.001   0.450   0.549
B P  1IS9A                235    0.216  30.583   0.000   0.002   0.544   0.454
B A  1IS9A                236    0.195  21.473   0.000   0.004   0.034   0.962
E S  1IS9A                237    0.740  86.703   0.000   0.014   0.040   0.947
E G  1IS9A                238    0.713  56.089   0.000   0.020   0.018   0.962
E Q  1IS9A                239    0.582 103.988   0.000   0.012   0.036   0.951
E S  1IS9A                240    0.503  58.949   0.000   0.025   0.068   0.907
E Y  1IS9A                241    0.277  59.181   0.000   0.065   0.089   0.846
E D  1IS9A                242    0.412  59.336   0.000   0.049   0.135   0.817
B Y  1IS9A                243    0.059  12.523   0.000   0.100   0.213   0.687
E K  1IS9A                244    0.265  54.449   0.000   0.134   0.133   0.733
B Y  1IS9A                245    0.082  17.588   0.000   0.702   0.028   0.270
B D  1IS9A                246    0.102  14.679   0.000   0.742   0.014   0.244
B A  1IS9A                247    0.008   0.855   0.000   0.805   0.015   0.181
B T  1IS9A                248    0.004   0.522   0.000   0.879   0.035   0.086
B R  1IS9A                249    0.033   7.487   0.000   0.969   0.011   0.020
B Y  1IS9A                250    0.013   2.868   0.000   0.996   0.001   0.003
B G  1IS9A                251    0.002   0.163   0.000   0.997   0.001   0.002
B W  1IS9A                252    0.006   1.529   0.000   0.999   0.000   0.001
B R  1IS9A                253    0.030   6.912   0.000   0.999   0.000   0.000
B T  1IS9A                254    0.003   0.484   0.000   1.000   0.000   0.000
B A  1IS9A                255    0.001   0.146   0.000   1.000   0.000   0.000
B V  1IS9A                256    0.015   2.287   0.000   1.000   0.000   0.000
B D  1IS9A                257    0.019   2.700   0.000   1.000   0.000   0.000
B Y  1IS9A                258    0.031   6.662   0.000   0.999   0.000   0.001
B S  1IS9A                259    0.089  10.448   0.000   0.994   0.000   0.006
B W  1IS9A                260    0.203  48.813   0.000   0.950   0.000   0.050
B F  1IS9A                261    0.240  48.222   0.000   0.586   0.000   0.413
E G  1IS9A                262    0.591  46.543   0.000   0.001   0.000   0.998
E D  1IS9A                263    0.281  40.479   0.000   0.009   0.001   0.990
E Q  1IS9A                264    0.762 136.158   0.000   0.962   0.000   0.038
E R  1IS9A                265    0.486 111.315   0.000   0.965   0.000   0.035
B A  1IS9A                266    0.021   2.357   0.000   0.988   0.000   0.012
E K  1IS9A                267    0.370  76.100   0.000   0.994   0.000   0.005
E A  1IS9A                268    0.452  49.771   0.000   0.997   0.000   0.003
B N  1IS9A                269    0.078  11.449   0.000   0.995   0.000   0.005
B C  1IS9A                270    0.012   1.732   0.000   0.997   0.000   0.003
E D  1IS9A                271    0.496  71.424   0.000   0.998   0.000   0.002
B M  1IS9A                272    0.203  40.669   0.000   0.998   0.000   0.002
B L  1IS9A                273    0.005   0.830   0.000   0.998   0.000   0.002
B T  1IS9A                274    0.220  30.526   0.000   0.998   0.000   0.002
E K  1IS9A                275    0.541 111.245   0.000   0.994   0.000   0.006
B F  1IS9A                276    0.082  16.389   0.000   0.995   0.000   0.005
B F  1IS9A                277    0.020   4.068   0.000   0.984   0.000   0.016
E A  1IS9A                278    0.480  52.903   0.000   0.956   0.000   0.044
E R  1IS9A                279    0.653 149.455   0.000   0.832   0.001   0.167
E D  1IS9A                280    0.488  70.323   0.000   0.437   0.003   0.560
E G  1IS9A                281    0.503  39.585   0.000   0.097   0.003   0.901
B A  1IS9A                282    0.222  24.505   0.000   0.312   0.014   0.674
E K  1IS9A                283    0.684 140.645   0.000   0.308   0.017   0.675
B G  1IS9A                284    0.228  17.949   0.000   0.347   0.050   0.603
B I  1IS9A                285    0.049   9.005   0.000   0.051   0.503   0.446
B V  1IS9A                286    0.168  25.792   0.000   0.037   0.398   0.565
B D  1IS9A                287    0.207  29.810   0.000   0.032   0.275   0.693
B G  1IS9A                288    0.060   4.748   0.000   0.003   0.747   0.251
B Y  1IS9A                289    0.064  13.675   0.000   0.000   0.976   0.024
B T  1IS9A                290    0.238  33.008   0.000   0.001   0.395   0.604
B I  1IS9A                291    0.141  26.094   0.000   0.000   0.063   0.936
E Q  1IS9A                292    0.722 128.874   0.000   0.001   0.006   0.994
E G  1IS9A                293    0.293  23.085   0.000   0.002   0.002   0.996
E S  1IS9A                294    0.526  61.693   0.000   0.001   0.062   0.937
E K  1IS9A                295    0.499 102.603   0.000   0.000   0.981   0.019
B I  1IS9A                296    0.227  42.084   0.000   0.004   0.101   0.895
E S  1IS9A                297    0.314  36.833   0.000   0.025   0.093   0.881
E N  1IS9A                298    0.706 103.301   0.000   0.036   0.014   0.950
E N  1IS9A                299    0.340  49.834   0.000   0.019   0.025   0.956
E H  1IS9A                300    0.262  47.619   0.000   0.039   0.046   0.914
B N  1IS9A                301    0.121  17.757   0.000   0.117   0.045   0.839
B A  1IS9A                302    0.034   3.743   0.000   0.874   0.002   0.124
B S  1IS9A                303    0.022   2.573   0.000   0.913   0.001   0.086
B F  1IS9A                304    0.015   3.078   0.000   0.893   0.004   0.103
B I  1IS9A                305    0.008   1.534   0.000   0.983   0.001   0.016
B G  1IS9A                306    0.003   0.220   0.000   0.999   0.000   0.001
B P  1IS9A                307    0.005   0.745   0.000   0.999   0.000   0.000
B V  1IS9A                308    0.008   1.162   0.000   1.000   0.000   0.000
B A  1IS9A                309    0.003   0.327   0.000   1.000   0.000   0.000
B A  1IS9A                310    0.018   2.035   0.000   0.999   0.000   0.001
B A  1IS9A                311    0.009   0.988   0.000   0.994   0.000   0.006
B S  1IS9A                312    0.029   3.360   0.000   0.931   0.000   0.069
B M  1IS9A                313    0.140  28.092   0.000   0.774   0.001   0.226
E T  1IS9A                314    0.276  38.239   0.000   0.453   0.002   0.545
E G  1IS9A                315    0.523  41.156   0.000   0.069   0.004   0.927
E Y  1IS9A                316    0.373  79.633   0.000   0.013   0.004   0.984
E D  1IS9A                317    0.493  70.988   0.000   0.008   0.004   0.988
E L  1IS9A                318    0.325  59.514   0.000   0.829   0.002   0.168
E N  1IS9A                319    0.713 104.438   0.000   0.939   0.001   0.061
B F  1IS9A                320    0.113  22.682   0.000   0.978   0.000   0.021
B A  1IS9A                321    0.015   1.613   0.000   0.994   0.000   0.006
E K  1IS9A                322    0.432  88.806   0.000   0.994   0.000   0.005
E E  1IS9A                323    0.453  79.092   0.000   0.996   0.000   0.004
B L  1IS9A                324    0.024   4.350   0.000   0.992   0.000   0.007
B Y  1IS9A                325    0.082  17.624   0.000   0.977   0.001   0.022
E R  1IS9A                326    0.557 127.456   0.000   0.934   0.001   0.065
E E  1IS9A                327    0.421  73.504   0.000   0.838   0.003   0.160
B T  1IS9A                328    0.118  16.324   0.000   0.822   0.015   0.164
B V  1IS9A                329    0.162  24.883   0.000   0.484   0.080   0.436
E A  1IS9A                330    0.463  50.983   0.000   0.363   0.044   0.593
B V  1IS9A                331    0.223  34.209   0.000   0.234   0.044   0.722
E K  1IS9A                332    0.510 104.868   0.000   0.112   0.022   0.866
E D  1IS9A                333    0.686  98.869   0.000   0.072   0.012   0.915
E S  1IS9A                334    0.293  34.387   0.000   0.074   0.017   0.909
E E  1IS9A                335    0.751 131.255   0.000   0.100   0.005   0.895
E Y  1IS9A                336    0.392  83.763   0.000   0.129   0.020   0.851
E Y  1IS9A                337    0.284  60.670   0.000   0.154   0.040   0.806
B G  1IS9A                338    0.129  10.123   0.000   0.095   0.033   0.872
B Y  1IS9A                339    0.070  15.048   0.000   0.688   0.024   0.288
B Y  1IS9A                340    0.043   9.125   0.000   0.933   0.002   0.065
B G  1IS9A                341    0.036   2.865   0.000   0.964   0.000   0.035
B N  1IS9A                342    0.050   7.286   0.000   0.987   0.000   0.013
B S  1IS9A                343    0.003   0.294   0.000   0.997   0.000   0.003
B L  1IS9A                344    0.006   1.114   0.000   0.999   0.000   0.001
B R  1IS9A                345    0.088  20.249   0.000   1.000   0.000   0.000
B L  1IS9A                346    0.007   1.244   0.000   1.000   0.000   0.000
B L  1IS9A                347    0.007   1.361   0.000   1.000   0.000   0.000
B T  1IS9A                348    0.007   1.029   0.000   1.000   0.000   0.000
B L  1IS9A                349    0.028   5.135   0.000   0.999   0.000   0.001
B L  1IS9A                350    0.016   2.868   0.000   0.999   0.000   0.001
B Y  1IS9A                351    0.097  20.702   0.000   0.995   0.000   0.005
B I  1IS9A                352    0.069  12.840   0.000   0.971   0.000   0.029
B T  1IS9A                353    0.197  27.382   0.000   0.747   0.000   0.252
E G  1IS9A                354    0.357  28.131   0.000   0.003   0.000   0.996
E N  1IS9A                355    0.419  61.389   0.000   0.004   0.012   0.984
B F  1IS9A                356    0.129  25.811   0.000   0.017   0.039   0.944
B P  1IS9A                357    0.244  34.662   0.000   0.014   0.040   0.945
E N  1IS9A                358    0.429  62.818   0.000   0.012   0.026   0.961
B P  1IS9A                359    0.142  20.118   0.000   0.249   0.013   0.738
B L  1IS9A                360    0.203  37.193   0.000   0.431   0.005   0.564
E S  1IS9A                361    0.656  76.871   0.000   0.430   0.004   0.566
E D  1IS9A                362    0.612  88.219   0.000   0.274   0.002   0.723
E L  1IS9A                363    0.290  53.074   0.000   0.005   0.000   0.995
