# For publication of results, please cite:
# ...
# ... Michael Schantz Klausen, Martin Closter Jespersen, Henrik Nielsen, Kamilla Kjærgaard Jensen, 
# ... Vanessa Isabell Jurtz, Casper Kaae Sønderby, Morten Otto Alexander Sommer, Ole Winther, 
# ... Morten Nielsen, Bent Petersen, and Paolo Marcatili. 
# ... NetSurfP-2.0: Improved prediction of protein structural features by integrated deep learning.
# ... Proteins: Structure, Function, and Bioinformatics (Feb. 2019).
# ... https://doi.org/10.1002/prot.25674
# ...
#
# Column 1: Class assignment - B for buried or E for Exposed - Threshold: 25% exposure, but not based on RSA
# Column 2: Amino acid
# Column 3: Sequence name
# Column 4: Amino acid number
# Column 5: Relative Surface Accessibility - RSA
# Column 6: Absolute Surface Accessibility
# Column 7: Not used
# Column 8: Probability for Alpha-Helix
# Column 9: Probability for Beta-strand
# Column 10: Probability for Coil
E A  1JH0L                  1    0.882  97.179   0.000   0.006   0.000   0.994
E L  1JH0L                  2    0.651 119.110   0.000   0.368   0.007   0.625
E L  1JH0L                  3    0.584 106.980   0.000   0.417   0.010   0.573
E S  1JH0L                  4    0.552  64.645   0.000   0.397   0.011   0.592
E F  1JH0L                  5    0.612 122.927   0.000   0.605   0.010   0.385
E E  1JH0L                  6    0.624 109.044   0.000   0.548   0.023   0.429
E R  1JH0L                  7    0.663 151.842   0.000   0.441   0.032   0.527
E K  1JH0L                  8    0.677 139.233   0.000   0.324   0.047   0.628
E Y  1JH0L                  9    0.582 124.324   0.000   0.164   0.076   0.761
E R  1JH0L                 10    0.723 165.623   0.000   0.026   0.093   0.881
E V  1JH0L                 11    0.361  55.441   0.000   0.007   0.127   0.867
E P  1JH0L                 12    0.611  86.649   0.000   0.017   0.064   0.919
E G  1JH0L                 13    0.714  56.210   0.000   0.065   0.020   0.915
E G  1JH0L                 14    0.535  42.124   0.000   0.130   0.085   0.785
E T  1JH0L                 15    0.438  60.734   0.000   0.043   0.152   0.805
E L  1JH0L                 16    0.562 102.829   0.000   0.152   0.164   0.684
E V  1JH0L                 17    0.685 105.307   0.000   0.183   0.140   0.677
E G  1JH0L                 18    0.529  41.647   0.000   0.311   0.112   0.577
E G  1JH0L                 19    0.387  30.469   0.000   0.192   0.175   0.632
E N  1JH0L                 20    0.593  86.804   0.000   0.150   0.199   0.651
E L  1JH0L                 21    0.509  93.184   0.000   0.290   0.197   0.514
E F  1JH0L                 22    0.596 119.621   0.000   0.304   0.057   0.639
E D  1JH0L                 23    0.524  75.444   0.000   0.289   0.072   0.639
E F  1JH0L                 24    0.298  59.884   0.000   0.172   0.386   0.441
E W  1JH0L                 25    0.353  84.942   0.000   0.095   0.671   0.234
E V  1JH0L                 26    0.277  42.613   0.000   0.115   0.590   0.296
B G  1JH0L                 27    0.247  19.451   0.000   0.234   0.176   0.589
E P  1JH0L                 28    0.344  48.850   0.000   0.183   0.149   0.668
E F  1JH0L                 29    0.341  68.391   0.000   0.086   0.495   0.419
E Y  1JH0L                 30    0.364  77.892   0.000   0.114   0.543   0.343
B V  1JH0L                 31    0.175  26.857   0.000   0.174   0.368   0.458
B G  1JH0L                 32    0.204  16.064   0.000   0.453   0.024   0.523
E F  1JH0L                 33    0.587 117.754   0.000   0.947   0.002   0.051
E F  1JH0L                 34    0.274  54.978   0.000   0.991   0.000   0.009
B G  1JH0L                 35    0.124   9.724   0.000   0.993   0.000   0.006
E V  1JH0L                 36    0.432  66.345   0.000   0.997   0.000   0.003
E A  1JH0L                 37    0.290  31.982   0.000   0.997   0.000   0.003
B T  1JH0L                 38    0.088  12.210   0.000   0.995   0.000   0.005
E F  1JH0L                 39    0.485  97.245   0.000   0.997   0.000   0.003
E F  1JH0L                 40    0.526 105.615   0.000   0.997   0.000   0.003
B F  1JH0L                 41    0.136  27.204   0.000   0.998   0.000   0.002
B A  1JH0L                 42    0.226  24.891   0.000   0.999   0.000   0.001
E A  1JH0L                 43    0.475  52.320   0.000   0.999   0.000   0.001
E L  1JH0L                 44    0.354  64.802   0.000   0.997   0.000   0.003
B G  1JH0L                 45    0.091   7.124   0.000   0.999   0.000   0.001
E I  1JH0L                 46    0.356  65.919   0.000   0.999   0.000   0.001
E I  1JH0L                 47    0.477  88.224   0.000   0.999   0.000   0.001
E L  1JH0L                 48    0.272  49.816   0.000   0.998   0.000   0.002
B I  1JH0L                 49    0.198  36.701   0.000   0.998   0.000   0.002
E A  1JH0L                 50    0.338  37.262   0.000   0.994   0.000   0.006
E W  1JH0L                 51    0.504 121.198   0.000   0.976   0.000   0.024
B S  1JH0L                 52    0.168  19.721   0.000   0.961   0.000   0.039
B A  1JH0L                 53    0.208  22.964   0.000   0.948   0.001   0.051
E V  1JH0L                 54    0.522  80.197   0.000   0.851   0.003   0.146
E L  1JH0L                 55    0.483  88.527   0.000   0.485   0.005   0.510
E Q  1JH0L                 56    0.562 100.339   0.000   0.205   0.015   0.780
E G  1JH0L                 57    0.577  45.416   0.000   0.034   0.025   0.941
E T  1JH0L                 58    0.619  85.891   0.000   0.011   0.040   0.949
E W  1JH0L                 59    0.514 123.618   0.000   0.027   0.078   0.895
E N  1JH0L                 60    0.460  67.401   0.000   0.003   0.027   0.970
E P  1JH0L                 61    0.381  54.099   0.000   0.641   0.009   0.351
E Q  1JH0L                 62    0.651 116.184   0.000   0.679   0.023   0.297
E L  1JH0L                 63    0.381  69.681   0.000   0.760   0.024   0.216
B I  1JH0L                 64    0.200  37.036   0.000   0.378   0.065   0.557
E S  1JH0L                 65    0.262  30.741   0.000   0.170   0.233   0.596
B V  1JH0L                 66    0.214  32.848   0.000   0.026   0.376   0.598
E Y  1JH0L                 67    0.438  93.553   0.000   0.002   0.187   0.811
B P  1JH0L                 68    0.215  30.557   0.000   0.001   0.007   0.993
B P  1JH0L                 69    0.114  16.224   0.000   0.005   0.014   0.981
E A  1JH0L                 70    0.255  28.085   0.000   0.026   0.061   0.913
E L  1JH0L                 71    0.567 103.807   0.000   0.856   0.003   0.141
E E  1JH0L                 72    0.779 136.051   0.000   0.908   0.001   0.092
E Y  1JH0L                 73    0.413  88.219   0.000   0.807   0.003   0.191
E G  1JH0L                 74    0.467  36.772   0.000   0.043   0.016   0.941
E L  1JH0L                 75    0.273  50.054   0.000   0.029   0.039   0.933
E G  1JH0L                 76    0.335  26.361   0.000   0.060   0.027   0.913
E G  1JH0L                 77    0.422  33.233   0.000   0.292   0.009   0.699
E A  1JH0L                 78    0.377  41.562   0.000   0.768   0.005   0.226
E P  1JH0L                 79    0.256  36.311   0.000   0.851   0.007   0.142
B L  1JH0L                 80    0.186  33.975   0.000   0.943   0.004   0.053
E A  1JH0L                 81    0.371  40.901   0.000   0.912   0.005   0.084
E K  1JH0L                 82    0.552 113.503   0.000   0.536   0.014   0.450
B G  1JH0L                 83    0.173  13.597   0.000   0.137   0.016   0.847
B G  1JH0L                 84    0.133  10.438   0.000   0.636   0.002   0.361
E L  1JH0L                 85    0.251  46.009   0.000   0.979   0.001   0.020
E W  1JH0L                 86    0.441 106.163   0.000   0.995   0.000   0.005
B Q  1JH0L                 87    0.220  39.288   0.000   0.999   0.000   0.001
B I  1JH0L                 88    0.141  25.993   0.000   0.998   0.000   0.001
B I  1JH0L                 89    0.215  39.735   0.000   0.999   0.000   0.001
E T  1JH0L                 90    0.257  35.594   0.000   0.999   0.000   0.001
E I  1JH0L                 91    0.318  58.765   0.000   0.999   0.000   0.001
B C  1JH0L                 92    0.130  18.317   0.000   0.999   0.000   0.001
B A  1JH0L                 93    0.223  24.573   0.000   0.999   0.000   0.001
E T  1JH0L                 94    0.383  53.095   0.000   0.998   0.000   0.002
B G  1JH0L                 95    0.163  12.844   0.000   0.999   0.000   0.001
B A  1JH0L                 96    0.046   5.122   0.000   0.999   0.000   0.001
E F  1JH0L                 97    0.361  72.413   0.000   0.999   0.000   0.001
E V  1JH0L                 98    0.437  67.184   0.000   0.997   0.000   0.003
B S  1JH0L                 99    0.084   9.800   0.000   0.993   0.000   0.007
B W  1JH0L                100    0.171  41.160   0.000   0.994   0.000   0.006
E A  1JH0L                101    0.295  32.503   0.000   0.993   0.000   0.007
E L  1JH0L                102    0.400  73.201   0.000   0.992   0.000   0.008
B R  1JH0L                103    0.189  43.214   0.000   0.994   0.000   0.006
B E  1JH0L                104    0.151  26.394   0.000   0.997   0.000   0.003
E V  1JH0L                105    0.307  47.136   0.000   0.998   0.000   0.002
E E  1JH0L                106    0.301  52.627   0.000   0.999   0.000   0.001
B I  1JH0L                107    0.132  24.440   0.000   0.999   0.000   0.001
B C  1JH0L                108    0.075  10.512   0.000   0.998   0.000   0.002
E R  1JH0L                109    0.531 121.673   0.000   0.994   0.000   0.006
E K  1JH0L                110    0.596 122.593   0.000   0.963   0.000   0.037
E L  1JH0L                111    0.437  80.050   0.000   0.308   0.000   0.691
E G  1JH0L                112    0.697  54.888   0.000   0.002   0.000   0.998
B I  1JH0L                113    0.245  45.356   0.000   0.019   0.007   0.974
E G  1JH0L                114    0.346  27.244   0.000   0.207   0.040   0.754
E Y  1JH0L                115    0.579 123.670   0.000   0.263   0.012   0.725
E H  1JH0L                116    0.444  80.694   0.000   0.395   0.010   0.595
B I  1JH0L                117    0.166  30.704   0.000   0.940   0.002   0.058
B P  1JH0L                118    0.128  18.208   0.000   0.942   0.004   0.054
E F  1JH0L                119    0.461  92.598   0.000   0.945   0.004   0.051
B A  1JH0L                120    0.171  18.876   0.000   0.970   0.002   0.028
B F  1JH0L                121    0.157  31.605   0.000   0.977   0.001   0.022
E A  1JH0L                122    0.261  28.783   0.000   0.982   0.000   0.018
E F  1JH0L                123    0.492  98.839   0.000   0.996   0.000   0.004
B A  1JH0L                124    0.111  12.219   0.000   0.998   0.000   0.002
B I  1JH0L                125    0.209  38.617   0.000   0.999   0.000   0.001
E L  1JH0L                126    0.463  84.727   0.000   0.999   0.000   0.001
E A  1JH0L                127    0.294  32.412   0.000   0.999   0.000   0.001
B Y  1JH0L                128    0.249  53.188   0.000   0.999   0.000   0.001
E L  1JH0L                129    0.279  51.088   0.000   0.998   0.000   0.002
E T  1JH0L                130    0.348  48.261   0.000   0.997   0.000   0.003
E L  1JH0L                131    0.279  50.999   0.000   0.996   0.000   0.004
B V  1JH0L                132    0.161  24.804   0.000   0.995   0.000   0.005
E L  1JH0L                133    0.321  58.845   0.000   0.965   0.001   0.034
E F  1JH0L                134    0.400  80.194   0.000   0.938   0.001   0.061
B R  1JH0L                135    0.191  43.760   0.000   0.963   0.000   0.037
B P  1JH0L                136    0.125  17.756   0.000   0.969   0.001   0.030
E V  1JH0L                137    0.315  48.381   0.000   0.970   0.003   0.027
B M  1JH0L                138    0.223  44.659   0.000   0.932   0.002   0.066
B M  1JH0L                139    0.081  16.136   0.000   0.734   0.007   0.259
B G  1JH0L                140    0.140  10.999   0.000   0.555   0.009   0.435
B A  1JH0L                141    0.122  13.396   0.000   0.470   0.027   0.502
B W  1JH0L                142    0.207  49.667   0.000   0.675   0.009   0.316
B G  1JH0L                143    0.134  10.574   0.000   0.740   0.013   0.247
E Y  1JH0L                144    0.278  59.493   0.000   0.595   0.018   0.387
B A  1JH0L                145    0.089   9.787   0.000   0.352   0.033   0.615
B F  1JH0L                146    0.210  42.108   0.000   0.231   0.034   0.735
B P  1JH0L                147    0.192  27.297   0.000   0.237   0.032   0.731
E Y  1JH0L                148    0.288  61.483   0.000   0.320   0.050   0.630
B G  1JH0L                149    0.114   8.940   0.000   0.347   0.042   0.611
B I  1JH0L                150    0.192  35.496   0.000   0.773   0.011   0.215
E W  1JH0L                151    0.346  83.317   0.000   0.954   0.002   0.044
B T  1JH0L                152    0.175  24.315   0.000   0.968   0.002   0.030
B H  1JH0L                153    0.206  37.537   0.000   0.947   0.004   0.049
E L  1JH0L                154    0.297  54.362   0.000   0.946   0.003   0.051
E D  1JH0L                155    0.304  43.751   0.000   0.964   0.001   0.036
E W  1JH0L                156    0.328  78.816   0.000   0.978   0.000   0.021
B V  1JH0L                157    0.187  28.699   0.000   0.985   0.001   0.014
B S  1JH0L                158    0.212  24.789   0.000   0.984   0.001   0.016
E N  1JH0L                159    0.336  49.220   0.000   0.986   0.000   0.014
E T  1JH0L                160    0.253  35.137   0.000   0.968   0.002   0.030
B G  1JH0L                161    0.091   7.183   0.000   0.958   0.003   0.039
E Y  1JH0L                162    0.421  89.954   0.000   0.947   0.003   0.050
E T  1JH0L                163    0.461  63.982   0.000   0.910   0.002   0.089
E Y  1JH0L                164    0.465  99.451   0.000   0.544   0.004   0.452
E G  1JH0L                165    0.322  25.339   0.000   0.047   0.005   0.948
B N  1JH0L                166    0.243  35.584   0.000   0.046   0.020   0.933
E F  1JH0L                167    0.290  58.241   0.000   0.678   0.005   0.317
E H  1JH0L                168    0.447  81.331   0.000   0.646   0.004   0.350
E Y  1JH0L                169    0.337  72.016   0.000   0.544   0.007   0.449
B N  1JH0L                170    0.198  28.944   0.000   0.022   0.002   0.976
B P  1JH0L                171    0.183  26.010   0.000   0.951   0.000   0.048
E A  1JH0L                172    0.348  38.322   0.000   0.995   0.000   0.005
E H  1JH0L                173    0.287  52.116   0.000   0.998   0.000   0.002
B M  1JH0L                174    0.185  36.928   0.000   0.998   0.000   0.002
E I  1JH0L                175    0.277  51.324   0.000   0.999   0.000   0.001
B A  1JH0L                176    0.189  20.840   0.000   0.999   0.000   0.001
E I  1JH0L                177    0.361  66.719   0.000   0.999   0.000   0.001
B S  1JH0L                178    0.230  26.958   0.000   0.999   0.000   0.001
E F  1JH0L                179    0.317  63.709   0.000   0.999   0.000   0.001
E F  1JH0L                180    0.483  97.025   0.000   0.997   0.000   0.003
E F  1JH0L                181    0.399  80.153   0.000   0.995   0.000   0.005
B T  1JH0L                182    0.160  22.134   0.000   0.993   0.000   0.007
E N  1JH0L                183    0.253  37.076   0.000   0.997   0.000   0.003
E A  1JH0L                184    0.283  31.162   0.000   0.999   0.000   0.001
E L  1JH0L                185    0.327  59.819   0.000   1.000   0.000   0.000
B A  1JH0L                186    0.212  23.394   0.000   1.000   0.000   0.000
E L  1JH0L                187    0.334  61.107   0.000   0.999   0.000   0.001
E A  1JH0L                188    0.324  35.727   0.000   0.998   0.000   0.002
E L  1JH0L                189    0.272  49.818   0.000   0.997   0.000   0.003
B H  1JH0L                190    0.243  44.114   0.000   0.990   0.000   0.010
B G  1JH0L                191    0.195  15.379   0.000   0.998   0.000   0.002
E A  1JH0L                192    0.333  36.698   0.000   0.996   0.000   0.004
B L  1JH0L                193    0.233  42.584   0.000   0.997   0.000   0.003
B V  1JH0L                194    0.157  24.166   0.000   0.998   0.000   0.002
E L  1JH0L                195    0.316  57.817   0.000   0.991   0.001   0.009
E S  1JH0L                196    0.307  35.941   0.000   0.963   0.001   0.036
B A  1JH0L                197    0.194  21.341   0.000   0.824   0.005   0.170
B A  1JH0L                198    0.232  25.549   0.000   0.503   0.078   0.419
E N  1JH0L                199    0.368  53.941   0.000   0.013   0.133   0.854
E P  1JH0L                200    0.609  86.466   0.000   0.204   0.046   0.749
E E  1JH0L                201    0.780 136.214   0.000   0.212   0.055   0.733
E K  1JH0L                202    0.640 131.659   0.000   0.197   0.019   0.783
E G  1JH0L                203    0.636  50.072   0.000   0.036   0.024   0.940
E K  1JH0L                204    0.574 118.145   0.000   0.030   0.220   0.749
E L  1JH0L                205    0.545  99.832   0.000   0.017   0.402   0.582
B M  1JH0L                206    0.233  46.597   0.000   0.011   0.091   0.899
E R  1JH0L                207    0.610 139.802   0.000   0.014   0.052   0.934
E T  1JH0L                208    0.360  49.961   0.000   0.575   0.003   0.421
E P  1JH0L                209    0.570  80.945   0.000   0.890   0.001   0.109
E D  1JH0L                210    0.543  78.278   0.000   0.919   0.001   0.080
E H  1JH0L                211    0.285  51.764   0.000   0.960   0.001   0.039
E E  1JH0L                212    0.410  71.542   0.000   0.957   0.001   0.042
E D  1JH0L                213    0.516  74.404   0.000   0.946   0.001   0.053
E T  1JH0L                214    0.262  36.385   0.000   0.892   0.004   0.103
E F  1JH0L                215    0.304  60.943   0.000   0.940   0.002   0.058
E F  1JH0L                216    0.464  93.060   0.000   0.935   0.002   0.063
E R  1JH0L                217    0.446 102.100   0.000   0.977   0.001   0.022
E D  1JH0L                218    0.390  56.146   0.000   0.983   0.001   0.016
E L  1JH0L                219    0.333  60.929   0.000   0.954   0.002   0.044
E V  1JH0L                220    0.452  69.518   0.000   0.764   0.005   0.230
E G  1JH0L                221    0.328  25.850   0.000   0.340   0.010   0.650
E Y  1JH0L                222    0.339  72.435   0.000   0.311   0.062   0.627
E S  1JH0L                223    0.281  32.901   0.000   0.242   0.087   0.672
E I  1JH0L                224    0.295  54.654   0.000   0.500   0.037   0.463
E G  1JH0L                225    0.250  19.689   0.000   0.640   0.016   0.344
B T  1JH0L                226    0.241  33.415   0.000   0.956   0.001   0.043
E L  1JH0L                227    0.305  55.924   0.000   0.974   0.000   0.026
B G  1JH0L                228    0.228  17.970   0.000   0.979   0.000   0.021
E I  1JH0L                229    0.276  51.065   0.000   0.986   0.001   0.013
E H  1JH0L                230    0.264  47.947   0.000   0.986   0.000   0.014
E R  1JH0L                231    0.467 107.008   0.000   0.997   0.000   0.003
E L  1JH0L                232    0.513  93.902   0.000   0.996   0.000   0.004
B G  1JH0L                233    0.084   6.591   0.000   0.999   0.000   0.001
E L  1JH0L                234    0.347  63.612   0.000   0.999   0.000   0.001
E L  1JH0L                235    0.480  87.923   0.000   0.999   0.000   0.001
E L  1JH0L                236    0.340  62.293   0.000   0.999   0.000   0.001
B S  1JH0L                237    0.150  17.585   0.000   0.999   0.000   0.001
E L  1JH0L                238    0.441  80.747   0.000   0.993   0.000   0.006
E S  1JH0L                239    0.413  48.387   0.000   0.979   0.000   0.021
B A  1JH0L                240    0.093  10.209   0.000   0.993   0.000   0.007
E V  1JH0L                241    0.268  41.135   0.000   0.997   0.000   0.003
E F  1JH0L                242    0.612 122.832   0.000   0.998   0.000   0.002
E F  1JH0L                243    0.373  74.951   0.000   0.996   0.000   0.004
B S  1JH0L                244    0.055   6.400   0.000   0.999   0.000   0.001
E A  1JH0L                245    0.302  33.318   0.000   0.999   0.000   0.001
E L  1JH0L                246    0.514  94.124   0.000   1.000   0.000   0.000
B C  1JH0L                247    0.097  13.669   0.000   1.000   0.000   0.000
B M  1JH0L                248    0.186  37.304   0.000   0.999   0.000   0.001
E I  1JH0L                249    0.532  98.422   0.000   0.997   0.000   0.003
E I  1JH0L                250    0.465  86.023   0.000   0.975   0.000   0.025
B T  1JH0L                251    0.155  21.467   0.000   0.820   0.001   0.179
E G  1JH0L                252    0.288  22.634   0.000   0.122   0.009   0.869
E T  1JH0L                253    0.307  42.589   0.000   0.125   0.077   0.798
E I  1JH0L                254    0.365  67.529   0.000   0.182   0.199   0.619
E W  1JH0L                255    0.504 121.329   0.000   0.176   0.219   0.605
E F  1JH0L                256    0.306  61.507   0.000   0.092   0.303   0.606
E D  1JH0L                257    0.683  98.349   0.000   0.120   0.052   0.828
E Q  1JH0L                258    0.510  91.081   0.000   0.058   0.009   0.934
E W  1JH0L                259    0.340  81.673   0.000   0.891   0.009   0.100
E V  1JH0L                260    0.451  69.308   0.000   0.956   0.004   0.040
E D  1JH0L                261    0.486  69.968   0.000   0.972   0.001   0.027
E W  1JH0L                262    0.292  70.221   0.000   0.971   0.001   0.028
E W  1JH0L                263    0.379  91.094   0.000   0.964   0.001   0.035
E Q  1JH0L                264    0.501  89.514   0.000   0.965   0.001   0.035
E W  1JH0L                265    0.434 104.344   0.000   0.918   0.002   0.080
E W  1JH0L                266    0.386  92.797   0.000   0.904   0.001   0.095
E V  1JH0L                267    0.491  75.410   0.000   0.638   0.005   0.357
E K  1JH0L                268    0.687 141.282   0.000   0.438   0.005   0.557
E L  1JH0L                269    0.313  57.268   0.000   0.025   0.008   0.968
E P  1JH0L                270    0.590  83.769   0.000   0.287   0.004   0.708
E W  1JH0L                271    0.661 158.892   0.000   0.290   0.016   0.694
E W  1JH0L                272    0.529 127.331   0.000   0.385   0.013   0.602
E A  1JH0L                273    0.574  63.305   0.000   0.208   0.011   0.781
E N  1JH0L                274    0.882 129.145   0.000   0.088   0.006   0.907
E I  1JH0L                275    0.423  78.335   0.000   0.010   0.018   0.971
E P  1JH0L                276    0.681  96.671   0.000   0.027   0.008   0.965
E G  1JH0L                277    0.568  44.708   0.000   0.050   0.021   0.929
E G  1JH0L                278    0.477  37.527   0.000   0.069   0.064   0.868
E I  1JH0L                279    0.639 118.125   0.000   0.037   0.079   0.885
E N  1JH0L                280    0.859 125.712   0.000   0.025   0.013   0.962
E G  1JH0L                281    0.861  67.726   0.000   0.001   0.000   0.999
