# For publication of results, please cite:
# ...
# ... Michael Schantz Klausen, Martin Closter Jespersen, Henrik Nielsen, Kamilla Kjærgaard Jensen, 
# ... Vanessa Isabell Jurtz, Casper Kaae Sønderby, Morten Otto Alexander Sommer, Ole Winther, 
# ... Morten Nielsen, Bent Petersen, and Paolo Marcatili. 
# ... NetSurfP-2.0: Improved prediction of protein structural features by integrated deep learning.
# ... Proteins: Structure, Function, and Bioinformatics (Feb. 2019).
# ... https://doi.org/10.1002/prot.25674
# ...
#
# Column 1: Class assignment - B for buried or E for Exposed - Threshold: 25% exposure, but not based on RSA
# Column 2: Amino acid
# Column 3: Sequence name
# Column 4: Amino acid number
# Column 5: Relative Surface Accessibility - RSA
# Column 6: Absolute Surface Accessibility
# Column 7: Not used
# Column 8: Probability for Alpha-Helix
# Column 9: Probability for Beta-strand
# Column 10: Probability for Coil
E G  1IMXA                  1    0.946  74.435   0.000   0.000   0.000   1.000
E P  1IMXA                  2    0.796 112.976   0.000   0.018   0.009   0.973
E E  1IMXA                  3    0.672 117.384   0.000   0.026   0.263   0.712
E T  1IMXA                  4    0.569  78.962   0.000   0.023   0.504   0.473
E L  1IMXA                  5    0.320  58.546   0.000   0.017   0.684   0.299
B C  1IMXA                  6    0.171  23.956   0.000   0.117   0.223   0.661
B G  1IMXA                  7    0.142  11.155   0.000   0.951   0.001   0.048
E A  1IMXA                  8    0.425  46.870   0.000   0.989   0.000   0.011
E E  1IMXA                  9    0.469  81.998   0.000   0.991   0.000   0.009
B L  1IMXA                 10    0.114  20.831   0.000   0.994   0.000   0.006
B V  1IMXA                 11    0.164  25.257   0.000   0.998   0.000   0.002
E D  1IMXA                 12    0.539  77.689   0.000   0.998   0.000   0.002
B A  1IMXA                 13    0.228  25.114   0.000   0.998   0.000   0.002
B L  1IMXA                 14    0.121  22.147   0.000   0.994   0.000   0.006
E Q  1IMXA                 15    0.456  81.384   0.000   0.988   0.000   0.012
E F  1IMXA                 16    0.624 125.282   0.000   0.983   0.000   0.016
E V  1IMXA                 17    0.352  54.107   0.000   0.942   0.000   0.057
B C  1IMXA                 18    0.130  18.201   0.000   0.662   0.001   0.337
E G  1IMXA                 19    0.501  39.404   0.000   0.204   0.002   0.794
E D  1IMXA                 20    0.891 128.445   0.000   0.333   0.001   0.667
E R  1IMXA                 21    0.557 127.522   0.000   0.242   0.011   0.747
E G  1IMXA                 22    0.368  28.970   0.000   0.100   0.064   0.836
E F  1IMXA                 23    0.450  90.281   0.000   0.049   0.139   0.812
E Y  1IMXA                 24    0.603 128.941   0.000   0.032   0.141   0.827
E F  1IMXA                 25    0.527 105.768   0.000   0.020   0.083   0.897
E N  1IMXA                 26    0.797 116.707   0.000   0.009   0.029   0.961
E K  1IMXA                 27    0.589 121.145   0.000   0.004   0.024   0.972
E P  1IMXA                 28    0.647  91.877   0.000   0.007   0.010   0.983
E T  1IMXA                 29    0.708  98.206   0.000   0.010   0.007   0.983
E G  1IMXA                 30    0.703  55.321   0.000   0.012   0.005   0.984
E Y  1IMXA                 31    0.731 156.145   0.000   0.013   0.009   0.979
E G  1IMXA                 32    0.691  54.370   0.000   0.015   0.004   0.981
E S  1IMXA                 33    0.681  79.809   0.000   0.025   0.013   0.962
E S  1IMXA                 34    0.701  82.163   0.000   0.034   0.005   0.961
E S  1IMXA                 35    0.729  85.425   0.000   0.041   0.007   0.952
E R  1IMXA                 36    0.724 165.800   0.000   0.035   0.019   0.946
E R  1IMXA                 37    0.652 149.394   0.000   0.020   0.029   0.950
E A  1IMXA                 38    0.511  56.334   0.000   0.012   0.011   0.977
E P  1IMXA                 39    0.653  92.678   0.000   0.026   0.012   0.962
E Q  1IMXA                 40    0.715 127.733   0.000   0.019   0.016   0.965
E T  1IMXA                 41    0.581  80.580   0.000   0.024   0.050   0.926
E G  1IMXA                 42    0.321  25.254   0.000   0.054   0.024   0.922
B I  1IMXA                 43    0.217  40.075   0.000   0.963   0.003   0.034
B V  1IMXA                 44    0.180  27.732   0.000   0.985   0.002   0.013
E D  1IMXA                 45    0.409  58.944   0.000   0.991   0.002   0.007
E E  1IMXA                 46    0.376  65.672   0.000   0.980   0.008   0.012
B C  1IMXA                 47    0.094  13.175   0.000   0.902   0.012   0.086
B C  1IMXA                 48    0.142  19.975   0.000   0.509   0.099   0.392
E F  1IMXA                 49    0.573 114.998   0.000   0.459   0.011   0.529
E R  1IMXA                 50    0.598 137.004   0.000   0.031   0.006   0.963
E S  1IMXA                 51    0.513  60.141   0.000   0.012   0.052   0.936
B C  1IMXA                 52    0.102  14.332   0.000   0.006   0.153   0.841
E D  1IMXA                 53    0.516  74.293   0.000   0.004   0.157   0.840
E L  1IMXA                 54    0.356  65.097   0.000   0.981   0.000   0.019
E R  1IMXA                 55    0.712 162.990   0.000   0.997   0.000   0.003
E R  1IMXA                 56    0.431  98.668   0.000   0.999   0.000   0.001
B L  1IMXA                 57    0.038   7.020   0.000   0.998   0.000   0.002
E E  1IMXA                 58    0.458  79.998   0.000   0.995   0.000   0.005
E M  1IMXA                 59    0.590 118.002   0.000   0.958   0.000   0.041
E Y  1IMXA                 60    0.303  64.769   0.000   0.872   0.001   0.127
B C  1IMXA                 61    0.110  15.502   0.000   0.477   0.077   0.446
E A  1IMXA                 62    0.406  44.751   0.000   0.020   0.040   0.940
E P  1IMXA                 63    0.682  96.802   0.000   0.033   0.097   0.870
E L  1IMXA                 64    0.569 104.161   0.000   0.043   0.040   0.917
E K  1IMXA                 65    0.758 155.850   0.000   0.004   0.009   0.986
E P  1IMXA                 66    0.774 109.885   0.000   0.008   0.004   0.988
E A  1IMXA                 67    0.834  91.886   0.000   0.010   0.002   0.988
E K  1IMXA                 68    0.836 171.887   0.000   0.007   0.001   0.992
E S  1IMXA                 69    0.886 103.808   0.000   0.003   0.001   0.996
E A  1IMXA                 70    0.963 106.155   0.000   0.000   0.000   1.000
