# For publication of results, please cite:
# ...
# ... Michael Schantz Klausen, Martin Closter Jespersen, Henrik Nielsen, Kamilla Kjærgaard Jensen, 
# ... Vanessa Isabell Jurtz, Casper Kaae Sønderby, Morten Otto Alexander Sommer, Ole Winther, 
# ... Morten Nielsen, Bent Petersen, and Paolo Marcatili. 
# ... NetSurfP-2.0: Improved prediction of protein structural features by integrated deep learning.
# ... Proteins: Structure, Function, and Bioinformatics (Feb. 2019).
# ... https://doi.org/10.1002/prot.25674
# ...
#
# Column 1: Class assignment - B for buried or E for Exposed - Threshold: 25% exposure, but not based on RSA
# Column 2: Amino acid
# Column 3: Sequence name
# Column 4: Amino acid number
# Column 5: Relative Surface Accessibility - RSA
# Column 6: Absolute Surface Accessibility
# Column 7: Not used
# Column 8: Probability for Alpha-Helix
# Column 9: Probability for Beta-strand
# Column 10: Probability for Coil
E E  2EJNA                  1    0.908 158.549   0.000   0.001   0.001   0.998
E I  2EJNA                  2    0.444  82.182   0.000   0.018   0.181   0.801
B C  2EJNA                  3    0.148  20.801   0.000   0.018   0.003   0.979
E P  2EJNA                  4    0.560  79.410   0.000   0.900   0.001   0.099
E A  2EJNA                  5    0.271  29.896   0.000   0.947   0.000   0.053
B V  2EJNA                  6    0.059   9.057   0.000   0.965   0.000   0.035
E K  2EJNA                  7    0.384  78.902   0.000   0.985   0.000   0.015
E R  2EJNA                  8    0.605 138.620   0.000   0.989   0.000   0.011
B D  2EJNA                  9    0.228  32.879   0.000   0.992   0.000   0.008
B V  2EJNA                 10    0.032   4.844   0.000   0.994   0.000   0.006
E D  2EJNA                 11    0.419  60.311   0.000   0.994   0.000   0.006
E L  2EJNA                 12    0.431  78.877   0.000   0.993   0.000   0.007
B F  2EJNA                 13    0.122  24.547   0.000   0.991   0.000   0.009
B L  2EJNA                 14    0.080  14.597   0.000   0.944   0.000   0.056
E T  2EJNA                 15    0.576  79.855   0.000   0.694   0.001   0.305
E G  2EJNA                 16    0.291  22.937   0.000   0.014   0.005   0.981
E T  2EJNA                 17    0.448  62.125   0.000   0.002   0.002   0.996
E P  2EJNA                 18    0.414  58.687   0.000   0.964   0.000   0.036
E D  2EJNA                 19    0.792 114.158   0.000   0.983   0.000   0.017
E E  2EJNA                 20    0.497  86.884   0.000   0.985   0.000   0.015
B Y  2EJNA                 21    0.056  11.959   0.000   0.996   0.000   0.004
E V  2EJNA                 22    0.319  48.979   0.000   0.996   0.000   0.004
E E  2EJNA                 23    0.676 118.055   0.000   0.994   0.000   0.005
E Q  2EJNA                 24    0.328  58.554   0.000   0.983   0.000   0.017
B V  2EJNA                 25    0.051   7.770   0.000   0.959   0.000   0.041
E A  2EJNA                 26    0.550  60.648   0.000   0.745   0.001   0.254
E Q  2EJNA                 27    0.657 117.416   0.000   0.448   0.001   0.551
B Y  2EJNA                 28    0.218  46.659   0.000   0.165   0.006   0.829
E K  2EJNA                 29    0.699 143.767   0.000   0.060   0.008   0.932
E A  2EJNA                 30    0.401  44.182   0.000   0.031   0.004   0.965
E L  2EJNA                 31    0.320  58.579   0.000   0.026   0.001   0.973
E P  2EJNA                 32    0.686  97.332   0.000   0.972   0.000   0.028
E V  2EJNA                 33    0.389  59.794   0.000   0.980   0.001   0.019
B V  2EJNA                 34    0.052   7.933   0.000   0.995   0.000   0.005
E L  2EJNA                 35    0.284  51.923   0.000   0.997   0.000   0.003
E E  2EJNA                 36    0.584 102.039   0.000   0.996   0.000   0.004
B N  2EJNA                 37    0.140  20.518   0.000   0.993   0.000   0.007
B A  2EJNA                 38    0.057   6.246   0.000   0.998   0.000   0.002
E R  2EJNA                 39    0.509 116.520   0.000   0.998   0.000   0.002
E I  2EJNA                 40    0.342  63.277   0.000   0.998   0.000   0.002
B L  2EJNA                 41    0.031   5.628   0.000   0.998   0.000   0.002
E K  2EJNA                 42    0.261  53.761   0.000   0.997   0.000   0.003
E N  2EJNA                 43    0.587  85.897   0.000   0.983   0.000   0.017
B C  2EJNA                 44    0.130  18.221   0.000   0.957   0.000   0.043
B V  2EJNA                 45    0.067  10.317   0.000   0.924   0.002   0.074
E D  2EJNA                 46    0.376  54.210   0.000   0.832   0.001   0.167
E A  2EJNA                 47    0.691  76.182   0.000   0.532   0.000   0.468
E K  2EJNA                 48    0.576 118.462   0.000   0.516   0.001   0.483
B M  2EJNA                 49    0.120  24.100   0.000   0.004   0.001   0.995
E T  2EJNA                 50    0.506  70.154   0.000   0.004   0.001   0.995
E E  2EJNA                 51    0.777 135.710   0.000   0.980   0.000   0.020
E E  2EJNA                 52    0.717 125.218   0.000   0.977   0.000   0.023
E D  2EJNA                 53    0.278  40.024   0.000   0.983   0.000   0.017
E K  2EJNA                 54    0.285  58.638   0.000   0.996   0.000   0.004
E E  2EJNA                 55    0.592 103.375   0.000   0.996   0.000   0.004
E N  2EJNA                 56    0.364  53.339   0.000   0.994   0.000   0.006
B A  2EJNA                 57    0.032   3.540   0.000   0.998   0.000   0.002
E L  2EJNA                 58    0.254  46.507   0.000   0.999   0.000   0.001
E S  2EJNA                 59    0.447  52.392   0.000   0.998   0.000   0.002
B L  2EJNA                 60    0.086  15.792   0.000   0.999   0.000   0.001
B L  2EJNA                 61    0.056  10.232   0.000   0.998   0.000   0.002
E D  2EJNA                 62    0.477  68.808   0.000   0.997   0.000   0.003
E K  2EJNA                 63    0.402  82.778   0.000   0.991   0.000   0.009
B I  2EJNA                 64    0.028   5.220   0.000   0.988   0.000   0.011
B Y  2EJNA                 65    0.236  50.361   0.000   0.888   0.000   0.111
E T  2EJNA                 66    0.676  93.756   0.000   0.415   0.000   0.584
B S  2EJNA                 67    0.112  13.131   0.000   0.004   0.000   0.996
E P  2EJNA                 68    0.621  88.184   0.000   0.660   0.000   0.340
B L  2EJNA                 69    0.196  35.927   0.000   0.622   0.003   0.375
B C  2EJNA                 70    0.043   5.979   0.000   0.908   0.004   0.088
E V  2EJNA                 71    0.496  76.295   0.000   0.894   0.001   0.104
E K  2EJNA                 72    0.514 105.673   0.000   0.856   0.001   0.143
B M  2EJNA                 73    0.137  27.377   0.000   0.781   0.008   0.211
B A  2EJNA                 74    0.192  21.165   0.000   0.772   0.005   0.223
E E  2EJNA                 75    0.615 107.398   0.000   0.595   0.005   0.400
B T  2EJNA                 76    0.208  28.898   0.000   0.669   0.004   0.327
B C  2EJNA                 77    0.065   9.177   0.000   0.433   0.004   0.563
B P  2EJNA                 78    0.227  32.265   0.000   0.970   0.000   0.030
B I  2EJNA                 79    0.188  34.832   0.000   0.976   0.002   0.022
B F  2EJNA                 80    0.034   6.734   0.000   0.995   0.000   0.005
B Y  2EJNA                 81    0.149  31.882   0.000   0.997   0.000   0.003
E D  2EJNA                 82    0.384  55.378   0.000   0.996   0.000   0.004
B V  2EJNA                 83    0.054   8.316   0.000   0.998   0.000   0.002
B F  2EJNA                 84    0.037   7.405   0.000   0.999   0.000   0.001
B F  2EJNA                 85    0.179  35.917   0.000   0.998   0.000   0.002
B A  2EJNA                 86    0.120  13.221   0.000   0.998   0.000   0.002
B V  2EJNA                 87    0.064   9.850   0.000   0.996   0.000   0.004
B A  2EJNA                 88    0.083   9.168   0.000   0.968   0.000   0.031
E N  2EJNA                 89    0.459  67.198   0.000   0.491   0.001   0.509
E G  2EJNA                 90    0.486  38.230   0.000   0.039   0.001   0.960
E N  2EJNA                 91    0.453  66.308   0.000   0.015   0.003   0.982
E E  2EJNA                 92    0.458  80.083   0.000   0.808   0.002   0.191
E L  2EJNA                 93    0.581 106.322   0.000   0.940   0.002   0.058
E L  2EJNA                 94    0.270  49.410   0.000   0.971   0.002   0.027
B L  2EJNA                 95    0.040   7.252   0.000   0.979   0.001   0.020
E D  2EJNA                 96    0.430  61.933   0.000   0.978   0.000   0.022
E L  2EJNA                 97    0.477  87.268   0.000   0.973   0.000   0.027
B S  2EJNA                 98    0.156  18.263   0.000   0.981   0.001   0.019
B L  2EJNA                 99    0.045   8.166   0.000   0.977   0.000   0.023
E T  2EJNA                100    0.658  91.225   0.000   0.943   0.000   0.057
E K  2EJNA                101    0.607 124.801   0.000   0.782   0.000   0.218
B V  2EJNA                102    0.159  24.469   0.000   0.319   0.003   0.677
E N  2EJNA                103    0.810 118.576   0.000   0.007   0.001   0.992
B A  2EJNA                104    0.070   7.676   0.000   0.001   0.002   0.997
E T  2EJNA                105    0.452  62.727   0.000   0.002   0.001   0.997
E E  2EJNA                106    0.771 134.745   0.000   0.992   0.000   0.008
E P  2EJNA                107    0.530  75.259   0.000   0.993   0.000   0.007
B E  2EJNA                108    0.173  30.278   0.000   0.997   0.000   0.003
E R  2EJNA                109    0.379  86.707   0.000   0.998   0.000   0.002
E T  2EJNA                110    0.474  65.778   0.000   0.998   0.000   0.002
B A  2EJNA                111    0.085   9.367   0.000   0.998   0.000   0.002
B M  2EJNA                112    0.070  13.923   0.000   0.997   0.000   0.003
E K  2EJNA                113    0.480  98.642   0.000   0.998   0.000   0.002
E K  2EJNA                114    0.397  81.646   0.000   0.998   0.000   0.002
B I  2EJNA                115    0.033   6.096   0.000   0.997   0.000   0.003
B Q  2EJNA                116    0.205  36.600   0.000   0.998   0.000   0.002
E D  2EJNA                117    0.514  74.112   0.000   0.996   0.000   0.004
B C  2EJNA                118    0.092  12.852   0.000   0.996   0.000   0.004
B Y  2EJNA                119    0.100  21.419   0.000   0.993   0.000   0.006
E V  2EJNA                120    0.484  74.428   0.000   0.985   0.000   0.015
E E  2EJNA                121    0.731 127.687   0.000   0.939   0.000   0.061
E N  2EJNA                122    0.488  71.485   0.000   0.316   0.000   0.684
E G  2EJNA                123    0.491  38.677   0.000   0.055   0.000   0.945
B L  2EJNA                124    0.172  31.532   0.000   0.681   0.002   0.317
E I  2EJNA                125    0.390  72.187   0.000   0.944   0.002   0.054
E S  2EJNA                126    0.523  61.306   0.000   0.975   0.001   0.024
E R  2EJNA                127    0.410  93.905   0.000   0.989   0.001   0.010
B V  2EJNA                128    0.074  11.432   0.000   0.973   0.003   0.023
E L  2EJNA                129    0.275  50.377   0.000   0.942   0.001   0.057
E D  2EJNA                130    0.404  58.197   0.000   0.829   0.002   0.169
B G  2EJNA                131    0.181  14.256   0.000   0.965   0.001   0.034
E L  2EJNA                132    0.342  62.603   0.000   0.990   0.002   0.008
B V  2EJNA                133    0.107  16.482   0.000   0.998   0.001   0.002
B M  2EJNA                134    0.103  20.653   0.000   0.997   0.001   0.002
E T  2EJNA                135    0.306  42.373   0.000   0.992   0.002   0.006
E T  2EJNA                136    0.287  39.741   0.000   0.979   0.001   0.020
B I  2EJNA                137    0.094  17.390   0.000   0.947   0.004   0.049
B S  2EJNA                138    0.243  28.478   0.000   0.808   0.017   0.175
E S  2EJNA                139    0.557  65.254   0.000   0.409   0.020   0.571
B S  2EJNA                140    0.230  26.968   0.000   0.017   0.007   0.977
E K  2EJNA                141    0.736 151.492   0.000   0.572   0.003   0.424
E D  2EJNA                142    0.725 104.517   0.000   0.531   0.006   0.463
B C  2EJNA                143    0.186  26.145   0.000   0.458   0.015   0.527
E M  2EJNA                144    0.498  99.727   0.000   0.119   0.035   0.847
E G  2EJNA                145    0.916  72.054   0.000   0.001   0.000   0.999
