# For publication of results, please cite:
# ...
# ... Michael Schantz Klausen, Martin Closter Jespersen, Henrik Nielsen, Kamilla Kjærgaard Jensen, 
# ... Vanessa Isabell Jurtz, Casper Kaae Sønderby, Morten Otto Alexander Sommer, Ole Winther, 
# ... Morten Nielsen, Bent Petersen, and Paolo Marcatili. 
# ... NetSurfP-2.0: Improved prediction of protein structural features by integrated deep learning.
# ... Proteins: Structure, Function, and Bioinformatics (Feb. 2019).
# ... https://doi.org/10.1002/prot.25674
# ...
#
# Column 1: Class assignment - B for buried or E for Exposed - Threshold: 25% exposure, but not based on RSA
# Column 2: Amino acid
# Column 3: Sequence name
# Column 4: Amino acid number
# Column 5: Relative Surface Accessibility - RSA
# Column 6: Absolute Surface Accessibility
# Column 7: Not used
# Column 8: Probability for Alpha-Helix
# Column 9: Probability for Beta-strand
# Column 10: Probability for Coil
E T  1RD9D                  1    0.932 129.204   0.000   0.000   0.000   1.000
E P  1RD9D                  2    0.565  80.158   0.000   0.011   0.011   0.978
E Q  1RD9D                  3    0.656 117.203   0.000   0.026   0.041   0.933
E N  1RD9D                  4    0.495  72.488   0.000   0.056   0.108   0.835
B I  1RD9D                  5    0.174  32.259   0.000   0.941   0.001   0.058
E T  1RD9D                  6    0.540  74.856   0.000   0.984   0.000   0.016
E D  1RD9D                  7    0.593  85.403   0.000   0.988   0.000   0.012
B L  1RD9D                  8    0.109  19.927   0.000   0.986   0.000   0.013
B C  1RD9D                  9    0.141  19.851   0.000   0.955   0.003   0.043
E A  1RD9D                 10    0.593  65.350   0.000   0.896   0.002   0.103
E E  1RD9D                 11    0.597 104.271   0.000   0.837   0.003   0.160
B Y  1RD9D                 12    0.218  46.588   0.000   0.563   0.018   0.419
E H  1RD9D                 13    0.590 107.301   0.000   0.226   0.039   0.735
E N  1RD9D                 14    0.700 102.551   0.000   0.147   0.036   0.818
E T  1RD9D                 15    0.293  40.633   0.000   0.015   0.198   0.787
E Q  1RD9D                 16    0.561 100.187   0.000   0.009   0.706   0.285
E I  1RD9D                 17    0.346  64.017   0.000   0.007   0.814   0.179
E H  1RD9D                 18    0.325  59.117   0.000   0.008   0.901   0.091
E T  1RD9D                 19    0.440  61.043   0.000   0.014   0.787   0.199
B L  1RD9D                 20    0.221  40.525   0.000   0.199   0.383   0.418
E N  1RD9D                 21    0.648  94.889   0.000   0.292   0.131   0.578
E D  1RD9D                 22    0.752 108.306   0.000   0.313   0.126   0.561
E K  1RD9D                 23    0.495 101.922   0.000   0.058   0.803   0.139
E I  1RD9D                 24    0.253  46.808   0.000   0.022   0.908   0.070
E F  1RD9D                 25    0.333  66.786   0.000   0.021   0.923   0.056
E S  1RD9D                 26    0.418  48.993   0.000   0.013   0.934   0.053
E Y  1RD9D                 27    0.300  64.201   0.000   0.017   0.926   0.057
E T  1RD9D                 28    0.355  49.181   0.000   0.086   0.713   0.200
E E  1RD9D                 29    0.558  97.469   0.000   0.377   0.430   0.193
E S  1RD9D                 30    0.627  73.498   0.000   0.357   0.329   0.314
E L  1RD9D                 31    0.349  63.911   0.000   0.310   0.141   0.549
E A  1RD9D                 32    0.608  66.971   0.000   0.040   0.025   0.936
E G  1RD9D                 33    0.638  50.241   0.000   0.026   0.039   0.935
E K  1RD9D                 34    0.529 108.826   0.000   0.007   0.314   0.679
E R  1RD9D                 35    0.400  91.609   0.000   0.001   0.740   0.259
B E  1RD9D                 36    0.203  35.411   0.000   0.001   0.909   0.091
B M  1RD9D                 37    0.143  28.618   0.000   0.000   0.984   0.016
B A  1RD9D                 38    0.011   1.193   0.000   0.000   0.999   0.001
B I  1RD9D                 39    0.093  17.193   0.000   0.000   0.999   0.001
B I  1RD9D                 40    0.010   1.899   0.000   0.000   1.000   0.000
B T  1RD9D                 41    0.172  23.905   0.000   0.000   0.998   0.002
B F  1RD9D                 42    0.048   9.708   0.000   0.000   0.883   0.116
E K  1RD9D                 43    0.622 127.855   0.000   0.013   0.021   0.966
E N  1RD9D                 44    0.755 110.522   0.000   0.008   0.001   0.991
E G  1RD9D                 45    0.608  47.822   0.000   0.004   0.003   0.993
B A  1RD9D                 46    0.197  21.753   0.000   0.000   0.015   0.984
E T  1RD9D                 47    0.412  57.178   0.000   0.000   0.976   0.023
B F  1RD9D                 48    0.052  10.374   0.000   0.000   0.998   0.002
E Q  1RD9D                 49    0.373  66.635   0.000   0.000   0.998   0.002
B V  1RD9D                 50    0.043   6.616   0.000   0.000   0.994   0.006
E E  1RD9D                 51    0.411  71.833   0.000   0.000   0.972   0.028
B V  1RD9D                 52    0.102  15.609   0.000   0.000   0.698   0.302
E P  1RD9D                 53    0.376  53.295   0.000   0.005   0.387   0.608
E G  1RD9D                 54    0.440  34.608   0.000   0.158   0.031   0.810
E S  1RD9D                 55    0.594  69.612   0.000   0.435   0.013   0.552
E Q  1RD9D                 56    0.761 135.902   0.000   0.557   0.011   0.432
E H  1RD9D                 57    0.479  87.121   0.000   0.452   0.026   0.522
E I  1RD9D                 58    0.290  53.692   0.000   0.873   0.015   0.112
E D  1RD9D                 59    0.713 102.689   0.000   0.923   0.003   0.074
E S  1RD9D                 60    0.482  56.449   0.000   0.891   0.001   0.108
B Q  1RD9D                 61    0.246  43.925   0.000   0.944   0.001   0.054
E K  1RD9D                 62    0.445  91.439   0.000   0.990   0.000   0.009
E K  1RD9D                 63    0.593 121.943   0.000   0.993   0.000   0.007
B A  1RD9D                 64    0.198  21.866   0.000   0.991   0.001   0.008
B I  1RD9D                 65    0.100  18.460   0.000   0.996   0.001   0.003
E E  1RD9D                 66    0.512  89.467   0.000   0.996   0.000   0.004
E R  1RD9D                 67    0.559 127.962   0.000   0.993   0.001   0.006
B M  1RD9D                 68    0.119  23.804   0.000   0.990   0.001   0.009
E K  1RD9D                 69    0.281  57.888   0.000   0.993   0.000   0.007
E D  1RD9D                 70    0.518  74.610   0.000   0.994   0.000   0.006
B T  1RD9D                 71    0.247  34.253   0.000   0.993   0.001   0.006
B L  1RD9D                 72    0.083  15.164   0.000   0.987   0.004   0.009
E R  1RD9D                 73    0.465 106.560   0.000   0.986   0.005   0.009
E I  1RD9D                 74    0.375  69.399   0.000   0.979   0.008   0.013
B A  1RD9D                 75    0.106  11.641   0.000   0.958   0.010   0.032
E Y  1RD9D                 76    0.434  92.826   0.000   0.941   0.012   0.047
E L  1RD9D                 77    0.592 108.429   0.000   0.843   0.013   0.144
E T  1RD9D                 78    0.434  60.260   0.000   0.546   0.009   0.445
E E  1RD9D                 79    0.745 130.181   0.000   0.021   0.010   0.968
B A  1RD9D                 80    0.246  27.122   0.000   0.007   0.058   0.935
E K  1RD9D                 81    0.610 125.556   0.000   0.007   0.367   0.626
B V  1RD9D                 82    0.132  20.288   0.000   0.084   0.594   0.322
E E  1RD9D                 83    0.589 102.846   0.000   0.099   0.557   0.343
E K  1RD9D                 84    0.383  78.721   0.000   0.031   0.884   0.085
B L  1RD9D                 85    0.187  34.228   0.000   0.014   0.937   0.049
B C  1RD9D                 86    0.067   9.358   0.000   0.002   0.981   0.017
B V  1RD9D                 87    0.166  25.582   0.000   0.001   0.981   0.018
B W  1RD9D                 88    0.181  43.502   0.000   0.002   0.944   0.054
E N  1RD9D                 89    0.382  55.981   0.000   0.008   0.628   0.364
E N  1RD9D                 90    0.541  79.158   0.000   0.019   0.128   0.853
E K  1RD9D                 91    0.675 138.882   0.000   0.007   0.038   0.955
E T  1RD9D                 92    0.485  67.328   0.000   0.002   0.041   0.957
E P  1RD9D                 93    0.542  76.892   0.000   0.048   0.026   0.927
E H  1RD9D                 94    0.632 115.023   0.000   0.040   0.068   0.892
B A  1RD9D                 95    0.171  18.836   0.000   0.029   0.562   0.409
B I  1RD9D                 96    0.245  45.382   0.000   0.004   0.910   0.086
B A  1RD9D                 97    0.113  12.405   0.000   0.002   0.962   0.036
B A  1RD9D                 98    0.167  18.415   0.000   0.002   0.969   0.029
B I  1RD9D                 99    0.111  20.617   0.000   0.001   0.984   0.016
E S  1RD9D                100    0.329  38.549   0.000   0.001   0.951   0.048
B M  1RD9D                101    0.246  49.151   0.000   0.006   0.738   0.256
E A  1RD9D                102    0.512  56.429   0.000   0.007   0.294   0.699
E N  1RD9D                103    0.910 133.241   0.000   0.000   0.001   0.999
