# For publication of results, please cite:
# ...
# ... Michael Schantz Klausen, Martin Closter Jespersen, Henrik Nielsen, Kamilla Kjærgaard Jensen, 
# ... Vanessa Isabell Jurtz, Casper Kaae Sønderby, Morten Otto Alexander Sommer, Ole Winther, 
# ... Morten Nielsen, Bent Petersen, and Paolo Marcatili. 
# ... NetSurfP-2.0: Improved prediction of protein structural features by integrated deep learning.
# ... Proteins: Structure, Function, and Bioinformatics (Feb. 2019).
# ... https://doi.org/10.1002/prot.25674
# ...
#
# Column 1: Class assignment - B for buried or E for Exposed - Threshold: 25% exposure, but not based on RSA
# Column 2: Amino acid
# Column 3: Sequence name
# Column 4: Amino acid number
# Column 5: Relative Surface Accessibility - RSA
# Column 6: Absolute Surface Accessibility
# Column 7: Not used
# Column 8: Probability for Alpha-Helix
# Column 9: Probability for Beta-strand
# Column 10: Probability for Coil
E V  2XVTF                  1    0.817 125.602   0.000   0.001   0.000   0.998
E K  2XVTF                  2    0.745 153.232   0.000   0.038   0.005   0.957
E N  2XVTF                  3    0.596  87.320   0.000   0.111   0.017   0.872
E Y  2XVTF                  4    0.266  56.921   0.000   0.864   0.001   0.135
E E  2XVTF                  5    0.561  97.938   0.000   0.948   0.000   0.051
E T  2XVTF                  6    0.473  65.648   0.000   0.977   0.000   0.023
B A  2XVTF                  7    0.124  13.667   0.000   0.987   0.000   0.013
B V  2XVTF                  8    0.092  14.140   0.000   0.987   0.001   0.013
E Q  2XVTF                  9    0.568 101.356   0.000   0.992   0.000   0.008
E F  2XVTF                 10    0.430  86.223   0.000   0.988   0.000   0.012
B C  2XVTF                 11    0.065   9.144   0.000   0.978   0.000   0.022
B W  2XVTF                 12    0.194  46.668   0.000   0.951   0.001   0.048
E N  2XVTF                 13    0.556  81.428   0.000   0.988   0.000   0.011
E H  2XVTF                 14    0.430  78.178   0.000   0.977   0.000   0.023
B Y  2XVTF                 15    0.124  26.410   0.000   0.973   0.000   0.027
E K  2XVTF                 16    0.450  92.537   0.000   0.981   0.000   0.018
E D  2XVTF                 17    0.756 109.012   0.000   0.986   0.000   0.014
E Q  2XVTF                 18    0.480  85.729   0.000   0.904   0.000   0.096
B M  2XVTF                 19    0.105  21.064   0.000   0.602   0.003   0.396
E D  2XVTF                 20    0.623  89.830   0.000   0.363   0.007   0.631
E P  2XVTF                 21    0.628  89.147   0.000   0.476   0.011   0.513
B I  2XVTF                 22    0.235  43.556   0.000   0.361   0.010   0.629
E E  2XVTF                 23    0.611 106.788   0.000   0.130   0.009   0.861
E K  2XVTF                 24    0.565 116.303   0.000   0.227   0.012   0.762
E D  2XVTF                 25    0.783 112.900   0.000   0.296   0.006   0.698
E W  2XVTF                 26    0.369  88.643   0.000   0.244   0.025   0.731
B C  2XVTF                 27    0.109  15.248   0.000   0.028   0.080   0.891
E D  2XVTF                 28    0.539  77.643   0.000   0.010   0.025   0.965
E W  2XVTF                 29    0.334  80.345   0.000   0.884   0.001   0.116
E A  2XVTF                 30    0.617  67.956   0.000   0.944   0.000   0.056
E M  2XVTF                 31    0.363  72.570   0.000   0.948   0.001   0.052
B I  2XVTF                 32    0.062  11.473   0.000   0.899   0.003   0.098
E S  2XVTF                 33    0.314  36.760   0.000   0.914   0.003   0.083
E R  2XVTF                 34    0.625 143.086   0.000   0.956   0.001   0.043
B P  2XVTF                 35    0.206  29.280   0.000   0.938   0.005   0.056
B Y  2XVTF                 36    0.173  36.874   0.000   0.987   0.000   0.013
E S  2XVTF                 37    0.465  54.508   0.000   0.981   0.000   0.019
E T  2XVTF                 38    0.413  57.229   0.000   0.972   0.000   0.028
B L  2XVTF                 39    0.060  11.016   0.000   0.965   0.001   0.034
E R  2XVTF                 40    0.365  83.483   0.000   0.992   0.000   0.008
E D  2XVTF                 41    0.561  80.795   0.000   0.995   0.000   0.004
B C  2XVTF                 42    0.100  14.037   0.000   0.997   0.000   0.003
B L  2XVTF                 43    0.051   9.290   0.000   0.997   0.000   0.003
E E  2XVTF                 44    0.383  66.838   0.000   0.998   0.000   0.002
E H  2XVTF                 45    0.478  87.016   0.000   0.998   0.000   0.002
B F  2XVTF                 46    0.119  23.898   0.000   0.997   0.000   0.003
B A  2XVTF                 47    0.053   5.860   0.000   0.997   0.000   0.003
E E  2XVTF                 48    0.729 127.319   0.000   0.988   0.000   0.012
E L  2XVTF                 49    0.502  91.850   0.000   0.962   0.000   0.038
E F  2XVTF                 50    0.279  56.002   0.000   0.332   0.000   0.668
E D  2XVTF                 51    0.902 129.912   0.000   0.004   0.000   0.996
B L  2XVTF                 52    0.248  45.486   0.000   0.009   0.004   0.987
E G  2XVTF                 53    0.617  48.528   0.000   0.011   0.011   0.978
E F  2XVTF                 54    0.420  84.295   0.000   0.002   0.004   0.994
E P  2XVTF                 55    0.394  55.935   0.000   0.003   0.006   0.991
E N  2XVTF                 56    0.297  43.458   0.000   0.053   0.002   0.945
E P  2XVTF                 57    0.562  79.790   0.000   0.962   0.000   0.037
E L  2XVTF                 58    0.392  71.739   0.000   0.983   0.000   0.016
B A  2XVTF                 59    0.042   4.635   0.000   0.997   0.000   0.003
E E  2XVTF                 60    0.368  64.356   0.000   0.997   0.000   0.003
E R  2XVTF                 61    0.555 127.133   0.000   0.997   0.000   0.003
B I  2XVTF                 62    0.172  31.770   0.000   0.999   0.000   0.001
B I  2XVTF                 63    0.085  15.640   0.000   0.999   0.000   0.001
E F  2XVTF                 64    0.333  66.836   0.000   0.999   0.000   0.001
E E  2XVTF                 65    0.494  86.285   0.000   0.998   0.000   0.002
B T  2XVTF                 66    0.091  12.667   0.000   0.998   0.000   0.002
B H  2XVTF                 67    0.113  20.548   0.000   0.998   0.000   0.002
E Q  2XVTF                 68    0.542  96.733   0.000   0.989   0.000   0.011
E I  2XVTF                 69    0.441  81.516   0.000   0.981   0.000   0.019
E H  2XVTF                 70    0.276  50.152   0.000   0.913   0.000   0.087
B F  2XVTF                 71    0.178  35.750   0.000   0.374   0.007   0.619
E A  2XVTF                 72    0.593  65.299   0.000   0.162   0.012   0.826
E N  2XVTF                 73    0.824 120.639   0.000   0.089   0.007   0.904
B C  2XVTF                 74    0.244  34.232   0.000   0.055   0.015   0.929
E S  2XVTF                 75    0.665  77.923   0.000   0.048   0.021   0.932
E L  2XVTF                 76    0.616 112.871   0.000   0.053   0.021   0.926
E V  2XVTF                 77    0.722 110.995   0.000   0.014   0.018   0.968
E Q  2XVTF                 78    0.744 132.875   0.000   0.001   0.012   0.987
E P  2XVTF                 79    0.852 120.920   0.000   0.001   0.000   0.999
