# For publication of results, please cite:
# ...
# ... Michael Schantz Klausen, Martin Closter Jespersen, Henrik Nielsen, Kamilla Kjærgaard Jensen, 
# ... Vanessa Isabell Jurtz, Casper Kaae Sønderby, Morten Otto Alexander Sommer, Ole Winther, 
# ... Morten Nielsen, Bent Petersen, and Paolo Marcatili. 
# ... NetSurfP-2.0: Improved prediction of protein structural features by integrated deep learning.
# ... Proteins: Structure, Function, and Bioinformatics (Feb. 2019).
# ... https://doi.org/10.1002/prot.25674
# ...
#
# Column 1: Class assignment - B for buried or E for Exposed - Threshold: 25% exposure, but not based on RSA
# Column 2: Amino acid
# Column 3: Sequence name
# Column 4: Amino acid number
# Column 5: Relative Surface Accessibility - RSA
# Column 6: Absolute Surface Accessibility
# Column 7: Not used
# Column 8: Probability for Alpha-Helix
# Column 9: Probability for Beta-strand
# Column 10: Probability for Coil
E V  3PC7B                  1    0.884 135.925   0.000   0.000   0.002   0.998
E L  3PC7B                  2    0.552 101.029   0.000   0.023   0.009   0.968
E L  3PC7B                  3    0.524  95.864   0.000   0.075   0.005   0.920
E D  3PC7B                  4    0.740 106.689   0.000   0.215   0.002   0.783
B I  3PC7B                  5    0.214  39.657   0.000   0.360   0.002   0.638
B F  3PC7B                  6    0.035   7.122   0.000   0.154   0.007   0.839
E T  3PC7B                  7    0.596  82.666   0.000   0.004   0.013   0.983
E G  3PC7B                  8    0.770  60.632   0.000   0.001   0.002   0.997
B V  3PC7B                  9    0.167  25.657   0.000   0.000   0.014   0.986
E R  3PC7B                 10    0.454 103.972   0.000   0.000   0.946   0.053
B L  3PC7B                 11    0.036   6.580   0.000   0.000   0.992   0.008
B Y  3PC7B                 12    0.155  33.199   0.000   0.000   0.990   0.010
B L  3PC7B                 13    0.030   5.463   0.000   0.000   0.686   0.314
B P  3PC7B                 14    0.061   8.667   0.000   0.000   0.034   0.965
E P  3PC7B                 15    0.417  59.230   0.000   0.007   0.003   0.990
E S  3PC7B                 16    0.711  83.380   0.000   0.008   0.004   0.988
B T  3PC7B                 17    0.141  19.622   0.000   0.022   0.018   0.960
E P  3PC7B                 18    0.570  80.816   0.000   0.026   0.001   0.974
E D  3PC7B                 19    0.515  74.246   0.000   0.036   0.003   0.961
B F  3PC7B                 20    0.233  46.742   0.000   0.935   0.001   0.064
E S  3PC7B                 21    0.602  70.506   0.000   0.990   0.000   0.010
E R  3PC7B                 22    0.459 105.083   0.000   0.996   0.000   0.004
B L  3PC7B                 23    0.014   2.503   0.000   0.997   0.000   0.003
E R  3PC7B                 24    0.387  88.719   0.000   0.998   0.000   0.001
E R  3PC7B                 25    0.637 145.846   0.000   0.999   0.000   0.001
E Y  3PC7B                 26    0.253  54.043   0.000   0.999   0.000   0.001
B F  3PC7B                 27    0.014   2.838   0.000   0.999   0.000   0.001
E V  3PC7B                 28    0.459  70.511   0.000   0.994   0.000   0.005
E A  3PC7B                 29    0.530  58.382   0.000   0.910   0.000   0.090
B F  3PC7B                 30    0.189  38.016   0.000   0.023   0.000   0.977
E D  3PC7B                 31    0.738 106.323   0.000   0.006   0.002   0.992
B G  3PC7B                 32    0.074   5.818   0.000   0.001   0.030   0.969
E D  3PC7B                 33    0.584  84.119   0.000   0.000   0.989   0.011
E L  3PC7B                 34    0.268  49.009   0.000   0.000   0.994   0.006
B V  3PC7B                 35    0.173  26.534   0.000   0.004   0.419   0.577
E Q  3PC7B                 36    0.732 130.659   0.000   0.018   0.024   0.958
E E  3PC7B                 37    0.730 127.483   0.000   0.020   0.048   0.933
B F  3PC7B                 38    0.245  49.117   0.000   0.007   0.053   0.940
E D  3PC7B                 39    0.435  62.640   0.000   0.007   0.017   0.976
E T  3PC7B                 40    0.800 110.892   0.000   0.005   0.000   0.995
E S  3PC7B                 41    0.593  69.489   0.000   0.003   0.000   0.997
B A  3PC7B                 42    0.064   7.022   0.000   0.001   0.103   0.896
E T  3PC7B                 43    0.323  44.867   0.000   0.001   0.146   0.853
B H  3PC7B                 44    0.134  24.430   0.000   0.000   0.980   0.020
B V  3PC7B                 45    0.053   8.125   0.000   0.000   0.996   0.004
B L  3PC7B                 46    0.048   8.711   0.000   0.001   0.971   0.029
B G  3PC7B                 47    0.037   2.902   0.000   0.000   0.824   0.175
B S  3PC7B                 48    0.220  25.800   0.000   0.005   0.150   0.845
E R  3PC7B                 49    0.519 118.952   0.000   0.130   0.014   0.856
E D  3PC7B                 50    0.797 114.885   0.000   0.155   0.003   0.843
E K  3PC7B                 51    0.614 126.312   0.000   0.319   0.004   0.677
E N  3PC7B                 52    0.341  49.851   0.000   0.006   0.010   0.984
E P  3PC7B                 53    0.654  92.748   0.000   0.015   0.002   0.984
E A  3PC7B                 54    0.681  75.101   0.000   0.031   0.005   0.964
B A  3PC7B                 55    0.142  15.596   0.000   0.019   0.044   0.937
E Q  3PC7B                 56    0.489  87.382   0.000   0.006   0.586   0.408
E Q  3PC7B                 57    0.295  52.622   0.000   0.001   0.939   0.060
B V  3PC7B                 58    0.041   6.284   0.000   0.001   0.855   0.144
E S  3PC7B                 59    0.252  29.507   0.000   0.001   0.032   0.967
B P  3PC7B                 60    0.127  18.070   0.000   0.451   0.009   0.540
E E  3PC7B                 61    0.595 103.909   0.000   0.946   0.001   0.053
B W  3PC7B                 62    0.126  30.352   0.000   0.992   0.001   0.008
B I  3PC7B                 63    0.012   2.230   0.000   0.999   0.000   0.001
B W  3PC7B                 64    0.209  50.367   0.000   0.999   0.000   0.001
B A  3PC7B                 65    0.241  26.532   0.000   0.999   0.000   0.001
B C  3PC7B                 66    0.018   2.464   0.000   0.998   0.000   0.002
B I  3PC7B                 67    0.167  30.878   0.000   0.996   0.000   0.004
E R  3PC7B                 68    0.695 159.136   0.000   0.989   0.000   0.011
E K  3PC7B                 69    0.552 113.548   0.000   0.560   0.000   0.440
E R  3PC7B                 70    0.622 142.396   0.000   0.008   0.000   0.992
E R  3PC7B                 71    0.558 127.846   0.000   0.002   0.035   0.963
E L  3PC7B                 72    0.270  49.476   0.000   0.003   0.225   0.772
E V  3PC7B                 73    0.281  43.173   0.000   0.001   0.097   0.902
E A  3PC7B                 74    0.626  68.977   0.000   0.000   0.008   0.991
E P  3PC7B                 75    0.495  70.182   0.000   0.051   0.004   0.944
E S  3PC7B                 76    0.925 108.428   0.000   0.008   0.000   0.992
