# For publication of results, please cite:
# ...
# ... Michael Schantz Klausen, Martin Closter Jespersen, Henrik Nielsen, Kamilla Kjærgaard Jensen, 
# ... Vanessa Isabell Jurtz, Casper Kaae Sønderby, Morten Otto Alexander Sommer, Ole Winther, 
# ... Morten Nielsen, Bent Petersen, and Paolo Marcatili. 
# ... NetSurfP-2.0: Improved prediction of protein structural features by integrated deep learning.
# ... Proteins: Structure, Function, and Bioinformatics (Feb. 2019).
# ... https://doi.org/10.1002/prot.25674
# ...
#
# Column 1: Class assignment - B for buried or E for Exposed - Threshold: 25% exposure, but not based on RSA
# Column 2: Amino acid
# Column 3: Sequence name
# Column 4: Amino acid number
# Column 5: Relative Surface Accessibility - RSA
# Column 6: Absolute Surface Accessibility
# Column 7: Not used
# Column 8: Probability for Alpha-Helix
# Column 9: Probability for Beta-strand
# Column 10: Probability for Coil
E M  2D2CN                  1    0.889 177.901   0.000   0.001   0.000   0.999
E A  2D2CN                  2    0.802  88.350   0.000   0.020   0.000   0.979
E N  2D2CN                  3    0.749 109.635   0.000   0.095   0.002   0.903
E V  2D2CN                  4    0.613  94.260   0.000   0.640   0.001   0.359
E Y  2D2CN                  5    0.613 131.093   0.000   0.672   0.002   0.326
E D  2D2CN                  6    0.528  76.149   0.000   0.815   0.001   0.183
E W  2D2CN                  7    0.428 102.955   0.000   0.907   0.000   0.093
E F  2D2CN                  8    0.436  87.487   0.000   0.880   0.000   0.119
E Q  2D2CN                  9    0.499  89.052   0.000   0.929   0.000   0.071
E E  2D2CN                 10    0.616 107.639   0.000   0.883   0.001   0.117
E R  2D2CN                 11    0.573 131.160   0.000   0.894   0.000   0.105
E L  2D2CN                 12    0.399  73.057   0.000   0.550   0.004   0.446
E E  2D2CN                 13    0.700 122.218   0.000   0.323   0.002   0.676
E I  2D2CN                 14    0.329  60.831   0.000   0.538   0.003   0.459
E Q  2D2CN                 15    0.525  93.785   0.000   0.876   0.003   0.121
E A  2D2CN                 16    0.457  50.307   0.000   0.928   0.001   0.070
E L  2D2CN                 17    0.411  75.300   0.000   0.924   0.001   0.075
E A  2D2CN                 18    0.258  28.477   0.000   0.920   0.001   0.079
E D  2D2CN                 19    0.535  77.022   0.000   0.923   0.001   0.077
E D  2D2CN                 20    0.603  86.849   0.000   0.931   0.000   0.068
B V  2D2CN                 21    0.244  37.514   0.000   0.932   0.000   0.068
B T  2D2CN                 22    0.217  30.031   0.000   0.926   0.001   0.073
E S  2D2CN                 23    0.578  67.717   0.000   0.882   0.002   0.116
E K  2D2CN                 24    0.620 127.493   0.000   0.773   0.005   0.222
E Y  2D2CN                 25    0.438  93.691   0.000   0.503   0.044   0.453
B V  2D2CN                 26    0.140  21.544   0.000   0.001   0.042   0.956
B P  2D2CN                 27    0.240  34.018   0.000   0.001   0.004   0.995
E P  2D2CN                 28    0.664  94.221   0.000   0.008   0.003   0.990
E H  2D2CN                 29    0.775 140.899   0.000   0.009   0.002   0.988
B V  2D2CN                 30    0.192  29.554   0.000   0.019   0.043   0.938
E N  2D2CN                 31    0.444  64.970   0.000   0.006   0.007   0.987
E I  2D2CN                 32    0.399  73.804   0.000   0.892   0.001   0.107
E F  2D2CN                 33    0.425  85.251   0.000   0.956   0.000   0.044
E Y  2D2CN                 34    0.346  73.892   0.000   0.958   0.001   0.042
B C  2D2CN                 35    0.134  18.760   0.000   0.956   0.001   0.043
B L  2D2CN                 36    0.203  37.154   0.000   0.985   0.000   0.015
B G  2D2CN                 37    0.102   8.052   0.000   0.991   0.000   0.009
B G  2D2CN                 38    0.203  15.958   0.000   0.997   0.000   0.003
B I  2D2CN                 39    0.212  39.193   0.000   0.998   0.000   0.002
B T  2D2CN                 40    0.110  15.194   0.000   0.999   0.000   0.001
E L  2D2CN                 41    0.327  59.809   0.000   0.999   0.000   0.001
E T  2D2CN                 42    0.397  55.073   0.000   0.999   0.000   0.001
B C  2D2CN                 43    0.075  10.486   0.000   0.999   0.000   0.001
B F  2D2CN                 44    0.229  45.967   0.000   0.999   0.000   0.001
E L  2D2CN                 45    0.465  85.174   0.000   0.999   0.000   0.001
E I  2D2CN                 46    0.302  55.903   0.000   1.000   0.000   0.000
B Q  2D2CN                 47    0.029   5.224   0.000   1.000   0.000   0.000
E F  2D2CN                 48    0.379  76.068   0.000   1.000   0.000   0.000
E A  2D2CN                 49    0.545  60.034   0.000   0.999   0.000   0.001
B T  2D2CN                 50    0.076  10.599   0.000   0.998   0.000   0.002
B G  2D2CN                 51    0.043   3.402   0.000   0.999   0.000   0.001
E F  2D2CN                 52    0.485  97.344   0.000   0.998   0.000   0.002
E A  2D2CN                 53    0.390  42.940   0.000   0.998   0.000   0.002
B M  2D2CN                 54    0.072  14.412   0.000   0.993   0.000   0.007
B T  2D2CN                 55    0.185  25.614   0.000   0.948   0.000   0.052
E F  2D2CN                 56    0.636 127.583   0.000   0.676   0.001   0.324
E Y  2D2CN                 57    0.623 133.140   0.000   0.473   0.000   0.527
E Y  2D2CN                 58    0.255  54.444   0.000   0.043   0.028   0.930
E K  2D2CN                 59    0.673 138.387   0.000   0.001   0.018   0.981
B P  2D2CN                 60    0.159  22.540   0.000   0.001   0.017   0.983
E T  2D2CN                 61    0.408  56.558   0.000   0.001   0.011   0.987
E V  2D2CN                 62    0.577  88.686   0.000   0.724   0.001   0.275
E T  2D2CN                 63    0.753 104.420   0.000   0.726   0.000   0.273
E E  2D2CN                 64    0.355  61.943   0.000   0.792   0.003   0.205
B A  2D2CN                 65    0.053   5.814   0.000   0.953   0.002   0.046
E Y  2D2CN                 66    0.432  92.253   0.000   0.959   0.001   0.040
E A  2D2CN                 67    0.341  37.630   0.000   0.979   0.000   0.020
B S  2D2CN                 68    0.050   5.906   0.000   0.987   0.000   0.013
B V  2D2CN                 69    0.104  15.925   0.000   0.992   0.000   0.008
E Q  2D2CN                 70    0.481  85.859   0.000   0.995   0.000   0.005
E Y  2D2CN                 71    0.376  80.319   0.000   0.990   0.000   0.010
B I  2D2CN                 72    0.077  14.244   0.000   0.987   0.000   0.013
E M  2D2CN                 73    0.269  53.775   0.000   0.930   0.001   0.069
E N  2D2CN                 74    0.686 100.374   0.000   0.760   0.000   0.239
E E  2D2CN                 75    0.550  96.104   0.000   0.719   0.001   0.280
B V  2D2CN                 76    0.141  21.738   0.000   0.047   0.012   0.941
E S  2D2CN                 77    0.676  79.199   0.000   0.111   0.017   0.872
E F  2D2CN                 78    0.423  84.862   0.000   0.606   0.001   0.392
B G  2D2CN                 79    0.130  10.197   0.000   0.898   0.001   0.101
E W  2D2CN                 80    0.437 105.008   0.000   0.978   0.000   0.022
E L  2D2CN                 81    0.269  49.199   0.000   0.992   0.000   0.008
B I  2D2CN                 82    0.176  32.570   0.000   0.994   0.000   0.006
E R  2D2CN                 83    0.256  58.618   0.000   0.997   0.000   0.003
E S  2D2CN                 84    0.255  29.829   0.000   0.996   0.000   0.004
B I  2D2CN                 85    0.161  29.877   0.000   0.996   0.000   0.004
B H  2D2CN                 86    0.099  17.980   0.000   0.995   0.000   0.005
E R  2D2CN                 87    0.310  70.940   0.000   0.997   0.000   0.003
E W  2D2CN                 88    0.317  76.358   0.000   0.992   0.000   0.008
B S  2D2CN                 89    0.051   6.028   0.000   0.994   0.000   0.006
B A  2D2CN                 90    0.061   6.668   0.000   0.997   0.000   0.003
B S  2D2CN                 91    0.211  24.722   0.000   0.996   0.000   0.004
B M  2D2CN                 92    0.199  39.756   0.000   0.997   0.000   0.003
B M  2D2CN                 93    0.099  19.799   0.000   0.999   0.000   0.001
B V  2D2CN                 94    0.201  30.912   0.000   1.000   0.000   0.000
E L  2D2CN                 95    0.372  68.104   0.000   0.999   0.000   0.000
B M  2D2CN                 96    0.098  19.551   0.000   0.999   0.000   0.001
B M  2D2CN                 97    0.090  17.961   0.000   0.999   0.000   0.001
E I  2D2CN                 98    0.387  71.628   0.000   0.999   0.000   0.001
E L  2D2CN                 99    0.348  63.737   0.000   0.997   0.000   0.003
B H  2D2CN                100    0.055  10.055   0.000   0.997   0.000   0.003
B V  2D2CN                101    0.138  21.237   0.000   0.997   0.000   0.003
E F  2D2CN                102    0.524 105.169   0.000   0.993   0.000   0.007
B R  2D2CN                103    0.242  55.431   0.000   0.991   0.000   0.009
B V  2D2CN                104    0.057   8.710   0.000   0.993   0.000   0.007
E Y  2D2CN                105    0.406  86.694   0.000   0.979   0.000   0.021
E L  2D2CN                106    0.514  94.134   0.000   0.912   0.000   0.088
E T  2D2CN                107    0.337  46.704   0.000   0.591   0.001   0.408
E G  2D2CN                108    0.355  27.918   0.000   0.069   0.001   0.930
B G  2D2CN                109    0.180  14.156   0.000   0.178   0.015   0.807
E F  2D2CN                110    0.288  57.897   0.000   0.111   0.044   0.844
E K  2D2CN                111    0.548 112.823   0.000   0.065   0.017   0.919
E K  2D2CN                112    0.590 121.306   0.000   0.012   0.003   0.984
E P  2D2CN                113    0.356  50.450   0.000   0.615   0.006   0.379
E R  2D2CN                114    0.405  92.839   0.000   0.896   0.002   0.102
E E  2D2CN                115    0.515  89.974   0.000   0.982   0.000   0.018
E L  2D2CN                116    0.290  53.137   0.000   0.981   0.001   0.018
B T  2D2CN                117    0.077  10.638   0.000   0.987   0.000   0.013
E W  2D2CN                118    0.274  65.901   0.000   0.996   0.000   0.004
E I  2D2CN                119    0.455  84.144   0.000   0.998   0.000   0.002
B S  2D2CN                120    0.157  18.352   0.000   0.998   0.000   0.002
B G  2D2CN                121    0.015   1.192   0.000   0.999   0.000   0.001
E V  2D2CN                122    0.337  51.738   0.000   1.000   0.000   0.000
E I  2D2CN                123    0.448  82.817   0.000   1.000   0.000   0.000
B L  2D2CN                124    0.083  15.144   0.000   1.000   0.000   0.000
B A  2D2CN                125    0.094  10.379   0.000   1.000   0.000   0.000
E V  2D2CN                126    0.454  69.853   0.000   1.000   0.000   0.000
E I  2D2CN                127    0.307  56.721   0.000   1.000   0.000   0.000
B T  2D2CN                128    0.026   3.653   0.000   0.999   0.000   0.001
B V  2D2CN                129    0.140  21.523   0.000   0.998   0.000   0.002
E S  2D2CN                130    0.336  39.358   0.000   0.995   0.000   0.005
B F  2D2CN                131    0.157  31.542   0.000   0.991   0.000   0.009
B G  2D2CN                132    0.026   2.044   0.000   0.996   0.000   0.004
E V  2D2CN                133    0.291  44.670   0.000   0.972   0.000   0.028
B T  2D2CN                134    0.213  29.524   0.000   0.842   0.001   0.157
B G  2D2CN                135    0.072   5.674   0.000   0.533   0.001   0.465
B Y  2D2CN                136    0.225  48.170   0.000   0.274   0.021   0.705
B S  2D2CN                137    0.175  20.520   0.000   0.285   0.042   0.673
B L  2D2CN                138    0.124  22.683   0.000   0.189   0.042   0.769
B P  2D2CN                139    0.202  28.593   0.000   0.378   0.040   0.582
B W  2D2CN                140    0.247  59.343   0.000   0.735   0.011   0.255
B D  2D2CN                141    0.135  19.475   0.000   0.734   0.006   0.260
B Q  2D2CN                142    0.134  23.987   0.000   0.917   0.004   0.079
B V  2D2CN                143    0.217  33.333   0.000   0.937   0.004   0.059
B G  2D2CN                144    0.040   3.171   0.000   0.972   0.002   0.027
B Y  2D2CN                145    0.108  23.121   0.000   0.990   0.001   0.009
B W  2D2CN                146    0.194  46.558   0.000   0.987   0.001   0.012
B A  2D2CN                147    0.138  15.162   0.000   0.990   0.000   0.010
B V  2D2CN                148    0.101  15.519   0.000   0.996   0.000   0.004
B K  2D2CN                149    0.196  40.307   0.000   0.993   0.001   0.005
B I  2D2CN                150    0.224  41.458   0.000   0.995   0.000   0.004
E V  2D2CN                151    0.393  60.480   0.000   0.964   0.001   0.035
B S  2D2CN                152    0.195  22.811   0.000   0.810   0.001   0.189
B G  2D2CN                153    0.246  19.331   0.000   0.272   0.001   0.727
B V  2D2CN                154    0.203  31.138   0.000   0.712   0.000   0.288
E P  2D2CN                155    0.317  44.989   0.000   0.838   0.000   0.162
E E  2D2CN                156    0.549  95.916   0.000   0.819   0.001   0.181
B A  2D2CN                157    0.171  18.869   0.000   0.751   0.001   0.248
B I  2D2CN                158    0.199  36.759   0.000   0.328   0.013   0.659
E P  2D2CN                159    0.472  66.942   0.000   0.665   0.004   0.331
E V  2D2CN                160    0.585  89.913   0.000   0.646   0.018   0.336
E V  2D2CN                161    0.317  48.777   0.000   0.674   0.014   0.312
B G  2D2CN                162    0.114   8.938   0.000   0.668   0.010   0.322
E V  2D2CN                163    0.407  62.584   0.000   0.977   0.001   0.022
E L  2D2CN                164    0.403  73.760   0.000   0.984   0.001   0.015
E I  2D2CN                165    0.261  48.249   0.000   0.991   0.000   0.009
B S  2D2CN                166    0.118  13.885   0.000   0.994   0.000   0.005
E D  2D2CN                167    0.363  52.360   0.000   0.987   0.000   0.012
E L  2D2CN                168    0.486  88.977   0.000   0.981   0.000   0.018
E L  2D2CN                169    0.398  72.916   0.000   0.935   0.001   0.065
E R  2D2CN                170    0.413  94.676   0.000   0.560   0.004   0.436
E G  2D2CN                171    0.495  38.943   0.000   0.131   0.004   0.865
E G  2D2CN                172    0.357  28.085   0.000   0.160   0.010   0.830
E S  2D2CN                173    0.674  79.027   0.000   0.189   0.016   0.795
E S  2D2CN                174    0.466  54.591   0.000   0.178   0.041   0.782
B V  2D2CN                175    0.138  21.221   0.000   0.152   0.067   0.780
B G  2D2CN                176    0.239  18.781   0.000   0.149   0.012   0.839
E Q  2D2CN                177    0.599 106.937   0.000   0.968   0.000   0.032
E A  2D2CN                178    0.502  55.279   0.000   0.986   0.000   0.013
B T  2D2CN                179    0.169  23.481   0.000   0.990   0.000   0.009
B L  2D2CN                180    0.103  18.830   0.000   0.996   0.000   0.004
E T  2D2CN                181    0.331  45.870   0.000   0.997   0.000   0.003
E R  2D2CN                182    0.437 100.148   0.000   0.998   0.000   0.002
B Y  2D2CN                183    0.195  41.660   0.000   0.998   0.000   0.002
B Y  2D2CN                184    0.119  25.479   0.000   0.996   0.000   0.004
E S  2D2CN                185    0.333  39.080   0.000   0.998   0.000   0.002
E A  2D2CN                186    0.401  44.136   0.000   0.996   0.000   0.004
B H  2D2CN                187    0.074  13.453   0.000   0.998   0.000   0.002
B T  2D2CN                188    0.145  20.089   0.000   0.991   0.000   0.009
E F  2D2CN                189    0.573 114.963   0.000   0.972   0.000   0.028
E V  2D2CN                190    0.419  64.337   0.000   0.957   0.000   0.043
B L  2D2CN                191    0.131  23.950   0.000   0.995   0.000   0.005
B P  2D2CN                192    0.186  26.332   0.000   0.998   0.000   0.002
E W  2D2CN                193    0.570 137.076   0.000   0.998   0.000   0.002
E L  2D2CN                194    0.379  69.312   0.000   0.999   0.000   0.001
B I  2D2CN                195    0.095  17.548   0.000   0.999   0.000   0.001
E A  2D2CN                196    0.280  30.880   0.000   0.999   0.000   0.001
E V  2D2CN                197    0.526  80.783   0.000   0.999   0.000   0.001
E F  2D2CN                198    0.297  59.675   0.000   0.998   0.000   0.002
B M  2D2CN                199    0.075  15.002   0.000   0.998   0.000   0.002
E L  2D2CN                200    0.470  86.104   0.000   0.998   0.000   0.002
E L  2D2CN                201    0.522  95.614   0.000   0.997   0.000   0.003
B H  2D2CN                202    0.085  15.479   0.000   0.996   0.000   0.004
E F  2D2CN                203    0.259  51.907   0.000   0.994   0.000   0.006
E L  2D2CN                204    0.573 104.928   0.000   0.981   0.000   0.019
E M  2D2CN                205    0.315  62.946   0.000   0.958   0.000   0.042
B I  2D2CN                206    0.164  30.388   0.000   0.949   0.001   0.050
E R  2D2CN                207    0.545 124.831   0.000   0.885   0.002   0.113
E K  2D2CN                208    0.675 138.759   0.000   0.771   0.002   0.227
E Q  2D2CN                209    0.599 106.946   0.000   0.547   0.001   0.451
E G  2D2CN                210    0.520  40.923   0.000   0.035   0.002   0.963
E I  2D2CN                211    0.345  63.760   0.000   0.011   0.013   0.976
E S  2D2CN                212    0.535  62.672   0.000   0.008   0.011   0.982
B G  2D2CN                213    0.236  18.560   0.000   0.013   0.023   0.964
E P  2D2CN                214    0.511  72.560   0.000   0.012   0.024   0.964
E L  2D2CN                215    0.667 122.146   0.000   0.001   0.000   0.999
