# For publication of results, please cite:
# ...
# ... Michael Schantz Klausen, Martin Closter Jespersen, Henrik Nielsen, Kamilla Kjærgaard Jensen, 
# ... Vanessa Isabell Jurtz, Casper Kaae Sønderby, Morten Otto Alexander Sommer, Ole Winther, 
# ... Morten Nielsen, Bent Petersen, and Paolo Marcatili. 
# ... NetSurfP-2.0: Improved prediction of protein structural features by integrated deep learning.
# ... Proteins: Structure, Function, and Bioinformatics (Feb. 2019).
# ... https://doi.org/10.1002/prot.25674
# ...
#
# Column 1: Class assignment - B for buried or E for Exposed - Threshold: 25% exposure, but not based on RSA
# Column 2: Amino acid
# Column 3: Sequence name
# Column 4: Amino acid number
# Column 5: Relative Surface Accessibility - RSA
# Column 6: Absolute Surface Accessibility
# Column 7: Not used
# Column 8: Probability for Alpha-Helix
# Column 9: Probability for Beta-strand
# Column 10: Probability for Coil
E M  4A5ZB                  1    0.870 174.179   0.000   0.000   0.000   1.000
E A  4A5ZB                  2    0.829  91.410   0.000   0.002   0.000   0.997
E H  4A5ZB                  3    0.772 140.353   0.000   0.005   0.002   0.994
E H  4A5ZB                  4    0.728 132.421   0.000   0.008   0.003   0.989
E H  4A5ZB                  5    0.696 126.532   0.000   0.013   0.007   0.980
E H  4A5ZB                  6    0.688 125.123   0.000   0.016   0.010   0.974
E H  4A5ZB                  7    0.660 120.143   0.000   0.021   0.019   0.960
E H  4A5ZB                  8    0.680 123.679   0.000   0.024   0.039   0.937
E M  4A5ZB                  9    0.530 106.038   0.000   0.040   0.061   0.898
E D  4A5ZB                 10    0.596  85.923   0.000   0.071   0.186   0.743
E Q  4A5ZB                 11    0.506  90.442   0.000   0.046   0.483   0.471
B I  4A5ZB                 12    0.146  26.986   0.000   0.006   0.780   0.213
E K  4A5ZB                 13    0.391  80.409   0.000   0.005   0.911   0.084
B I  4A5ZB                 14    0.114  21.128   0.000   0.006   0.935   0.059
E E  4A5ZB                 15    0.359  62.665   0.000   0.021   0.814   0.165
E E  4A5ZB                 16    0.439  76.679   0.000   0.102   0.546   0.352
E N  4A5ZB                 17    0.544  79.584   0.000   0.140   0.236   0.624
E A  4A5ZB                 18    0.371  40.831   0.000   0.202   0.119   0.679
E T  4A5ZB                 19    0.435  60.310   0.000   0.160   0.147   0.693
E G  4A5ZB                 20    0.564  44.367   0.000   0.006   0.047   0.947
E F  4A5ZB                 21    0.301  60.339   0.000   0.013   0.174   0.812
E S  4A5ZB                 22    0.352  41.244   0.000   0.022   0.103   0.875
B Y  4A5ZB                 23    0.126  27.019   0.000   0.917   0.003   0.080
E E  4A5ZB                 24    0.519  90.742   0.000   0.938   0.002   0.060
E S  4A5ZB                 25    0.394  46.227   0.000   0.926   0.001   0.073
B L  4A5ZB                 26    0.103  18.845   0.000   0.878   0.003   0.119
B F  4A5ZB                 27    0.022   4.476   0.000   0.584   0.003   0.413
E R  4A5ZB                 28    0.529 121.122   0.000   0.844   0.002   0.154
E E  4A5ZB                 29    0.706 123.368   0.000   0.780   0.002   0.218
B Y  4A5ZB                 30    0.188  40.167   0.000   0.777   0.001   0.221
B L  4A5ZB                 31    0.049   9.020   0.000   0.049   0.114   0.836
E N  4A5ZB                 32    0.375  54.961   0.000   0.035   0.026   0.939
E E  4A5ZB                 33    0.829 144.770   0.000   0.044   0.004   0.952
E T  4A5ZB                 34    0.546  75.691   0.000   0.018   0.003   0.979
B V  4A5ZB                 35    0.036   5.580   0.000   0.000   0.151   0.849
E T  4A5ZB                 36    0.450  62.396   0.000   0.000   0.108   0.892
E E  4A5ZB                 37    0.350  61.129   0.000   0.000   0.986   0.014
B V  4A5ZB                 38    0.035   5.304   0.000   0.000   0.996   0.004
B W  4A5ZB                 39    0.212  50.926   0.000   0.000   0.993   0.006
B I  4A5ZB                 40    0.022   3.998   0.000   0.000   0.974   0.026
E E  4A5ZB                 41    0.275  48.043   0.000   0.000   0.893   0.107
B D  4A5ZB                 42    0.092  13.293   0.000   0.000   0.180   0.820
B P  4A5ZB                 43    0.174  24.761   0.000   0.033   0.041   0.926
E Y  4A5ZB                 44    0.294  62.914   0.000   0.021   0.050   0.929
B I  4A5ZB                 45    0.059  10.879   0.000   0.019   0.035   0.946
E R  4A5ZB                 46    0.440 100.837   0.000   0.016   0.003   0.981
E H  4A5ZB                 47    0.407  74.082   0.000   0.036   0.005   0.959
E T  4A5ZB                 48    0.414  57.439   0.000   0.949   0.001   0.050
E H  4A5ZB                 49    0.307  55.767   0.000   0.969   0.001   0.030
B Q  4A5ZB                 50    0.054   9.645   0.000   0.995   0.000   0.004
B L  4A5ZB                 51    0.061  11.111   0.000   0.996   0.001   0.003
E Y  4A5ZB                 52    0.380  81.306   0.000   0.998   0.000   0.002
B N  4A5ZB                 53    0.069  10.156   0.000   0.998   0.000   0.002
B F  4A5ZB                 54    0.025   5.000   0.000   0.999   0.000   0.001
B L  4A5ZB                 55    0.166  30.304   0.000   1.000   0.000   0.000
E R  4A5ZB                 56    0.335  76.687   0.000   1.000   0.000   0.000
B F  4A5ZB                 57    0.012   2.378   0.000   1.000   0.000   0.000
B C  4A5ZB                 58    0.014   1.986   0.000   1.000   0.000   0.000
E E  4A5ZB                 59    0.374  65.304   0.000   0.999   0.000   0.001
B M  4A5ZB                 60    0.121  24.168   0.000   0.996   0.000   0.004
B L  4A5ZB                 61    0.025   4.514   0.000   0.981   0.000   0.019
B I  4A5ZB                 62    0.188  34.766   0.000   0.860   0.003   0.137
E K  4A5ZB                 63    0.638 131.282   0.000   0.663   0.001   0.336
E R  4A5ZB                 64    0.411  94.123   0.000   0.013   0.001   0.986
E P  4A5ZB                 65    0.570  80.842   0.000   0.052   0.007   0.940
E C  4A5ZB                 66    0.257  36.065   0.000   0.091   0.042   0.867
E K  4A5ZB                 67    0.571 117.391   0.000   0.065   0.096   0.839
B V  4A5ZB                 68    0.090  13.774   0.000   0.003   0.436   0.560
E K  4A5ZB                 69    0.484  99.496   0.000   0.001   0.388   0.611
B T  4A5ZB                 70    0.198  27.447   0.000   0.000   0.981   0.019
B I  4A5ZB                 71    0.025   4.621   0.000   0.000   0.993   0.007
B H  4A5ZB                 72    0.172  31.298   0.000   0.000   0.995   0.004
B L  4A5ZB                 73    0.017   3.191   0.000   0.000   0.989   0.010
B L  4A5ZB                 74    0.091  16.739   0.000   0.000   0.972   0.028
B T  4A5ZB                 75    0.049   6.817   0.000   0.001   0.658   0.341
E S  4A5ZB                 76    0.269  31.509   0.000   0.005   0.216   0.779
E L  4A5ZB                 77    0.381  69.811   0.000   0.019   0.046   0.935
E D  4A5ZB                 78    0.523  75.425   0.000   0.023   0.023   0.954
E E  4A5ZB                 79    0.832 145.381   0.000   0.049   0.003   0.948
E G  4A5ZB                 80    0.791  62.283   0.000   0.082   0.002   0.916
E I  4A5ZB                 81    0.377  69.771   0.000   0.138   0.013   0.848
E E  4A5ZB                 82    0.607 106.026   0.000   0.166   0.003   0.831
E Q  4A5ZB                 83    0.570 101.796   0.000   0.886   0.001   0.113
E V  4A5ZB                 84    0.625  96.076   0.000   0.921   0.002   0.077
E Q  4A5ZB                 85    0.508  90.806   0.000   0.943   0.001   0.056
B Q  4A5ZB                 86    0.112  19.967   0.000   0.978   0.000   0.022
E S  4A5ZB                 87    0.367  43.016   0.000   0.986   0.001   0.014
E R  4A5ZB                 88    0.595 136.340   0.000   0.984   0.000   0.015
B G  4A5ZB                 89    0.109   8.618   0.000   0.980   0.000   0.019
B L  4A5ZB                 90    0.072  13.196   0.000   0.993   0.000   0.007
E Q  4A5ZB                 91    0.526  93.952   0.000   0.999   0.000   0.001
E E  4A5ZB                 92    0.493  86.214   0.000   0.998   0.000   0.002
B I  4A5ZB                 93    0.025   4.615   0.000   0.998   0.000   0.002
E E  4A5ZB                 94    0.346  60.513   0.000   0.999   0.000   0.001
E E  4A5ZB                 95    0.608 106.135   0.000   0.998   0.000   0.002
B S  4A5ZB                 96    0.218  25.533   0.000   0.996   0.000   0.004
B L  4A5ZB                 97    0.020   3.625   0.000   0.993   0.000   0.007
E R  4A5ZB                 98    0.635 145.316   0.000   0.986   0.000   0.014
E S  4A5ZB                 99    0.740  86.719   0.000   0.855   0.000   0.145
E H  4A5ZB                100    0.381  69.250   0.000   0.188   0.000   0.812
E G  4A5ZB                101    0.612  48.154   0.000   0.001   0.001   0.998
B V  4A5ZB                102    0.054   8.371   0.000   0.000   0.243   0.757
E L  4A5ZB                103    0.507  92.804   0.000   0.000   0.719   0.281
B L  4A5ZB                104    0.162  29.637   0.000   0.000   0.730   0.270
E E  4A5ZB                105    0.580 101.303   0.000   0.000   0.966   0.033
B V  4A5ZB                106    0.210  32.348   0.000   0.000   0.986   0.014
E Q  4A5ZB                107    0.537  95.987   0.000   0.000   0.983   0.017
E Y  4A5ZB                108    0.390  83.335   0.000   0.000   0.917   0.083
B S  4A5ZB                109    0.235  27.508   0.000   0.002   0.196   0.802
E S  4A5ZB                110    0.863 101.153   0.000   0.007   0.005   0.988
E S  4A5ZB                111    0.606  71.055   0.000   0.007   0.007   0.987
E I  4A5ZB                112    0.278  51.507   0.000   0.015   0.061   0.924
E H  4A5ZB                113    0.437  79.452   0.000   0.008   0.105   0.888
E D  4A5ZB                114    0.333  47.973   0.000   0.019   0.115   0.866
E R  4A5ZB                115    0.308  70.450   0.000   0.003   0.227   0.770
E E  4A5ZB                116    0.321  56.103   0.000   0.002   0.917   0.081
B I  4A5ZB                117    0.041   7.626   0.000   0.000   0.993   0.006
E R  4A5ZB                118    0.406  92.909   0.000   0.000   0.988   0.011
B F  4A5ZB                119    0.066  13.228   0.000   0.002   0.777   0.221
E N  4A5ZB                120    0.484  70.904   0.000   0.012   0.028   0.960
E N  4A5ZB                121    0.304  44.577   0.000   0.015   0.003   0.982
B G  4A5ZB                122    0.207  16.320   0.000   0.007   0.057   0.936
B W  4A5ZB                123    0.075  17.971   0.000   0.002   0.303   0.695
B M  4A5ZB                124    0.193  38.576   0.000   0.000   0.994   0.006
B I  4A5ZB                125    0.016   3.020   0.000   0.000   0.998   0.002
E K  4A5ZB                126    0.318  65.381   0.000   0.000   0.985   0.015
B I  4A5ZB                127    0.076  14.138   0.000   0.003   0.844   0.152
E G  4A5ZB                128    0.261  20.569   0.000   0.024   0.252   0.724
E R  4A5ZB                129    0.406  93.083   0.000   0.083   0.098   0.819
B G  4A5ZB                130    0.234  18.400   0.000   0.109   0.124   0.767
B L  4A5ZB                131    0.102  18.593   0.000   0.126   0.278   0.596
E D  4A5ZB                132    0.285  41.009   0.000   0.178   0.284   0.538
B Y  4A5ZB                133    0.211  45.096   0.000   0.122   0.438   0.439
B F  4A5ZB                134    0.184  36.837   0.000   0.072   0.578   0.349
E K  4A5ZB                135    0.415  85.265   0.000   0.017   0.370   0.614
E K  4A5ZB                136    0.509 104.712   0.000   0.003   0.042   0.955
E P  4A5ZB                137    0.409  58.098   0.000   0.038   0.015   0.947
E Q  4A5ZB                138    0.826 147.515   0.000   0.031   0.017   0.952
E S  4A5ZB                139    0.542  63.486   0.000   0.062   0.021   0.917
E R  4A5ZB                140    0.664 151.991   0.000   0.078   0.021   0.901
E F  4A5ZB                141    0.522 104.752   0.000   0.045   0.039   0.916
E S  4A5ZB                142    0.315  36.972   0.000   0.044   0.068   0.887
E L  4A5ZB                143    0.392  71.766   0.000   0.259   0.031   0.710
E G  4A5ZB                144    0.391  30.778   0.000   0.259   0.045   0.696
E Y  4A5ZB                145    0.583 124.690   0.000   0.258   0.049   0.693
E C  4A5ZB                146    0.319  44.729   0.000   0.113   0.052   0.835
E D  4A5ZB                147    0.404  58.203   0.000   0.062   0.058   0.880
E F  4A5ZB                148    0.295  59.147   0.000   0.282   0.011   0.707
E D  4A5ZB                149    0.653  94.067   0.000   0.387   0.014   0.599
E L  4A5ZB                150    0.330  60.366   0.000   0.496   0.035   0.469
B R  4A5ZB                151    0.202  46.273   0.000   0.012   0.163   0.825
E P  4A5ZB                152    0.380  53.968   0.000   0.008   0.226   0.766
B C  4A5ZB                153    0.103  14.455   0.000   0.018   0.510   0.472
E H  4A5ZB                154    0.435  79.187   0.000   0.018   0.579   0.403
E E  4A5ZB                155    0.495  86.457   0.000   0.033   0.793   0.174
B T  4A5ZB                156    0.077  10.678   0.000   0.001   0.949   0.051
E T  4A5ZB                157    0.295  40.890   0.000   0.000   0.992   0.008
B V  4A5ZB                158    0.040   6.155   0.000   0.000   0.995   0.005
E D  4A5ZB                159    0.273  39.359   0.000   0.000   0.989   0.011
B I  4A5ZB                160    0.067  12.315   0.000   0.000   0.984   0.015
B F  4A5ZB                161    0.238  47.733   0.000   0.002   0.924   0.074
E H  4A5ZB                162    0.414  75.386   0.000   0.002   0.635   0.363
E D  4A5ZB                163    0.810 116.663   0.000   0.000   0.001   0.999
