# For publication of results, please cite:
# ...
# ... Michael Schantz Klausen, Martin Closter Jespersen, Henrik Nielsen, Kamilla Kjærgaard Jensen, 
# ... Vanessa Isabell Jurtz, Casper Kaae Sønderby, Morten Otto Alexander Sommer, Ole Winther, 
# ... Morten Nielsen, Bent Petersen, and Paolo Marcatili. 
# ... NetSurfP-2.0: Improved prediction of protein structural features by integrated deep learning.
# ... Proteins: Structure, Function, and Bioinformatics (Feb. 2019).
# ... https://doi.org/10.1002/prot.25674
# ...
#
# Column 1: Class assignment - B for buried or E for Exposed - Threshold: 25% exposure, but not based on RSA
# Column 2: Amino acid
# Column 3: Sequence name
# Column 4: Amino acid number
# Column 5: Relative Surface Accessibility - RSA
# Column 6: Absolute Surface Accessibility
# Column 7: Not used
# Column 8: Probability for Alpha-Helix
# Column 9: Probability for Beta-strand
# Column 10: Probability for Coil
E M  3ZUXA                  1    0.863 172.701   0.000   0.000   0.000   1.000
E V  3ZUXA                  2    0.785 120.590   0.000   0.017   0.000   0.983
E A  3ZUXA                  3    0.710  78.241   0.000   0.027   0.001   0.972
E A  3ZUXA                  4    0.716  78.867   0.000   0.049   0.000   0.950
E S  3ZUXA                  5    0.766  89.815   0.000   0.049   0.001   0.951
E M  3ZUXA                  6    0.579 115.923   0.000   0.051   0.005   0.944
E N  3ZUXA                  7    0.679  99.467   0.000   0.067   0.005   0.928
E I  3ZUXA                  8    0.471  87.084   0.000   0.541   0.001   0.458
E L  3ZUXA                  9    0.538  98.427   0.000   0.600   0.001   0.399
E S  3ZUXA                 10    0.511  59.846   0.000   0.632   0.002   0.367
E K  3ZUXA                 11    0.535 110.034   0.000   0.698   0.001   0.301
E I  3ZUXA                 12    0.416  76.899   0.000   0.728   0.002   0.270
E S  3ZUXA                 13    0.446  52.325   0.000   0.701   0.001   0.298
E S  3ZUXA                 14    0.493  57.731   0.000   0.747   0.001   0.252
E F  3ZUXA                 15    0.433  86.869   0.000   0.831   0.001   0.168
E I  3ZUXA                 16    0.256  47.306   0.000   0.882   0.001   0.116
E G  3ZUXA                 17    0.331  26.011   0.000   0.809   0.001   0.190
E K  3ZUXA                 18    0.652 134.032   0.000   0.746   0.001   0.253
E T  3ZUXA                 19    0.318  44.063   0.000   0.554   0.008   0.439
B F  3ZUXA                 20    0.178  35.798   0.000   0.837   0.003   0.161
E S  3ZUXA                 21    0.373  43.661   0.000   0.942   0.000   0.058
E L  3ZUXA                 22    0.479  87.795   0.000   0.967   0.001   0.033
B W  3ZUXA                 23    0.178  42.703   0.000   0.982   0.000   0.017
B A  3ZUXA                 24    0.092  10.189   0.000   0.998   0.000   0.002
E A  3ZUXA                 25    0.408  44.908   0.000   0.999   0.000   0.001
E L  3ZUXA                 26    0.380  69.521   0.000   0.998   0.000   0.002
B F  3ZUXA                 27    0.056  11.186   0.000   0.998   0.000   0.002
B A  3ZUXA                 28    0.177  19.450   0.000   0.998   0.000   0.002
E A  3ZUXA                 29    0.474  52.219   0.000   0.996   0.000   0.004
B A  3ZUXA                 30    0.171  18.842   0.000   0.992   0.000   0.008
B A  3ZUXA                 31    0.033   3.654   0.000   0.988   0.000   0.012
E F  3ZUXA                 32    0.489  98.241   0.000   0.918   0.000   0.081
E F  3ZUXA                 33    0.629 126.285   0.000   0.805   0.000   0.194
B A  3ZUXA                 34    0.222  24.420   0.000   0.040   0.000   0.959
E P  3ZUXA                 35    0.436  61.860   0.000   0.566   0.000   0.433
E D  3ZUXA                 36    0.701 100.999   0.000   0.730   0.001   0.269
E T  3ZUXA                 37    0.365  50.619   0.000   0.782   0.001   0.217
E F  3ZUXA                 38    0.262  52.534   0.000   0.803   0.001   0.196
E K  3ZUXA                 39    0.615 126.552   0.000   0.891   0.001   0.108
E W  3ZUXA                 40    0.662 159.152   0.000   0.748   0.002   0.250
E A  3ZUXA                 41    0.262  28.888   0.000   0.706   0.001   0.293
E G  3ZUXA                 42    0.294  23.143   0.000   0.647   0.002   0.351
E P  3ZUXA                 43    0.645  91.522   0.000   0.557   0.001   0.442
E Y  3ZUXA                 44    0.462  98.741   0.000   0.652   0.002   0.346
B I  3ZUXA                 45    0.092  17.001   0.000   0.973   0.000   0.027
B P  3ZUXA                 46    0.166  23.509   0.000   0.986   0.000   0.014
E W  3ZUXA                 47    0.429 103.180   0.000   0.987   0.000   0.013
B L  3ZUXA                 48    0.204  37.423   0.000   0.992   0.000   0.008
B L  3ZUXA                 49    0.057  10.355   0.000   0.997   0.000   0.003
B G  3ZUXA                 50    0.062   4.844   0.000   0.999   0.000   0.001
E I  3ZUXA                 51    0.292  54.064   0.000   0.999   0.000   0.001
B I  3ZUXA                 52    0.097  18.020   0.000   0.999   0.000   0.001
B M  3ZUXA                 53    0.020   4.016   0.000   0.997   0.000   0.003
B F  3ZUXA                 54    0.207  41.478   0.000   0.994   0.000   0.006
B G  3ZUXA                 55    0.185  14.586   0.000   0.986   0.000   0.014
B M  3ZUXA                 56    0.072  14.436   0.000   0.965   0.000   0.035
B G  3ZUXA                 57    0.052   4.060   0.000   0.934   0.000   0.066
B L  3ZUXA                 58    0.204  37.405   0.000   0.652   0.002   0.346
E T  3ZUXA                 59    0.424  58.853   0.000   0.349   0.002   0.649
B L  3ZUXA                 60    0.086  15.811   0.000   0.003   0.015   0.982
E K  3ZUXA                 61    0.529 108.783   0.000   0.001   0.002   0.997
E P  3ZUXA                 62    0.510  72.350   0.000   0.893   0.001   0.107
E S  3ZUXA                 63    0.688  80.646   0.000   0.844   0.000   0.156
E D  3ZUXA                 64    0.307  44.182   0.000   0.843   0.001   0.156
B F  3ZUXA                 65    0.192  38.631   0.000   0.853   0.001   0.146
E D  3ZUXA                 66    0.628  90.444   0.000   0.898   0.000   0.101
E I  3ZUXA                 67    0.423  78.239   0.000   0.899   0.001   0.100
B L  3ZUXA                 68    0.128  23.378   0.000   0.918   0.000   0.082
E F  3ZUXA                 69    0.366  73.361   0.000   0.602   0.001   0.397
E K  3ZUXA                 70    0.671 138.032   0.000   0.366   0.000   0.634
E H  3ZUXA                 71    0.362  65.840   0.000   0.002   0.000   0.997
E P  3ZUXA                 72    0.521  73.912   0.000   0.940   0.000   0.060
E K  3ZUXA                 73    0.602 123.826   0.000   0.968   0.000   0.032
B V  3ZUXA                 74    0.061   9.335   0.000   0.988   0.000   0.012
B V  3ZUXA                 75    0.054   8.250   0.000   0.998   0.000   0.002
E I  3ZUXA                 76    0.408  75.509   0.000   0.998   0.000   0.002
E I  3ZUXA                 77    0.257  47.579   0.000   0.997   0.000   0.003
B G  3ZUXA                 78    0.005   0.428   0.000   0.998   0.000   0.001
B V  3ZUXA                 79    0.109  16.812   0.000   0.998   0.000   0.002
E I  3ZUXA                 80    0.392  72.533   0.000   0.996   0.000   0.004
B A  3ZUXA                 81    0.136  15.014   0.000   0.996   0.000   0.004
B Q  3ZUXA                 82    0.044   7.896   0.000   0.997   0.000   0.003
B F  3ZUXA                 83    0.167  33.574   0.000   0.987   0.000   0.013
E A  3ZUXA                 84    0.363  40.010   0.000   0.958   0.000   0.042
B I  3ZUXA                 85    0.206  38.166   0.000   0.950   0.000   0.050
B M  3ZUXA                 86    0.030   6.060   0.000   0.995   0.000   0.005
B P  3ZUXA                 87    0.095  13.427   0.000   0.999   0.000   0.001
E A  3ZUXA                 88    0.373  41.096   0.000   0.999   0.000   0.001
B T  3ZUXA                 89    0.225  31.147   0.000   0.999   0.000   0.001
B A  3ZUXA                 90    0.012   1.335   0.000   0.999   0.000   0.001
B W  3ZUXA                 91    0.220  52.932   0.000   0.998   0.000   0.002
E C  3ZUXA                 92    0.396  55.617   0.000   0.996   0.000   0.004
B L  3ZUXA                 93    0.216  39.590   0.000   0.995   0.000   0.005
B S  3ZUXA                 94    0.014   1.605   0.000   0.995   0.000   0.005
E K  3ZUXA                 95    0.505 103.893   0.000   0.984   0.000   0.016
E L  3ZUXA                 96    0.722 132.262   0.000   0.912   0.000   0.088
E L  3ZUXA                 97    0.448  82.032   0.000   0.174   0.000   0.826
E N  3ZUXA                 98    0.885 129.510   0.000   0.002   0.000   0.998
B L  3ZUXA                 99    0.128  23.438   0.000   0.000   0.001   0.998
E P  3ZUXA                100    0.428  60.770   0.000   0.005   0.000   0.995
E A  3ZUXA                101    0.500  55.130   0.000   0.960   0.000   0.040
E E  3ZUXA                102    0.351  61.363   0.000   0.979   0.000   0.021
B I  3ZUXA                103    0.098  18.082   0.000   0.991   0.000   0.009
B A  3ZUXA                104    0.089   9.753   0.000   0.998   0.000   0.002
B V  3ZUXA                105    0.154  23.618   0.000   0.996   0.000   0.004
B G  3ZUXA                106    0.017   1.342   0.000   0.999   0.000   0.001
B V  3ZUXA                107    0.046   7.007   0.000   0.999   0.000   0.001
B I  3ZUXA                108    0.092  17.029   0.000   0.998   0.000   0.001
B L  3ZUXA                109    0.103  18.812   0.000   0.997   0.000   0.003
B V  3ZUXA                110    0.028   4.335   0.000   0.991   0.000   0.009
B G  3ZUXA                111    0.028   2.176   0.000   0.944   0.000   0.055
B C  3ZUXA                112    0.071   9.907   0.000   0.563   0.001   0.436
B C  3ZUXA                113    0.027   3.760   0.000   0.053   0.001   0.946
B P  3ZUXA                114    0.037   5.223   0.000   0.088   0.004   0.908
B G  3ZUXA                115    0.014   1.079   0.000   0.432   0.016   0.553
B G  3ZUXA                116    0.028   2.230   0.000   0.767   0.008   0.225
B T  3ZUXA                117    0.070   9.658   0.000   0.780   0.003   0.217
B A  3ZUXA                118    0.027   3.030   0.000   0.874   0.001   0.125
B S  3ZUXA                119    0.006   0.702   0.000   0.988   0.000   0.012
B N  3ZUXA                120    0.045   6.595   0.000   0.997   0.000   0.003
B V  3ZUXA                121    0.135  20.749   0.000   0.998   0.000   0.002
B M  3ZUXA                122    0.045   8.999   0.000   0.999   0.000   0.001
B T  3ZUXA                123    0.006   0.809   0.000   0.999   0.000   0.001
E Y  3ZUXA                124    0.386  82.554   0.000   0.997   0.000   0.003
E L  3ZUXA                125    0.308  56.312   0.000   0.980   0.000   0.019
B A  3ZUXA                126    0.113  12.413   0.000   0.174   0.000   0.826
E R  3ZUXA                127    0.615 140.732   0.000   0.016   0.002   0.982
B G  3ZUXA                128    0.081   6.377   0.000   0.003   0.014   0.984
E N  3ZUXA                129    0.349  51.081   0.000   0.002   0.020   0.979
E V  3ZUXA                130    0.261  40.044   0.000   0.982   0.000   0.017
E A  3ZUXA                131    0.437  48.154   0.000   0.996   0.000   0.004
B L  3ZUXA                132    0.126  23.003   0.000   0.998   0.000   0.002
B S  3ZUXA                133    0.009   1.078   0.000   0.999   0.000   0.001
B V  3ZUXA                134    0.201  30.962   0.000   0.999   0.000   0.001
B A  3ZUXA                135    0.198  21.841   0.000   0.998   0.000   0.002
B V  3ZUXA                136    0.022   3.392   0.000   0.997   0.000   0.003
B T  3ZUXA                137    0.032   4.462   0.000   0.998   0.000   0.002
B S  3ZUXA                138    0.248  29.080   0.000   0.997   0.000   0.003
B V  3ZUXA                139    0.218  33.495   0.000   0.993   0.000   0.007
B S  3ZUXA                140    0.007   0.872   0.000   0.996   0.000   0.004
B T  3ZUXA                141    0.057   7.967   0.000   0.991   0.000   0.009
E L  3ZUXA                142    0.382  69.931   0.000   0.929   0.000   0.071
B T  3ZUXA                143    0.101  13.970   0.000   0.892   0.000   0.108
B S  3ZUXA                144    0.010   1.164   0.000   0.966   0.000   0.034
B P  3ZUXA                145    0.155  21.927   0.000   0.947   0.000   0.053
E L  3ZUXA                146    0.403  73.779   0.000   0.932   0.000   0.068
B L  3ZUXA                147    0.061  11.171   0.000   0.926   0.000   0.074
B T  3ZUXA                148    0.044   6.036   0.000   0.993   0.000   0.007
B P  3ZUXA                149    0.145  20.565   0.000   0.996   0.000   0.004
E A  3ZUXA                150    0.290  31.926   0.000   0.998   0.000   0.002
B I  3ZUXA                151    0.128  23.659   0.000   0.998   0.000   0.002
B F  3ZUXA                152    0.079  15.885   0.000   0.996   0.000   0.004
E L  3ZUXA                153    0.268  49.067   0.000   0.995   0.000   0.005
E M  3ZUXA                154    0.447  89.528   0.000   0.991   0.000   0.009
E L  3ZUXA                155    0.282  51.567   0.000   0.947   0.000   0.053
B A  3ZUXA                156    0.147  16.157   0.000   0.712   0.002   0.286
E G  3ZUXA                157    0.420  33.053   0.000   0.182   0.004   0.814
E E  3ZUXA                158    0.711 124.163   0.000   0.157   0.005   0.838
E M  3ZUXA                159    0.528 105.717   0.000   0.194   0.035   0.771
B L  3ZUXA                160    0.193  35.252   0.000   0.063   0.161   0.776
E E  3ZUXA                161    0.754 131.792   0.000   0.015   0.141   0.844
B I  3ZUXA                162    0.147  27.283   0.000   0.007   0.102   0.891
E Q  3ZUXA                163    0.584 104.277   0.000   0.009   0.035   0.956
E A  3ZUXA                164    0.604  66.509   0.000   0.934   0.000   0.066
E A  3ZUXA                165    0.641  70.597   0.000   0.962   0.000   0.038
B G  3ZUXA                166    0.116   9.129   0.000   0.978   0.000   0.021
B M  3ZUXA                167    0.057  11.476   0.000   0.990   0.000   0.009
E L  3ZUXA                168    0.445  81.466   0.000   0.980   0.000   0.020
E M  3ZUXA                169    0.387  77.402   0.000   0.983   0.000   0.017
B S  3ZUXA                170    0.104  12.140   0.000   0.983   0.000   0.017
B I  3ZUXA                171    0.111  20.484   0.000   0.991   0.000   0.009
E V  3ZUXA                172    0.399  61.361   0.000   0.985   0.000   0.015
E K  3ZUXA                173    0.326  67.071   0.000   0.986   0.000   0.014
B M  3ZUXA                174    0.053  10.547   0.000   0.960   0.000   0.040
B V  3ZUXA                175    0.173  26.583   0.000   0.926   0.000   0.074
E L  3ZUXA                176    0.361  66.132   0.000   0.956   0.000   0.044
B L  3ZUXA                177    0.179  32.763   0.000   0.996   0.000   0.004
B P  3ZUXA                178    0.041   5.810   0.000   0.999   0.000   0.001
B I  3ZUXA                179    0.206  38.078   0.000   0.999   0.000   0.001
E V  3ZUXA                180    0.390  59.938   0.000   0.999   0.000   0.001
B L  3ZUXA                181    0.152  27.748   0.000   0.998   0.000   0.002
B G  3ZUXA                182    0.012   0.928   0.000   0.999   0.000   0.001
E L  3ZUXA                183    0.268  49.063   0.000   0.996   0.000   0.004
E I  3ZUXA                184    0.422  78.107   0.000   0.990   0.000   0.010
B V  3ZUXA                185    0.127  19.561   0.000   0.985   0.000   0.015
E H  3ZUXA                186    0.258  46.905   0.000   0.971   0.000   0.029
E K  3ZUXA                187    0.702 144.392   0.000   0.955   0.000   0.045
E V  3ZUXA                188    0.672 103.318   0.000   0.922   0.000   0.078
E L  3ZUXA                189    0.371  67.852   0.000   0.780   0.000   0.220
E G  3ZUXA                190    0.399  31.435   0.000   0.597   0.000   0.402
E S  3ZUXA                191    0.720  84.363   0.000   0.895   0.000   0.105
E K  3ZUXA                192    0.507 104.338   0.000   0.868   0.001   0.131
B T  3ZUXA                193    0.115  15.894   0.000   0.949   0.000   0.051
E E  3ZUXA                194    0.523  91.304   0.000   0.957   0.001   0.042
E K  3ZUXA                195    0.564 116.045   0.000   0.938   0.001   0.061
B L  3ZUXA                196    0.165  30.163   0.000   0.859   0.001   0.140
E T  3ZUXA                197    0.265  36.802   0.000   0.849   0.002   0.149
E D  3ZUXA                198    0.769 110.758   0.000   0.783   0.001   0.217
E A  3ZUXA                199    0.356  39.201   0.000   0.618   0.001   0.381
B L  3ZUXA                200    0.122  22.404   0.000   0.826   0.001   0.173
E P  3ZUXA                201    0.380  53.977   0.000   0.930   0.000   0.070
E L  3ZUXA                202    0.593 108.516   0.000   0.957   0.000   0.043
B V  3ZUXA                203    0.186  28.582   0.000   0.967   0.000   0.032
B S  3ZUXA                204    0.040   4.698   0.000   0.990   0.000   0.010
E V  3ZUXA                205    0.347  53.352   0.000   0.996   0.000   0.004
E A  3ZUXA                206    0.388  42.790   0.000   0.997   0.000   0.003
B A  3ZUXA                207    0.050   5.508   0.000   0.999   0.000   0.001
B I  3ZUXA                208    0.131  24.202   0.000   0.998   0.000   0.002
E V  3ZUXA                209    0.346  53.221   0.000   0.998   0.000   0.002
E L  3ZUXA                210    0.304  55.697   0.000   0.998   0.000   0.002
B I  3ZUXA                211    0.095  17.650   0.000   0.998   0.000   0.002
B I  3ZUXA                212    0.176  32.588   0.000   0.996   0.000   0.003
B G  3ZUXA                213    0.238  18.742   0.000   0.996   0.000   0.004
B A  3ZUXA                214    0.167  18.377   0.000   0.992   0.000   0.008
B V  3ZUXA                215    0.088  13.451   0.000   0.972   0.000   0.028
B V  3ZUXA                216    0.207  31.886   0.000   0.909   0.001   0.090
E G  3ZUXA                217    0.332  26.121   0.000   0.662   0.002   0.337
E A  3ZUXA                218    0.388  42.713   0.000   0.471   0.001   0.528
E S  3ZUXA                219    0.280  32.853   0.000   0.135   0.003   0.862
E K  3ZUXA                220    0.496 102.011   0.000   0.715   0.001   0.284
E G  3ZUXA                221    0.509  40.073   0.000   0.755   0.002   0.243
E K  3ZUXA                222    0.429  88.255   0.000   0.748   0.005   0.247
B I  3ZUXA                223    0.123  22.711   0.000   0.830   0.003   0.167
E M  3ZUXA                224    0.414  82.900   0.000   0.708   0.003   0.289
E E  3ZUXA                225    0.724 126.502   0.000   0.607   0.001   0.392
E S  3ZUXA                226    0.301  35.235   0.000   0.192   0.002   0.806
E G  3ZUXA                227    0.398  31.334   0.000   0.528   0.001   0.471
E L  3ZUXA                228    0.631 115.497   0.000   0.883   0.001   0.116
E L  3ZUXA                229    0.322  58.977   0.000   0.948   0.001   0.051
B I  3ZUXA                230    0.042   7.683   0.000   0.983   0.000   0.017
E F  3ZUXA                231    0.337  67.688   0.000   0.996   0.000   0.004
E A  3ZUXA                232    0.432  47.625   0.000   0.996   0.000   0.004
B V  3ZUXA                233    0.094  14.446   0.000   0.998   0.000   0.002
B V  3ZUXA                234    0.033   5.121   0.000   0.999   0.000   0.001
E V  3ZUXA                235    0.358  55.063   0.000   0.999   0.000   0.001
E L  3ZUXA                236    0.412  75.432   0.000   0.997   0.000   0.003
B H  3ZUXA                237    0.043   7.755   0.000   0.994   0.000   0.006
B N  3ZUXA                238    0.044   6.506   0.000   0.996   0.000   0.004
E G  3ZUXA                239    0.297  23.387   0.000   0.997   0.000   0.003
E I  3ZUXA                240    0.355  65.631   0.000   0.997   0.000   0.003
B G  3ZUXA                241    0.008   0.623   0.000   0.998   0.000   0.002
B Y  3ZUXA                242    0.083  17.688   0.000   0.998   0.000   0.002
E L  3ZUXA                243    0.439  80.417   0.000   0.997   0.000   0.003
E L  3ZUXA                244    0.321  58.807   0.000   0.996   0.000   0.004
B G  3ZUXA                245    0.004   0.307   0.000   0.999   0.000   0.001
B F  3ZUXA                246    0.191  38.382   0.000   0.997   0.000   0.003
E F  3ZUXA                247    0.463  92.907   0.000   0.992   0.000   0.008
B A  3ZUXA                248    0.131  14.413   0.000   0.993   0.000   0.007
B A  3ZUXA                249    0.012   1.357   0.000   0.997   0.000   0.003
E K  3ZUXA                250    0.550 113.064   0.000   0.993   0.000   0.007
E W  3ZUXA                251    0.713 171.489   0.000   0.936   0.000   0.064
E T  3ZUXA                252    0.459  63.635   0.000   0.478   0.000   0.522
E G  3ZUXA                253    0.691  54.381   0.000   0.001   0.000   0.999
B L  3ZUXA                254    0.191  35.036   0.000   0.000   0.001   0.999
E P  3ZUXA                255    0.501  71.059   0.000   0.001   0.001   0.998
E Y  3ZUXA                256    0.423  90.323   0.000   0.977   0.000   0.023
E D  3ZUXA                257    0.536  77.241   0.000   0.991   0.000   0.009
B A  3ZUXA                258    0.100  10.974   0.000   0.994   0.000   0.006
B Q  3ZUXA                259    0.091  16.276   0.000   0.997   0.000   0.003
B K  3ZUXA                260    0.190  39.073   0.000   0.999   0.000   0.001
B A  3ZUXA                261    0.033   3.664   0.000   1.000   0.000   0.000
B L  3ZUXA                262    0.060  11.074   0.000   0.999   0.000   0.001
B T  3ZUXA                263    0.024   3.338   0.000   0.999   0.000   0.001
B I  3ZUXA                264    0.108  20.041   0.000   0.996   0.001   0.003
B E  3ZUXA                265    0.047   8.273   0.000   0.996   0.000   0.004
B V  3ZUXA                266    0.028   4.273   0.000   0.987   0.001   0.013
B G  3ZUXA                267    0.024   1.924   0.000   0.969   0.001   0.029
B M  3ZUXA                268    0.073  14.680   0.000   0.714   0.005   0.281
B Q  3ZUXA                269    0.173  30.912   0.000   0.382   0.005   0.613
B N  3ZUXA                270    0.052   7.549   0.000   0.483   0.016   0.501
B S  3ZUXA                271    0.027   3.176   0.000   0.964   0.001   0.036
B G  3ZUXA                272    0.100   7.898   0.000   0.979   0.000   0.020
B L  3ZUXA                273    0.152  27.902   0.000   0.982   0.001   0.018
B A  3ZUXA                274    0.003   0.381   0.000   0.999   0.000   0.001
B A  3ZUXA                275    0.055   6.007   0.000   1.000   0.000   0.000
B A  3ZUXA                276    0.201  22.170   0.000   1.000   0.000   0.000
B L  3ZUXA                277    0.151  27.737   0.000   0.999   0.000   0.001
B A  3ZUXA                278    0.010   1.065   0.000   0.998   0.000   0.002
B A  3ZUXA                279    0.177  19.470   0.000   0.994   0.000   0.006
E A  3ZUXA                280    0.485  53.490   0.000   0.942   0.000   0.058
E H  3ZUXA                281    0.423  76.980   0.000   0.823   0.000   0.177
B F  3ZUXA                282    0.250  50.085   0.000   0.284   0.005   0.712
E A  3ZUXA                283    0.565  62.232   0.000   0.090   0.004   0.907
E A  3ZUXA                284    0.710  78.285   0.000   0.048   0.001   0.951
B A  3ZUXA                285    0.243  26.810   0.000   0.041   0.007   0.952
E P  3ZUXA                286    0.509  72.293   0.000   0.578   0.003   0.419
E V  3ZUXA                287    0.325  50.005   0.000   0.759   0.013   0.228
B V  3ZUXA                288    0.065  10.060   0.000   0.893   0.003   0.104
B A  3ZUXA                289    0.099  10.950   0.000   0.970   0.000   0.030
E V  3ZUXA                290    0.290  44.509   0.000   0.997   0.000   0.003
B P  3ZUXA                291    0.063   8.937   0.000   0.998   0.000   0.002
B G  3ZUXA                292    0.022   1.710   0.000   0.999   0.000   0.001
B A  3ZUXA                293    0.204  22.520   0.000   0.999   0.000   0.001
E L  3ZUXA                294    0.313  57.263   0.000   0.996   0.000   0.003
B F  3ZUXA                295    0.069  13.852   0.000   0.997   0.000   0.003
B S  3ZUXA                296    0.068   7.953   0.000   0.997   0.000   0.003
E V  3ZUXA                297    0.411  63.151   0.000   0.997   0.000   0.003
E W  3ZUXA                298    0.360  86.580   0.000   0.998   0.000   0.002
B H  3ZUXA                299    0.023   4.095   0.000   0.997   0.000   0.003
B N  3ZUXA                300    0.176  25.832   0.000   0.996   0.000   0.004
E I  3ZUXA                301    0.436  80.610   0.000   0.992   0.000   0.008
B S  3ZUXA                302    0.192  22.530   0.000   0.992   0.000   0.008
B G  3ZUXA                303    0.017   1.347   0.000   0.997   0.000   0.003
B S  3ZUXA                304    0.193  22.645   0.000   0.995   0.000   0.005
E L  3ZUXA                305    0.457  83.594   0.000   0.994   0.000   0.006
B L  3ZUXA                306    0.248  45.489   0.000   0.997   0.000   0.003
B A  3ZUXA                307    0.046   5.117   0.000   0.997   0.000   0.003
E T  3ZUXA                308    0.348  48.281   0.000   0.987   0.000   0.013
E Y  3ZUXA                309    0.565 120.664   0.000   0.978   0.000   0.022
E W  3ZUXA                310    0.347  83.354   0.000   0.981   0.000   0.019
B A  3ZUXA                311    0.143  15.708   0.000   0.964   0.000   0.036
E A  3ZUXA                312    0.482  53.080   0.000   0.890   0.001   0.109
E K  3ZUXA                313    0.613 126.066   0.000   0.822   0.001   0.177
E A  3ZUXA                314    0.395  43.479   0.000   0.631   0.001   0.368
E G  3ZUXA                315    0.621  48.852   0.000   0.136   0.002   0.863
E K  3ZUXA                316    0.562 115.678   0.000   0.071   0.008   0.921
E H  3ZUXA                317    0.568 103.320   0.000   0.071   0.013   0.916
E K  3ZUXA                318    0.601 123.636   0.000   0.034   0.014   0.952
E K  3ZUXA                319    0.553 113.819   0.000   0.006   0.010   0.984
E P  3ZUXA                320    0.546  77.476   0.000   0.017   0.006   0.977
E L  3ZUXA                321    0.533  97.655   0.000   0.048   0.006   0.947
E D  3ZUXA                322    0.678  97.717   0.000   0.047   0.003   0.949
E R  3ZUXA                323    0.599 137.196   0.000   0.068   0.002   0.931
E A  3ZUXA                324    0.564  62.176   0.000   0.062   0.001   0.938
E G  3ZUXA                325    0.568  44.740   0.000   0.024   0.001   0.975
E S  3ZUXA                326    0.556  65.108   0.000   0.030   0.001   0.969
E E  3ZUXA                327    0.659 115.145   0.000   0.025   0.002   0.974
E N  3ZUXA                328    0.656  96.004   0.000   0.014   0.002   0.984
E L  3ZUXA                329    0.557 101.983   0.000   0.016   0.002   0.982
E Y  3ZUXA                330    0.622 132.898   0.000   0.016   0.002   0.982
E F  3ZUXA                331    0.653 131.053   0.000   0.007   0.001   0.992
E Q  3ZUXA                332    0.839 149.869   0.000   0.000   0.000   1.000
