# For publication of results, please cite:
# ...
# ... Michael Schantz Klausen, Martin Closter Jespersen, Henrik Nielsen, Kamilla Kjærgaard Jensen, 
# ... Vanessa Isabell Jurtz, Casper Kaae Sønderby, Morten Otto Alexander Sommer, Ole Winther, 
# ... Morten Nielsen, Bent Petersen, and Paolo Marcatili. 
# ... NetSurfP-2.0: Improved prediction of protein structural features by integrated deep learning.
# ... Proteins: Structure, Function, and Bioinformatics (Feb. 2019).
# ... https://doi.org/10.1002/prot.25674
# ...
#
# Column 1: Class assignment - B for buried or E for Exposed - Threshold: 25% exposure, but not based on RSA
# Column 2: Amino acid
# Column 3: Sequence name
# Column 4: Amino acid number
# Column 5: Relative Surface Accessibility - RSA
# Column 6: Absolute Surface Accessibility
# Column 7: Not used
# Column 8: Probability for Alpha-Helix
# Column 9: Probability for Beta-strand
# Column 10: Probability for Coil
E G  2A9KB                  1    0.962  75.733   0.000   0.000   0.000   1.000
E S  2A9KB                  2    0.764  89.573   0.000   0.000   0.000   1.000
E P  2A9KB                  3    0.748 106.162   0.000   0.001   0.000   0.999
E G  2A9KB                  4    0.700  55.083   0.000   0.002   0.001   0.998
E I  2A9KB                  5    0.705 130.443   0.000   0.001   0.001   0.998
E S  2A9KB                  6    0.763  89.383   0.000   0.001   0.001   0.999
E G  2A9KB                  7    0.709  55.810   0.000   0.001   0.001   0.998
E G  2A9KB                  8    0.744  58.585   0.000   0.002   0.001   0.997
E G  2A9KB                  9    0.737  57.969   0.000   0.005   0.002   0.993
E G  2A9KB                 10    0.727  57.228   0.000   0.017   0.004   0.979
E G  2A9KB                 11    0.734  57.741   0.000   0.025   0.005   0.970
E S  2A9KB                 12    0.728  85.367   0.000   0.030   0.009   0.961
E A  2A9KB                 13    0.608  67.007   0.000   0.055   0.022   0.922
E Y  2A9KB                 14    0.427  91.205   0.000   0.081   0.040   0.879
E S  2A9KB                 15    0.577  67.661   0.000   0.098   0.058   0.843
E N  2A9KB                 16    0.706 103.301   0.000   0.096   0.031   0.872
E T  2A9KB                 17    0.592  82.080   0.000   0.057   0.073   0.870
E Y  2A9KB                 18    0.266  56.795   0.000   0.005   0.343   0.652
E Q  2A9KB                 19    0.376  67.219   0.000   0.002   0.918   0.079
E E  2A9KB                 20    0.570  99.605   0.000   0.002   0.920   0.078
B F  2A9KB                 21    0.063  12.638   0.000   0.005   0.498   0.498
E T  2A9KB                 22    0.680  94.250   0.000   0.002   0.007   0.991
E N  2A9KB                 23    0.491  71.871   0.000   0.003   0.004   0.993
E I  2A9KB                 24    0.297  54.910   0.000   0.990   0.000   0.009
E D  2A9KB                 25    0.783 112.863   0.000   0.995   0.000   0.005
E Q  2A9KB                 26    0.460  82.067   0.000   0.997   0.000   0.003
B A  2A9KB                 27    0.007   0.772   0.000   0.999   0.000   0.001
E K  2A9KB                 28    0.411  84.485   0.000   0.998   0.000   0.002
E A  2A9KB                 29    0.531  58.523   0.000   0.997   0.000   0.003
B W  2A9KB                 30    0.194  46.691   0.000   0.996   0.000   0.004
B G  2A9KB                 31    0.016   1.239   0.000   0.995   0.000   0.005
E N  2A9KB                 32    0.453  66.337   0.000   0.995   0.000   0.005
E A  2A9KB                 33    0.496  54.610   0.000   0.992   0.000   0.008
B Q  2A9KB                 34    0.234  41.706   0.000   0.979   0.000   0.021
B Y  2A9KB                 35    0.083  17.656   0.000   0.970   0.000   0.029
E K  2A9KB                 36    0.721 148.378   0.000   0.970   0.000   0.030
E K  2A9KB                 37    0.714 146.946   0.000   0.896   0.000   0.104
E Y  2A9KB                 38    0.285  60.989   0.000   0.454   0.001   0.545
E G  2A9KB                 39    0.717  56.436   0.000   0.004   0.001   0.996
B L  2A9KB                 40    0.093  17.029   0.000   0.000   0.002   0.998
E S  2A9KB                 41    0.505  59.199   0.000   0.000   0.000   0.999
E K  2A9KB                 42    0.726 149.423   0.000   0.983   0.000   0.017
E S  2A9KB                 43    0.549  64.321   0.000   0.986   0.000   0.014
B E  2A9KB                 44    0.149  26.024   0.000   0.995   0.000   0.005
E K  2A9KB                 45    0.286  58.821   0.000   0.997   0.000   0.003
E E  2A9KB                 46    0.570  99.633   0.000   0.997   0.000   0.003
B A  2A9KB                 47    0.079   8.752   0.000   0.998   0.000   0.002
B I  2A9KB                 48    0.012   2.166   0.000   0.992   0.000   0.007
E V  2A9KB                 49    0.291  44.764   0.000   0.981   0.001   0.018
E S  2A9KB                 50    0.371  43.514   0.000   0.872   0.001   0.127
B Y  2A9KB                 51    0.103  21.952   0.000   0.669   0.005   0.326
B T  2A9KB                 52    0.066   9.122   0.000   0.313   0.116   0.571
E K  2A9KB                 53    0.523 107.529   0.000   0.064   0.019   0.918
E S  2A9KB                 54    0.297  34.824   0.000   0.059   0.018   0.923
B A  2A9KB                 55    0.097  10.649   0.000   0.851   0.003   0.146
E S  2A9KB                 56    0.454  53.264   0.000   0.980   0.001   0.019
E E  2A9KB                 57    0.510  89.064   0.000   0.987   0.001   0.012
B I  2A9KB                 58    0.013   2.355   0.000   0.992   0.001   0.008
B N  2A9KB                 59    0.053   7.807   0.000   0.994   0.000   0.006
E G  2A9KB                 60    0.285  22.437   0.000   0.993   0.000   0.007
E K  2A9KB                 61    0.270  55.593   0.000   0.987   0.000   0.013
B L  2A9KB                 62    0.018   3.262   0.000   0.965   0.001   0.034
E R  2A9KB                 63    0.295  67.663   0.000   0.817   0.004   0.179
E Q  2A9KB                 64    0.614 109.672   0.000   0.415   0.003   0.582
E N  2A9KB                 65    0.414  60.580   0.000   0.052   0.006   0.942
E K  2A9KB                 66    0.570 117.296   0.000   0.034   0.026   0.940
E G  2A9KB                 67    0.327  25.757   0.000   0.069   0.052   0.879
E V  2A9KB                 68    0.441  67.806   0.000   0.047   0.174   0.779
B I  2A9KB                 69    0.171  31.707   0.000   0.080   0.184   0.736
E N  2A9KB                 70    0.714 104.540   0.000   0.072   0.060   0.868
E G  2A9KB                 71    0.688  54.136   0.000   0.065   0.013   0.922
B F  2A9KB                 72    0.144  28.819   0.000   0.004   0.022   0.974
E P  2A9KB                 73    0.328  46.563   0.000   0.025   0.006   0.969
E S  2A9KB                 74    0.729  85.413   0.000   0.856   0.001   0.143
E N  2A9KB                 75    0.572  83.780   0.000   0.834   0.002   0.164
B L  2A9KB                 76    0.048   8.727   0.000   0.968   0.001   0.031
E I  2A9KB                 77    0.299  55.306   0.000   0.992   0.000   0.007
E K  2A9KB                 78    0.555 114.073   0.000   0.995   0.000   0.005
B Q  2A9KB                 79    0.158  28.222   0.000   0.996   0.000   0.004
B V  2A9KB                 80    0.017   2.681   0.000   0.997   0.000   0.003
E E  2A9KB                 81    0.500  87.280   0.000   0.999   0.000   0.001
E L  2A9KB                 82    0.270  49.425   0.000   0.998   0.000   0.002
B L  2A9KB                 83    0.010   1.824   0.000   0.998   0.000   0.002
B D  2A9KB                 84    0.174  25.078   0.000   0.998   0.000   0.002
E K  2A9KB                 85    0.535 110.103   0.000   0.994   0.000   0.006
B S  2A9KB                 86    0.041   4.756   0.000   0.992   0.000   0.008
B F  2A9KB                 87    0.031   6.246   0.000   0.961   0.000   0.038
E N  2A9KB                 88    0.600  87.844   0.000   0.788   0.001   0.211
E K  2A9KB                 89    0.584 120.129   0.000   0.544   0.001   0.455
B M  2A9KB                 90    0.129  25.725   0.000   0.073   0.012   0.915
E K  2A9KB                 91    0.664 136.601   0.000   0.011   0.161   0.828
B T  2A9KB                 92    0.129  17.875   0.000   0.001   0.031   0.967
E P  2A9KB                 93    0.294  41.774   0.000   0.011   0.021   0.968
E E  2A9KB                 94    0.616 107.531   0.000   0.010   0.025   0.965
E N  2A9KB                 95    0.423  61.910   0.000   0.010   0.094   0.895
B I  2A9KB                 96    0.031   5.703   0.000   0.001   0.853   0.146
B M  2A9KB                 97    0.115  22.981   0.000   0.000   0.983   0.017
B L  2A9KB                 98    0.008   1.529   0.000   0.000   0.991   0.009
B F  2A9KB                 99    0.042   8.388   0.000   0.000   0.993   0.007
B R  2A9KB                100    0.077  17.591   0.000   0.000   0.901   0.099
B G  2A9KB                101    0.057   4.515   0.000   0.001   0.624   0.375
B D  2A9KB                102    0.089  12.785   0.000   0.001   0.494   0.505
E D  2A9KB                103    0.323  46.497   0.000   0.002   0.025   0.973
B P  2A9KB                104    0.173  24.479   0.000   0.868   0.002   0.130
E A  2A9KB                105    0.551  60.760   0.000   0.822   0.004   0.174
E Y  2A9KB                106    0.315  67.248   0.000   0.891   0.005   0.104
B L  2A9KB                107    0.054   9.915   0.000   0.733   0.011   0.257
E G  2A9KB                108    0.311  24.494   0.000   0.241   0.006   0.753
E T  2A9KB                109    0.495  68.672   0.000   0.459   0.018   0.523
E E  2A9KB                110    0.635 110.941   0.000   0.575   0.023   0.402
B F  2A9KB                111    0.093  18.715   0.000   0.705   0.015   0.280
E Q  2A9KB                112    0.441  78.756   0.000   0.759   0.012   0.228
E N  2A9KB                113    0.710 103.968   0.000   0.735   0.012   0.253
E T  2A9KB                114    0.409  56.766   0.000   0.523   0.075   0.402
B L  2A9KB                115    0.093  17.037   0.000   0.324   0.159   0.518
B L  2A9KB                116    0.215  39.421   0.000   0.012   0.908   0.080
E N  2A9KB                117    0.351  51.408   0.000   0.008   0.030   0.962
E S  2A9KB                118    0.853  99.979   0.000   0.009   0.022   0.970
E N  2A9KB                119    0.808 118.348   0.000   0.005   0.001   0.995
E G  2A9KB                120    0.387  30.480   0.000   0.002   0.001   0.998
E T  2A9KB                121    0.437  60.604   0.000   0.001   0.071   0.927
B I  2A9KB                122    0.093  17.150   0.000   0.001   0.957   0.042
E N  2A9KB                123    0.319  46.697   0.000   0.009   0.035   0.956
E K  2A9KB                124    0.630 129.492   0.000   0.935   0.002   0.063
E T  2A9KB                125    0.623  86.384   0.000   0.955   0.003   0.042
B A  2A9KB                126    0.058   6.399   0.000   0.990   0.001   0.009
B F  2A9KB                127    0.060  12.084   0.000   0.993   0.000   0.007
E E  2A9KB                128    0.589 102.842   0.000   0.996   0.000   0.004
E K  2A9KB                129    0.470  96.721   0.000   0.995   0.000   0.004
B A  2A9KB                130    0.013   1.440   0.000   0.992   0.000   0.008
E K  2A9KB                131    0.353  72.583   0.000   0.987   0.000   0.013
E A  2A9KB                132    0.662  73.006   0.000   0.972   0.000   0.028
E K  2A9KB                133    0.482  99.196   0.000   0.944   0.000   0.056
B F  2A9KB                134    0.037   7.333   0.000   0.873   0.001   0.126
E L  2A9KB                135    0.328  60.037   0.000   0.017   0.023   0.959
E N  2A9KB                136    0.762 111.540   0.000   0.013   0.008   0.979
E K  2A9KB                137    0.466  95.959   0.000   0.005   0.070   0.924
E D  2A9KB                138    0.586  84.465   0.000   0.010   0.550   0.440
B R  2A9KB                139    0.247  56.611   0.000   0.004   0.917   0.079
E L  2A9KB                140    0.349  63.935   0.000   0.003   0.952   0.045
B E  2A9KB                141    0.111  19.315   0.000   0.003   0.848   0.149
E Y  2A9KB                142    0.352  75.224   0.000   0.010   0.373   0.617
B G  2A9KB                143    0.043   3.415   0.000   0.003   0.421   0.576
B Y  2A9KB                144    0.067  14.288   0.000   0.002   0.748   0.250
B I  2A9KB                145    0.040   7.322   0.000   0.002   0.872   0.126
B S  2A9KB                146    0.059   6.967   0.000   0.002   0.848   0.149
B T  2A9KB                147    0.040   5.572   0.000   0.003   0.743   0.254
B S  2A9KB                148    0.080   9.338   0.000   0.002   0.837   0.161
B L  2A9KB                149    0.126  23.038   0.000   0.011   0.506   0.484
B M  2A9KB                150    0.146  29.282   0.000   0.008   0.488   0.504
E N  2A9KB                151    0.541  79.148   0.000   0.014   0.271   0.715
E V  2A9KB                152    0.251  38.588   0.000   0.134   0.133   0.733
E S  2A9KB                153    0.636  74.577   0.000   0.533   0.040   0.427
E Q  2A9KB                154    0.615 109.853   0.000   0.543   0.035   0.422
B F  2A9KB                155    0.173  34.674   0.000   0.468   0.050   0.482
E A  2A9KB                156    0.434  47.778   0.000   0.032   0.010   0.958
E G  2A9KB                157    0.619  48.678   0.000   0.014   0.009   0.977
E R  2A9KB                158    0.347  79.524   0.000   0.001   0.136   0.864
E P  2A9KB                159    0.253  35.837   0.000   0.000   0.184   0.816
B I  2A9KB                160    0.018   3.248   0.000   0.000   0.928   0.071
B I  2A9KB                161    0.064  11.791   0.000   0.000   0.987   0.013
B T  2A9KB                162    0.008   1.177   0.000   0.000   0.998   0.002
B K  2A9KB                163    0.243  49.906   0.000   0.000   0.998   0.002
B F  2A9KB                164    0.008   1.594   0.000   0.000   0.999   0.001
E K  2A9KB                165    0.355  73.076   0.000   0.000   0.995   0.005
B V  2A9KB                166    0.014   2.166   0.000   0.000   0.956   0.044
B A  2A9KB                167    0.246  27.122   0.000   0.001   0.290   0.709
E K  2A9KB                168    0.606 124.574   0.000   0.001   0.004   0.995
E G  2A9KB                169    0.584  45.960   0.000   0.001   0.004   0.995
B S  2A9KB                170    0.106  12.454   0.000   0.001   0.098   0.901
E K  2A9KB                171    0.354  72.904   0.000   0.000   0.869   0.131
B A  2A9KB                172    0.014   1.569   0.000   0.000   0.946   0.053
B G  2A9KB                173    0.024   1.877   0.000   0.000   0.976   0.024
B Y  2A9KB                174    0.159  33.956   0.000   0.000   0.943   0.056
B I  2A9KB                175    0.029   5.290   0.000   0.069   0.372   0.559
E D  2A9KB                176    0.277  39.869   0.000   0.600   0.033   0.367
E P  2A9KB                177    0.347  49.233   0.000   0.655   0.035   0.310
B I  2A9KB                178    0.141  26.129   0.000   0.563   0.061   0.375
B S  2A9KB                179    0.160  18.769   0.000   0.374   0.054   0.572
E A  2A9KB                180    0.505  55.692   0.000   0.216   0.006   0.778
E F  2A9KB                181    0.374  75.062   0.000   0.128   0.016   0.855
E A  2A9KB                182    0.584  64.349   0.000   0.016   0.007   0.977
E G  2A9KB                183    0.530  41.717   0.000   0.026   0.016   0.959
B Q  2A9KB                184    0.182  32.457   0.000   0.019   0.263   0.718
B L  2A9KB                185    0.196  35.971   0.000   0.023   0.523   0.453
B E  2A9KB                186    0.101  17.728   0.000   0.002   0.956   0.043
B M  2A9KB                187    0.040   7.968   0.000   0.001   0.989   0.010
B L  2A9KB                188    0.033   6.009   0.000   0.000   0.998   0.002
B L  2A9KB                189    0.009   1.567   0.000   0.000   0.983   0.017
B P  2A9KB                190    0.125  17.693   0.000   0.000   0.431   0.569
E R  2A9KB                191    0.288  65.950   0.000   0.000   0.002   0.998
E H  2A9KB                192    0.541  98.453   0.000   0.001   0.001   0.999
B S  2A9KB                193    0.055   6.455   0.000   0.000   0.145   0.855
B T  2A9KB                194    0.224  31.086   0.000   0.000   0.940   0.060
B Y  2A9KB                195    0.017   3.548   0.000   0.000   0.996   0.004
E H  2A9KB                196    0.287  52.190   0.000   0.000   0.994   0.006
B I  2A9KB                197    0.024   4.470   0.000   0.000   0.999   0.001
E D  2A9KB                198    0.425  61.187   0.000   0.000   0.995   0.005
E D  2A9KB                199    0.459  66.116   0.000   0.000   0.999   0.001
B M  2A9KB                200    0.158  31.649   0.000   0.000   0.999   0.001
E R  2A9KB                201    0.492 112.771   0.000   0.000   0.997   0.003
E L  2A9KB                202    0.364  66.731   0.000   0.000   0.982   0.018
B S  2A9KB                203    0.225  26.313   0.000   0.001   0.033   0.966
E S  2A9KB                204    0.877 102.828   0.000   0.009   0.008   0.983
E D  2A9KB                205    0.734 105.835   0.000   0.011   0.001   0.988
E G  2A9KB                206    0.366  28.811   0.000   0.006   0.001   0.993
E K  2A9KB                207    0.490 100.887   0.000   0.001   0.015   0.985
E Q  2A9KB                208    0.303  54.053   0.000   0.001   0.807   0.192
B I  2A9KB                209    0.036   6.708   0.000   0.000   0.995   0.005
B I  2A9KB                210    0.095  17.617   0.000   0.000   0.999   0.001
B I  2A9KB                211    0.011   2.065   0.000   0.000   0.999   0.001
B T  2A9KB                212    0.176  24.374   0.000   0.000   0.998   0.002
B A  2A9KB                213    0.012   1.304   0.000   0.000   0.998   0.002
E T  2A9KB                214    0.291  40.311   0.000   0.000   0.998   0.002
B M  2A9KB                215    0.055  10.961   0.000   0.000   0.990   0.010
E M  2A9KB                216    0.295  59.048   0.000   0.002   0.580   0.418
E G  2A9KB                217    0.369  29.018   0.000   0.020   0.260   0.720
E T  2A9KB                218    0.627  86.964   0.000   0.054   0.104   0.841
E A  2A9KB                219    0.442  48.720   0.000   0.061   0.067   0.872
E I  2A9KB                220    0.306  56.521   0.000   0.053   0.082   0.866
E N  2A9KB                221    0.572  83.770   0.000   0.001   0.037   0.962
E P  2A9KB                222    0.507  71.928   0.000   0.007   0.015   0.978
E K  2A9KB                223    0.856 176.157   0.000   0.000   0.000   0.999
