# For publication of results, please cite:
# ...
# ... Michael Schantz Klausen, Martin Closter Jespersen, Henrik Nielsen, Kamilla Kjærgaard Jensen, 
# ... Vanessa Isabell Jurtz, Casper Kaae Sønderby, Morten Otto Alexander Sommer, Ole Winther, 
# ... Morten Nielsen, Bent Petersen, and Paolo Marcatili. 
# ... NetSurfP-2.0: Improved prediction of protein structural features by integrated deep learning.
# ... Proteins: Structure, Function, and Bioinformatics (Feb. 2019).
# ... https://doi.org/10.1002/prot.25674
# ...
#
# Column 1: Class assignment - B for buried or E for Exposed - Threshold: 25% exposure, but not based on RSA
# Column 2: Amino acid
# Column 3: Sequence name
# Column 4: Amino acid number
# Column 5: Relative Surface Accessibility - RSA
# Column 6: Absolute Surface Accessibility
# Column 7: Not used
# Column 8: Probability for Alpha-Helix
# Column 9: Probability for Beta-strand
# Column 10: Probability for Coil
E L  2OGFD                  1    0.867 158.753   0.000   0.001   0.000   0.999
E R  2OGFD                  2    0.809 185.186   0.000   0.063   0.005   0.932
E V  2OGFD                  3    0.683 104.980   0.000   0.340   0.012   0.648
E E  2OGFD                  4    0.698 121.893   0.000   0.354   0.017   0.629
E E  2OGFD                  5    0.611 106.773   0.000   0.630   0.008   0.361
E T  2OGFD                  6    0.543  75.334   0.000   0.531   0.012   0.457
E E  2OGFD                  7    0.649 113.361   0.000   0.729   0.008   0.264
E V  2OGFD                  8    0.428  65.834   0.000   0.854   0.004   0.142
E F  2OGFD                  9    0.292  58.573   0.000   0.871   0.001   0.128
E K  2OGFD                 10    0.537 110.470   0.000   0.890   0.002   0.108
E K  2OGFD                 11    0.613 126.175   0.000   0.877   0.002   0.121
E Y  2OGFD                 12    0.472 100.829   0.000   0.728   0.002   0.270
E F  2OGFD                 13    0.275  55.124   0.000   0.368   0.007   0.625
E K  2OGFD                 14    0.742 152.581   0.000   0.179   0.003   0.818
E N  2OGFD                 15    0.870 127.319   0.000   0.105   0.002   0.893
E L  2OGFD                 16    0.252  46.053   0.000   0.011   0.018   0.970
E T  2OGFD                 17    0.493  68.433   0.000   0.004   0.003   0.992
E D  2OGFD                 18    0.591  85.093   0.000   0.905   0.000   0.095
E R  2OGFD                 19    0.526 120.483   0.000   0.995   0.000   0.005
E E  2OGFD                 20    0.479  83.678   0.000   0.997   0.000   0.003
E R  2OGFD                 21    0.425  97.356   0.000   0.998   0.000   0.002
B A  2OGFD                 22    0.120  13.231   0.000   0.997   0.000   0.002
E V  2OGFD                 23    0.269  41.289   0.000   0.996   0.000   0.004
E F  2OGFD                 24    0.466  93.469   0.000   0.998   0.000   0.002
E E  2OGFD                 25    0.374  65.420   0.000   0.997   0.000   0.002
B G  2OGFD                 26    0.124   9.779   0.000   0.998   0.000   0.002
B G  2OGFD                 27    0.230  18.136   0.000   0.997   0.000   0.003
E I  2OGFD                 28    0.376  69.491   0.000   0.997   0.000   0.003
E T  2OGFD                 29    0.314  43.533   0.000   0.992   0.000   0.008
B L  2OGFD                 30    0.194  35.559   0.000   0.996   0.000   0.004
E G  2OGFD                 31    0.267  20.980   0.000   0.996   0.000   0.004
E A  2OGFD                 32    0.399  43.956   0.000   0.996   0.000   0.004
E L  2OGFD                 33    0.278  50.948   0.000   0.995   0.000   0.005
E F  2OGFD                 34    0.261  52.479   0.000   0.991   0.000   0.009
E H  2OGFD                 35    0.505  91.775   0.000   0.980   0.000   0.020
E Q  2OGFD                 36    0.619 110.477   0.000   0.915   0.001   0.084
E F  2OGFD                 37    0.357  71.730   0.000   0.801   0.001   0.199
E V  2OGFD                 38    0.339  52.038   0.000   0.169   0.008   0.823
E G  2OGFD                 39    0.497  39.109   0.000   0.004   0.007   0.990
B T  2OGFD                 40    0.243  33.760   0.000   0.000   0.052   0.947
E P  2OGFD                 41    0.470  66.677   0.000   0.000   0.359   0.640
B V  2OGFD                 42    0.120  18.385   0.000   0.002   0.302   0.696
E S  2OGFD                 43    0.295  34.607   0.000   0.002   0.083   0.914
E K  2OGFD                 44    0.588 120.970   0.000   0.279   0.005   0.716
E Y  2OGFD                 45    0.728 155.587   0.000   0.254   0.002   0.744
E N  2OGFD                 46    0.362  53.026   0.000   0.267   0.008   0.725
E K  2OGFD                 47    0.392  80.698   0.000   0.957   0.001   0.042
E E  2OGFD                 48    0.673 117.638   0.000   0.976   0.000   0.024
E S  2OGFD                 49    0.276  32.364   0.000   0.989   0.000   0.011
B L  2OGFD                 50    0.125  22.898   0.000   0.996   0.000   0.004
E E  2OGFD                 51    0.400  69.889   0.000   0.999   0.000   0.001
E R  2OGFD                 52    0.536 122.733   0.000   0.998   0.000   0.002
B A  2OGFD                 53    0.126  13.940   0.000   0.999   0.000   0.001
B I  2OGFD                 54    0.169  31.246   0.000   0.996   0.000   0.003
E E  2OGFD                 55    0.576 100.548   0.000   0.992   0.000   0.008
E E  2OGFD                 56    0.574 100.266   0.000   0.958   0.000   0.042
B A  2OGFD                 57    0.083   9.153   0.000   0.637   0.001   0.362
E K  2OGFD                 58    0.576 118.465   0.000   0.276   0.011   0.713
E N  2OGFD                 59    0.732 107.195   0.000   0.204   0.006   0.790
E Q  2OGFD                 60    0.294  52.465   0.000   0.013   0.005   0.982
E P  2OGFD                 61    0.473  67.075   0.000   0.021   0.008   0.971
E C  2OGFD                 62    0.277  38.884   0.000   0.029   0.099   0.873
B V  2OGFD                 63    0.140  21.447   0.000   0.000   0.963   0.037
E Y  2OGFD                 64    0.542 115.776   0.000   0.000   0.979   0.020
E D  2OGFD                 65    0.531  76.559   0.000   0.000   0.998   0.002
B I  2OGFD                 66    0.130  24.044   0.000   0.000   0.995   0.005
E K  2OGFD                 67    0.536 110.344   0.000   0.000   0.999   0.001
B V  2OGFD                 68    0.194  29.825   0.000   0.000   0.997   0.003
E K  2OGFD                 69    0.518 106.618   0.000   0.000   0.995   0.005
E I  2OGFD                 70    0.273  50.501   0.000   0.000   0.983   0.017
E R  2OGFD                 71    0.478 109.483   0.000   0.001   0.829   0.170
E N  2OGFD                 72    0.590  86.437   0.000   0.009   0.646   0.345
E V  2OGFD                 73    0.480  73.777   0.000   0.023   0.407   0.571
E G  2OGFD                 74    0.719  56.609   0.000   0.043   0.033   0.924
E E  2OGFD                 75    0.836 146.015   0.000   0.038   0.012   0.951
E K  2OGFD                 76    0.583 119.903   0.000   0.038   0.251   0.711
E Y  2OGFD                 77    0.408  87.271   0.000   0.005   0.639   0.356
E V  2OGFD                 78    0.267  41.081   0.000   0.005   0.859   0.135
E S  2OGFD                 79    0.333  39.081   0.000   0.004   0.953   0.043
B L  2OGFD                 80    0.092  16.840   0.000   0.002   0.940   0.058
E D  2OGFD                 81    0.539  77.719   0.000   0.001   0.877   0.121
B G  2OGFD                 82    0.234  18.385   0.000   0.001   0.874   0.125
E K  2OGFD                 83    0.559 114.995   0.000   0.001   0.888   0.111
B L  2OGFD                 84    0.081  14.772   0.000   0.001   0.923   0.076
E D  2OGFD                 85    0.435  62.620   0.000   0.000   0.976   0.024
B V  2OGFD                 86    0.031   4.689   0.000   0.000   0.994   0.006
E D  2OGFD                 87    0.364  52.504   0.000   0.000   0.998   0.001
B L  2OGFD                 88    0.035   6.484   0.000   0.000   0.999   0.001
E K  2OGFD                 89    0.352  72.304   0.000   0.000   0.999   0.001
B I  2OGFD                 90    0.054   9.975   0.000   0.000   0.999   0.001
E K  2OGFD                 91    0.425  87.512   0.000   0.000   0.995   0.005
B I  2OGFD                 92    0.145  26.789   0.000   0.000   0.985   0.015
E N  2OGFD                 93    0.756 110.624   0.000   0.011   0.005   0.984
E K  2OGFD                 94    0.839 172.541   0.000   0.002   0.001   0.996
B T  2OGFD                 95    0.210  29.189   0.000   0.000   0.956   0.044
E V  2OGFD                 96    0.270  41.519   0.000   0.000   0.996   0.004
B A  2OGFD                 97    0.020   2.163   0.000   0.000   0.999   0.001
E H  2OGFD                 98    0.303  55.056   0.000   0.000   0.999   0.001
B L  2OGFD                 99    0.027   4.998   0.000   0.000   0.999   0.001
E K  2OGFD                100    0.370  76.211   0.000   0.000   0.998   0.002
B L  2OGFD                101    0.057  10.412   0.000   0.000   0.992   0.008
E E  2OGFD                102    0.420  73.414   0.000   0.001   0.978   0.022
B Y  2OGFD                103    0.245  52.391   0.000   0.002   0.932   0.067
B I  2OGFD                104    0.178  32.966   0.000   0.005   0.605   0.390
E P  2OGFD                105    0.562  79.747   0.000   0.834   0.011   0.155
E E  2OGFD                106    0.814 142.190   0.000   0.832   0.002   0.166
E I  2OGFD                107    0.423  78.276   0.000   0.646   0.003   0.351
E D  2OGFD                108    0.859 123.741   0.000   0.013   0.006   0.982
E Y  2OGFD                109    0.398  85.055   0.000   0.006   0.245   0.749
E P  2OGFD                110    0.500  70.949   0.000   0.046   0.202   0.752
E L  2OGFD                111    0.394  72.170   0.000   0.056   0.446   0.499
E Y  2OGFD                112    0.396  84.522   0.000   0.059   0.610   0.332
E V  2OGFD                113    0.434  66.645   0.000   0.024   0.760   0.216
E K  2OGFD                114    0.507 104.207   0.000   0.014   0.685   0.301
E K  2OGFD                115    0.619 127.332   0.000   0.010   0.490   0.501
E F  2OGFD                116    0.667 133.923   0.000   0.009   0.083   0.908
E E  2OGFD                117    0.826 144.295   0.000   0.007   0.037   0.956
E E  2OGFD                118    0.950 165.933   0.000   0.000   0.000   1.000
