# For publication of results, please cite:
# ...
# ... Michael Schantz Klausen, Martin Closter Jespersen, Henrik Nielsen, Kamilla Kjærgaard Jensen, 
# ... Vanessa Isabell Jurtz, Casper Kaae Sønderby, Morten Otto Alexander Sommer, Ole Winther, 
# ... Morten Nielsen, Bent Petersen, and Paolo Marcatili. 
# ... NetSurfP-2.0: Improved prediction of protein structural features by integrated deep learning.
# ... Proteins: Structure, Function, and Bioinformatics (Feb. 2019).
# ... https://doi.org/10.1002/prot.25674
# ...
#
# Column 1: Class assignment - B for buried or E for Exposed - Threshold: 25% exposure, but not based on RSA
# Column 2: Amino acid
# Column 3: Sequence name
# Column 4: Amino acid number
# Column 5: Relative Surface Accessibility - RSA
# Column 6: Absolute Surface Accessibility
# Column 7: Not used
# Column 8: Probability for Alpha-Helix
# Column 9: Probability for Beta-strand
# Column 10: Probability for Coil
E M  2HI7B                  1    0.769 153.842   0.000   0.007   0.000   0.993
E L  2HI7B                  2    0.610 111.768   0.000   0.198   0.003   0.799
E R  2HI7B                  3    0.618 141.557   0.000   0.353   0.005   0.641
E F  2HI7B                  4    0.537 107.861   0.000   0.418   0.002   0.580
E L  2HI7B                  5    0.503  92.170   0.000   0.522   0.001   0.477
E N  2HI7B                  6    0.549  80.363   0.000   0.513   0.001   0.486
E Q  2HI7B                  7    0.587 104.824   0.000   0.522   0.001   0.477
E A  2HI7B                  8    0.474  52.207   0.000   0.500   0.003   0.497
E S  2HI7B                  9    0.478  56.038   0.000   0.341   0.004   0.655
E Q  2HI7B                 10    0.702 125.409   0.000   0.185   0.002   0.813
E G  2HI7B                 11    0.545  42.887   0.000   0.113   0.003   0.884
E R  2HI7B                 12    0.558 127.671   0.000   0.212   0.003   0.785
E G  2HI7B                 13    0.473  37.256   0.000   0.597   0.003   0.400
B A  2HI7B                 14    0.148  16.274   0.000   0.921   0.001   0.078
E W  2HI7B                 15    0.272  65.357   0.000   0.986   0.000   0.014
E L  2HI7B                 16    0.493  90.335   0.000   0.996   0.000   0.004
E L  2HI7B                 17    0.393  71.900   0.000   0.997   0.000   0.002
B M  2HI7B                 18    0.074  14.742   0.000   0.998   0.000   0.002
E A  2HI7B                 19    0.264  29.110   0.000   0.999   0.000   0.001
E F  2HI7B                 20    0.527 105.782   0.000   0.999   0.000   0.001
B T  2HI7B                 21    0.248  34.346   0.000   0.999   0.000   0.001
B A  2HI7B                 22    0.033   3.671   0.000   0.999   0.000   0.001
E L  2HI7B                 23    0.394  72.232   0.000   0.999   0.000   0.001
E A  2HI7B                 24    0.422  46.538   0.000   0.998   0.000   0.002
B L  2HI7B                 25    0.119  21.741   0.000   0.998   0.000   0.002
B E  2HI7B                 26    0.146  25.590   0.000   0.998   0.000   0.002
E L  2HI7B                 27    0.426  78.012   0.000   0.998   0.000   0.002
E T  2HI7B                 28    0.335  46.532   0.000   0.995   0.000   0.005
B A  2HI7B                 29    0.025   2.749   0.000   0.997   0.000   0.003
B L  2HI7B                 30    0.186  34.052   0.000   0.997   0.000   0.003
E W  2HI7B                 31    0.452 108.802   0.000   0.996   0.000   0.004
B F  2HI7B                 32    0.188  37.677   0.000   0.993   0.000   0.007
B Q  2HI7B                 33    0.084  15.091   0.000   0.991   0.000   0.009
E H  2HI7B                 34    0.556 101.162   0.000   0.984   0.000   0.016
E V  2HI7B                 35    0.621  95.411   0.000   0.892   0.001   0.107
E M  2HI7B                 36    0.383  76.586   0.000   0.234   0.000   0.765
E L  2HI7B                 37    0.713 130.627   0.000   0.012   0.000   0.988
B L  2HI7B                 38    0.185  33.838   0.000   0.002   0.029   0.970
E K  2HI7B                 39    0.586 120.641   0.000   0.002   0.103   0.895
B P  2HI7B                 40    0.148  20.932   0.000   0.009   0.238   0.753
B C  2HI7B                 41    0.085  11.918   0.000   0.032   0.059   0.910
E V  2HI7B                 42    0.351  54.006   0.000   0.978   0.000   0.021
B L  2HI7B                 43    0.172  31.440   0.000   0.980   0.001   0.019
B C  2HI7B                 44    0.018   2.487   0.000   0.988   0.000   0.012
E I  2HI7B                 45    0.264  48.785   0.000   0.995   0.000   0.005
E Y  2HI7B                 46    0.348  74.397   0.000   0.992   0.000   0.008
B E  2HI7B                 47    0.025   4.416   0.000   0.996   0.000   0.004
B R  2HI7B                 48    0.130  29.711   0.000   0.997   0.000   0.003
E V  2HI7B                 49    0.386  59.254   0.000   0.996   0.000   0.004
B A  2HI7B                 50    0.071   7.849   0.000   0.998   0.000   0.002
B L  2HI7B                 51    0.049   9.043   0.000   0.999   0.000   0.001
E F  2HI7B                 52    0.316  63.356   0.000   0.997   0.000   0.003
B G  2HI7B                 53    0.175  13.800   0.000   0.996   0.000   0.004
B V  2HI7B                 54    0.100  15.349   0.000   0.999   0.000   0.001
B L  2HI7B                 55    0.157  28.814   0.000   0.999   0.000   0.001
E G  2HI7B                 56    0.286  22.537   0.000   0.999   0.000   0.001
B A  2HI7B                 57    0.200  22.070   0.000   0.999   0.000   0.001
B A  2HI7B                 58    0.055   6.019   0.000   0.999   0.000   0.001
E L  2HI7B                 59    0.265  48.568   0.000   0.999   0.000   0.001
E I  2HI7B                 60    0.317  58.576   0.000   0.997   0.000   0.003
B G  2HI7B                 61    0.047   3.701   0.000   0.996   0.000   0.004
B A  2HI7B                 62    0.187  20.603   0.000   0.972   0.000   0.028
E I  2HI7B                 63    0.576 106.573   0.000   0.851   0.000   0.149
E A  2HI7B                 64    0.319  35.110   0.000   0.009   0.001   0.990
E P  2HI7B                 65    0.594  84.358   0.000   0.009   0.001   0.990
E K  2HI7B                 66    0.788 162.131   0.000   0.007   0.001   0.992
E T  2HI7B                 67    0.363  50.412   0.000   0.063   0.003   0.933
E P  2HI7B                 68    0.697  98.844   0.000   0.699   0.001   0.300
E L  2HI7B                 69    0.306  56.061   0.000   0.881   0.001   0.118
E R  2HI7B                 70    0.256  58.683   0.000   0.991   0.000   0.008
E Y  2HI7B                 71    0.568 121.433   0.000   0.997   0.000   0.003
E V  2HI7B                 72    0.425  65.251   0.000   0.997   0.000   0.003
B A  2HI7B                 73    0.052   5.680   0.000   0.999   0.000   0.001
B M  2HI7B                 74    0.192  38.333   0.000   0.999   0.000   0.001
E V  2HI7B                 75    0.511  78.566   0.000   0.998   0.000   0.002
E I  2HI7B                 76    0.261  48.322   0.000   0.998   0.000   0.001
B W  2HI7B                 77    0.081  19.390   0.000   0.999   0.000   0.001
E L  2HI7B                 78    0.361  66.117   0.000   0.999   0.000   0.001
E Y  2HI7B                 79    0.529 113.130   0.000   0.998   0.000   0.002
B S  2HI7B                 80    0.050   5.908   0.000   0.998   0.000   0.002
B A  2HI7B                 81    0.051   5.651   0.000   0.999   0.000   0.001
E F  2HI7B                 82    0.545 109.376   0.000   0.997   0.000   0.003
E R  2HI7B                 83    0.373  85.407   0.000   0.998   0.000   0.002
B G  2HI7B                 84    0.014   1.125   0.000   0.999   0.000   0.001
E V  2HI7B                 85    0.310  47.652   0.000   0.999   0.000   0.001
E Q  2HI7B                 86    0.487  86.890   0.000   0.998   0.000   0.002
B L  2HI7B                 87    0.146  26.704   0.000   0.997   0.000   0.003
B T  2HI7B                 88    0.043   5.957   0.000   0.998   0.000   0.002
E Y  2HI7B                 89    0.490 104.645   0.000   0.998   0.000   0.002
E E  2HI7B                 90    0.381  66.486   0.000   0.996   0.000   0.004
B H  2HI7B                 91    0.059  10.809   0.000   0.993   0.000   0.007
B T  2HI7B                 92    0.193  26.827   0.000   0.990   0.000   0.010
E M  2HI7B                 93    0.479  95.792   0.000   0.978   0.000   0.022
E L  2HI7B                 94    0.261  47.770   0.000   0.944   0.000   0.055
B Q  2HI7B                 95    0.208  37.142   0.000   0.896   0.001   0.102
E L  2HI7B                 96    0.533  97.615   0.000   0.691   0.003   0.305
E Y  2HI7B                 97    0.586 125.273   0.000   0.010   0.006   0.983
E P  2HI7B                 98    0.570  80.858   0.000   0.007   0.015   0.978
E S  2HI7B                 99    0.336  39.355   0.000   0.019   0.024   0.958
E P  2HI7B                100    0.637  90.340   0.000   0.051   0.005   0.945
E F  2HI7B                101    0.591 118.638   0.000   0.069   0.029   0.902
B A  2HI7B                102    0.228  25.148   0.000   0.067   0.053   0.880
E T  2HI7B                103    0.413  57.302   0.000   0.069   0.073   0.858
B C  2HI7B                104    0.208  29.252   0.000   0.213   0.036   0.751
E D  2HI7B                105    0.496  71.467   0.000   0.499   0.011   0.490
E F  2HI7B                106    0.345  69.278   0.000   0.741   0.003   0.256
B M  2HI7B                107    0.246  49.196   0.000   0.859   0.003   0.138
E V  2HI7B                108    0.405  62.294   0.000   0.747   0.008   0.244
E R  2HI7B                109    0.550 125.912   0.000   0.648   0.006   0.347
E F  2HI7B                110    0.418  83.902   0.000   0.229   0.006   0.764
E P  2HI7B                111    0.455  64.517   0.000   0.344   0.004   0.653
E E  2HI7B                112    0.747 130.466   0.000   0.320   0.004   0.676
E W  2HI7B                113    0.511 122.852   0.000   0.261   0.013   0.726
B L  2HI7B                114    0.244  44.590   0.000   0.018   0.033   0.949
E P  2HI7B                115    0.405  57.494   0.000   0.015   0.023   0.962
E L  2HI7B                116    0.441  80.826   0.000   0.772   0.001   0.228
E D  2HI7B                117    0.772 111.252   0.000   0.870   0.000   0.130
E K  2HI7B                118    0.587 120.657   0.000   0.842   0.001   0.158
E W  2HI7B                119    0.259  62.308   0.000   0.658   0.001   0.341
E V  2HI7B                120    0.364  55.921   0.000   0.871   0.000   0.129
E P  2HI7B                121    0.490  69.574   0.000   0.928   0.001   0.071
E Q  2HI7B                122    0.438  78.178   0.000   0.936   0.002   0.062
B V  2HI7B                123    0.196  30.084   0.000   0.852   0.005   0.142
E F  2HI7B                124    0.441  88.580   0.000   0.531   0.024   0.445
E V  2HI7B                125    0.462  71.008   0.000   0.246   0.030   0.724
E A  2HI7B                126    0.367  40.409   0.000   0.136   0.059   0.805
E S  2HI7B                127    0.412  48.299   0.000   0.096   0.138   0.766
E G  2HI7B                128    0.337  26.499   0.000   0.070   0.135   0.795
E D  2HI7B                129    0.508  73.272   0.000   0.054   0.179   0.767
B S  2HI7B                130    0.237  27.754   0.000   0.252   0.156   0.592
E A  2HI7B                131    0.369  40.712   0.000   0.280   0.177   0.542
E E  2HI7B                132    0.587 102.524   0.000   0.287   0.295   0.418
E R  2HI7B                133    0.437 100.047   0.000   0.248   0.263   0.489
E Q  2HI7B                134    0.477  85.200   0.000   0.249   0.409   0.342
E W  2HI7B                135    0.312  75.139   0.000   0.413   0.335   0.252
E D  2HI7B                136    0.631  90.979   0.000   0.396   0.508   0.095
E F  2HI7B                137    0.547 109.830   0.000   0.659   0.180   0.161
E L  2HI7B                138    0.440  80.508   0.000   0.508   0.001   0.491
E G  2HI7B                139    0.505  39.753   0.000   0.014   0.005   0.981
B L  2HI7B                140    0.131  24.038   0.000   0.005   0.282   0.712
E E  2HI7B                141    0.399  69.672   0.000   0.012   0.316   0.672
B M  2HI7B                142    0.129  25.814   0.000   0.987   0.000   0.013
B P  2HI7B                143    0.143  20.262   0.000   0.986   0.000   0.014
E Q  2HI7B                144    0.351  62.675   0.000   0.991   0.000   0.008
B W  2HI7B                145    0.221  53.136   0.000   0.996   0.000   0.004
B L  2HI7B                146    0.043   7.932   0.000   0.997   0.000   0.003
E L  2HI7B                147    0.286  52.438   0.000   0.998   0.000   0.002
E G  2HI7B                148    0.328  25.775   0.000   0.998   0.000   0.002
B I  2HI7B                149    0.140  25.875   0.000   0.999   0.000   0.001
B F  2HI7B                150    0.069  13.829   0.000   0.998   0.000   0.002
E I  2HI7B                151    0.410  75.781   0.000   0.997   0.000   0.003
E A  2HI7B                152    0.410  45.223   0.000   0.997   0.000   0.003
B Y  2HI7B                153    0.092  19.564   0.000   0.993   0.000   0.007
B L  2HI7B                154    0.196  35.948   0.000   0.992   0.000   0.008
E I  2HI7B                155    0.520  96.283   0.000   0.992   0.000   0.008
E V  2HI7B                156    0.348  53.421   0.000   0.989   0.000   0.011
B A  2HI7B                157    0.041   4.464   0.000   0.983   0.000   0.017
E V  2HI7B                158    0.378  58.140   0.000   0.968   0.000   0.031
E L  2HI7B                159    0.599 109.757   0.000   0.934   0.000   0.066
B V  2HI7B                160    0.188  28.898   0.000   0.879   0.000   0.121
B V  2HI7B                161    0.188  28.833   0.000   0.796   0.001   0.203
E I  2HI7B                162    0.624 115.389   0.000   0.492   0.002   0.506
E S  2HI7B                163    0.578  67.727   0.000   0.276   0.001   0.723
E Q  2HI7B                164    0.365  65.164   0.000   0.128   0.002   0.870
E P  2HI7B                165    0.612  86.874   0.000   0.251   0.002   0.747
E F  2HI7B                166    0.689 138.351   0.000   0.307   0.001   0.692
E K  2HI7B                167    0.542 111.554   0.000   0.371   0.002   0.626
E A  2HI7B                168    0.478  52.666   0.000   0.305   0.003   0.692
E K  2HI7B                169    0.676 139.037   0.000   0.191   0.002   0.807
E K  2HI7B                170    0.692 142.405   0.000   0.128   0.002   0.870
E R  2HI7B                171    0.644 147.433   0.000   0.055   0.003   0.942
E D  2HI7B                172    0.773 111.400   0.000   0.027   0.002   0.971
E L  2HI7B                173    0.719 131.599   0.000   0.032   0.001   0.967
E F  2HI7B                174    0.747 149.873   0.000   0.011   0.001   0.988
E G  2HI7B                175    0.777  61.157   0.000   0.004   0.001   0.995
E R  2HI7B                176    0.875 200.342   0.000   0.000   0.000   1.000
