# For publication of results, please cite:
# ...
# ... Michael Schantz Klausen, Martin Closter Jespersen, Henrik Nielsen, Kamilla Kjærgaard Jensen, 
# ... Vanessa Isabell Jurtz, Casper Kaae Sønderby, Morten Otto Alexander Sommer, Ole Winther, 
# ... Morten Nielsen, Bent Petersen, and Paolo Marcatili. 
# ... NetSurfP-2.0: Improved prediction of protein structural features by integrated deep learning.
# ... Proteins: Structure, Function, and Bioinformatics (Feb. 2019).
# ... https://doi.org/10.1002/prot.25674
# ...
#
# Column 1: Class assignment - B for buried or E for Exposed - Threshold: 25% exposure, but not based on RSA
# Column 2: Amino acid
# Column 3: Sequence name
# Column 4: Amino acid number
# Column 5: Relative Surface Accessibility - RSA
# Column 6: Absolute Surface Accessibility
# Column 7: Not used
# Column 8: Probability for Alpha-Helix
# Column 9: Probability for Beta-strand
# Column 10: Probability for Coil
E M  1KNVB                  1    0.783 156.757   0.000   0.000   0.000   1.000
E T  1KNVB                  2    0.831 115.205   0.000   0.001   0.005   0.994
E T  1KNVB                  3    0.683  94.779   0.000   0.003   0.015   0.981
E N  1KNVB                  4    0.724 105.940   0.000   0.009   0.029   0.962
E L  1KNVB                  5    0.317  58.007   0.000   0.022   0.030   0.948
E T  1KNVB                  6    0.529  73.413   0.000   0.040   0.046   0.913
E N  1KNVB                  7    0.518  75.773   0.000   0.169   0.045   0.787
E S  1KNVB                  8    0.651  76.239   0.000   0.177   0.014   0.810
E N  1KNVB                  9    0.570  83.508   0.000   0.191   0.060   0.749
B C  1KNVB                 10    0.159  22.372   0.000   0.148   0.210   0.643
B V  1KNVB                 11    0.238  36.595   0.000   0.043   0.646   0.311
E E  1KNVB                 12    0.459  80.154   0.000   0.041   0.769   0.189
E E  1KNVB                 13    0.428  74.743   0.000   0.024   0.835   0.142
E Y  1KNVB                 14    0.385  82.294   0.000   0.017   0.876   0.107
E K  1KNVB                 15    0.506 104.111   0.000   0.020   0.810   0.171
E E  1KNVB                 16    0.637 111.317   0.000   0.028   0.664   0.308
E N  1KNVB                 17    0.721 105.603   0.000   0.030   0.181   0.789
E G  1KNVB                 18    0.760  59.780   0.000   0.024   0.009   0.967
E K  1KNVB                 19    0.657 135.083   0.000   0.019   0.104   0.877
E T  1KNVB                 20    0.452  62.748   0.000   0.010   0.320   0.670
E K  1KNVB                 21    0.439  90.327   0.000   0.005   0.589   0.406
B I  1KNVB                 22    0.139  25.781   0.000   0.001   0.766   0.233
E R  1KNVB                 23    0.393  90.018   0.000   0.001   0.885   0.115
B I  1KNVB                 24    0.092  17.011   0.000   0.001   0.845   0.154
E K  1KNVB                 25    0.329  67.713   0.000   0.010   0.061   0.929
B P  1KNVB                 26    0.155  21.968   0.000   0.943   0.006   0.051
B F  1KNVB                 27    0.248  49.707   0.000   0.961   0.003   0.035
E N  1KNVB                 28    0.272  39.893   0.000   0.961   0.002   0.037
B A  1KNVB                 29    0.070   7.676   0.000   0.972   0.003   0.025
B L  1KNVB                 30    0.068  12.441   0.000   0.971   0.003   0.026
B I  1KNVB                 31    0.185  34.307   0.000   0.970   0.003   0.027
E E  1KNVB                 32    0.369  64.443   0.000   0.951   0.003   0.046
B L  1KNVB                 33    0.127  23.187   0.000   0.927   0.002   0.071
B Y  1KNVB                 34    0.139  29.598   0.000   0.748   0.007   0.244
E H  1KNVB                 35    0.484  87.980   0.000   0.601   0.007   0.392
E H  1KNVB                 36    0.684 124.400   0.000   0.542   0.004   0.454
E Q  1KNVB                 37    0.438  78.237   0.000   0.414   0.010   0.576
E T  1KNVB                 38    0.309  42.828   0.000   0.006   0.013   0.981
E P  1KNVB                 39    0.406  57.608   0.000   0.015   0.003   0.982
E T  1KNVB                 40    0.715  99.114   0.000   0.022   0.008   0.970
E G  1KNVB                 41    0.379  29.799   0.000   0.022   0.041   0.936
E S  1KNVB                 42    0.367  43.008   0.000   0.012   0.095   0.893
B I  1KNVB                 43    0.128  23.608   0.000   0.951   0.001   0.049
E K  1KNVB                 44    0.547 112.551   0.000   0.988   0.000   0.011
E E  1KNVB                 45    0.544  95.106   0.000   0.992   0.000   0.007
B N  1KNVB                 46    0.100  14.691   0.000   0.993   0.000   0.007
B L  1KNVB                 47    0.061  11.241   0.000   0.995   0.000   0.004
E D  1KNVB                 48    0.529  76.179   0.000   0.997   0.000   0.003
E K  1KNVB                 49    0.426  87.543   0.000   0.998   0.000   0.002
B L  1KNVB                 50    0.014   2.484   0.000   0.998   0.000   0.002
E E  1KNVB                 51    0.251  43.839   0.000   0.999   0.000   0.001
E N  1KNVB                 52    0.557  81.504   0.000   0.997   0.000   0.003
E Y  1KNVB                 53    0.263  56.171   0.000   0.996   0.000   0.004
B V  1KNVB                 54    0.013   1.961   0.000   0.997   0.000   0.003
E K  1KNVB                 55    0.399  82.096   0.000   0.995   0.000   0.005
E D  1KNVB                 56    0.577  83.190   0.000   0.993   0.000   0.007
B V  1KNVB                 57    0.096  14.707   0.000   0.994   0.000   0.006
B V  1KNVB                 58    0.066  10.201   0.000   0.984   0.000   0.016
E K  1KNVB                 59    0.655 134.728   0.000   0.966   0.000   0.034
E A  1KNVB                 60    0.709  78.085   0.000   0.872   0.000   0.128
E K  1KNVB                 61    0.491 100.900   0.000   0.304   0.001   0.695
E G  1KNVB                 62    0.794  62.494   0.000   0.007   0.000   0.992
B L  1KNVB                 63    0.237  43.483   0.000   0.010   0.004   0.985
E A  1KNVB                 64    0.608  66.953   0.000   0.009   0.013   0.977
E I  1KNVB                 65    0.459  84.970   0.000   0.002   0.008   0.990
B P  1KNVB                 66    0.111  15.784   0.000   0.008   0.008   0.983
E T  1KNVB                 67    0.537  74.493   0.000   0.010   0.010   0.980
E S  1KNVB                 68    0.557  65.223   0.000   0.658   0.006   0.336
E G  1KNVB                 69    0.444  34.979   0.000   0.755   0.004   0.241
B A  1KNVB                 70    0.097  10.718   0.000   0.921   0.002   0.077
B F  1KNVB                 71    0.107  21.482   0.000   0.938   0.003   0.059
E S  1KNVB                 72    0.522  61.182   0.000   0.829   0.003   0.169
E N  1KNVB                 73    0.458  67.018   0.000   0.717   0.006   0.277
B T  1KNVB                 74    0.042   5.829   0.000   0.402   0.035   0.563
E R  1KNVB                 75    0.445 101.820   0.000   0.141   0.047   0.811
E G  1KNVB                 76    0.316  24.877   0.000   0.206   0.106   0.688
B T  1KNVB                 77    0.199  27.604   0.000   0.245   0.177   0.578
B W  1KNVB                 78    0.077  18.547   0.000   0.987   0.001   0.012
B F  1KNVB                 79    0.130  26.012   0.000   0.998   0.000   0.002
B E  1KNVB                 80    0.111  19.355   0.000   0.998   0.000   0.001
B V  1KNVB                 81    0.024   3.710   0.000   0.999   0.000   0.001
B M  1KNVB                 82    0.022   4.432   0.000   0.999   0.000   0.001
B I  1KNVB                 83    0.030   5.472   0.000   0.999   0.000   0.001
B A  1KNVB                 84    0.013   1.392   0.000   0.999   0.000   0.001
B I  1KNVB                 85    0.028   5.136   0.000   0.998   0.000   0.002
B Q  1KNVB                 86    0.075  13.471   0.000   0.996   0.001   0.004
B S  1KNVB                 87    0.021   2.441   0.000   0.993   0.000   0.006
B W  1KNVB                 88    0.053  12.713   0.000   0.991   0.001   0.008
B N  1KNVB                 89    0.112  16.351   0.000   0.984   0.001   0.015
B Y  1KNVB                 90    0.063  13.447   0.000   0.976   0.002   0.022
B R  1KNVB                 91    0.148  33.946   0.000   0.980   0.002   0.018
B V  1KNVB                 92    0.218  33.568   0.000   0.937   0.003   0.060
E K  1KNVB                 93    0.493 101.448   0.000   0.822   0.003   0.175
E R  1KNVB                 94    0.337  77.129   0.000   0.396   0.006   0.598
E E  1KNVB                 95    0.739 129.147   0.000   0.024   0.002   0.973
E L  1KNVB                 96    0.250  45.819   0.000   0.033   0.041   0.926
E N  1KNVB                 97    0.373  54.610   0.000   0.053   0.084   0.863
E D  1KNVB                 98    0.296  42.587   0.000   0.037   0.320   0.644
B Y  1KNVB                 99    0.060  12.721   0.000   0.001   0.933   0.066
B L  1KNVB                100    0.012   2.139   0.000   0.002   0.984   0.013
B I  1KNVB                101    0.043   7.929   0.000   0.000   0.992   0.008
B I  1KNVB                102    0.013   2.466   0.000   0.000   0.987   0.013
E K  1KNVB                103    0.313  64.477   0.000   0.000   0.912   0.088
B M  1KNVB                104    0.035   6.964   0.000   0.000   0.264   0.735
B P  1KNVB                105    0.231  32.817   0.000   0.015   0.109   0.876
E N  1KNVB                106    0.550  80.545   0.000   0.013   0.081   0.906
E V  1KNVB                107    0.326  50.036   0.000   0.078   0.172   0.750
E K  1KNVB                108    0.639 131.493   0.000   0.033   0.115   0.852
E T  1KNVB                109    0.542  75.114   0.000   0.058   0.289   0.654
E F  1KNVB                110    0.277  55.605   0.000   0.033   0.222   0.746
E D  1KNVB                111    0.404  58.160   0.000   0.034   0.149   0.816
B F  1KNVB                112    0.072  14.548   0.000   0.842   0.002   0.155
E R  1KNVB                113    0.431  98.768   0.000   0.938   0.002   0.060
E K  1KNVB                114    0.543 111.736   0.000   0.840   0.004   0.156
B I  1KNVB                115    0.087  16.077   0.000   0.677   0.006   0.318
B F  1KNVB                116    0.079  15.934   0.000   0.105   0.192   0.703
E D  1KNVB                117    0.402  57.909   0.000   0.010   0.004   0.986
E N  1KNVB                118    0.728 106.601   0.000   0.968   0.000   0.031
E E  1KNVB                119    0.669 116.933   0.000   0.989   0.000   0.011
B T  1KNVB                120    0.075  10.441   0.000   0.994   0.000   0.006
E R  1KNVB                121    0.320  73.379   0.000   0.995   0.000   0.005
E E  1KNVB                122    0.593 103.634   0.000   0.997   0.000   0.003
E K  1KNVB                123    0.361  74.228   0.000   0.997   0.000   0.003
B L  1KNVB                124    0.039   7.170   0.000   0.996   0.000   0.004
E H  1KNVB                125    0.452  82.259   0.000   0.996   0.000   0.004
E Q  1KNVB                126    0.553  98.786   0.000   0.994   0.000   0.006
B L  1KNVB                127    0.075  13.747   0.000   0.994   0.000   0.006
E E  1KNVB                128    0.277  48.319   0.000   0.995   0.000   0.005
E K  1KNVB                129    0.605 124.483   0.000   0.988   0.000   0.012
E S  1KNVB                130    0.380  44.543   0.000   0.979   0.000   0.021
B L  1KNVB                131    0.063  11.496   0.000   0.951   0.001   0.048
E L  1KNVB                132    0.461  84.414   0.000   0.881   0.002   0.118
E T  1KNVB                133    0.672  93.208   0.000   0.650   0.001   0.348
E H  1KNVB                134    0.326  59.256   0.000   0.174   0.003   0.823
E K  1KNVB                135    0.568 116.830   0.000   0.458   0.006   0.536
E Q  1KNVB                136    0.752 134.378   0.000   0.412   0.007   0.581
E Q  1KNVB                137    0.523  93.390   0.000   0.380   0.026   0.594
B V  1KNVB                138    0.123  18.971   0.000   0.014   0.443   0.543
E R  1KNVB                139    0.467 107.013   0.000   0.006   0.799   0.195
B L  1KNVB                140    0.143  26.259   0.000   0.004   0.822   0.174
B I  1KNVB                141    0.222  41.144   0.000   0.007   0.675   0.318
B T  1KNVB                142    0.128  17.694   0.000   0.008   0.526   0.467
B S  1KNVB                143    0.212  24.893   0.000   0.004   0.146   0.850
B N  1KNVB                144    0.250  36.532   0.000   0.000   0.052   0.948
B P  1KNVB                145    0.046   6.506   0.000   0.001   0.014   0.985
B D  1KNVB                146    0.170  24.553   0.000   0.002   0.034   0.964
B L  1KNVB                147    0.037   6.731   0.000   0.000   0.991   0.009
B L  1KNVB                148    0.005   0.848   0.000   0.000   1.000   0.000
B I  1KNVB                149    0.012   2.223   0.000   0.000   1.000   0.000
B I  1KNVB                150    0.006   1.135   0.000   0.000   0.999   0.001
B R  1KNVB                151    0.197  45.148   0.000   0.000   0.984   0.015
B Q  1KNVB                152    0.147  26.166   0.000   0.023   0.727   0.250
E K  1KNVB                153    0.483  99.258   0.000   0.250   0.159   0.592
E D  1KNVB                154    0.530  76.390   0.000   0.315   0.093   0.592
E L  1KNVB                155    0.358  65.575   0.000   0.409   0.047   0.544
B I  1KNVB                156    0.161  29.783   0.000   0.345   0.053   0.601
E K  1KNVB                157    0.469  96.448   0.000   0.464   0.054   0.482
E S  1KNVB                158    0.674  79.036   0.000   0.668   0.011   0.321
E E  1KNVB                159    0.591 103.320   0.000   0.530   0.013   0.457
E Y  1KNVB                160    0.256  54.781   0.000   0.418   0.017   0.565
E N  1KNVB                161    0.555  81.261   0.000   0.152   0.090   0.759
E L  1KNVB                162    0.337  61.734   0.000   0.011   0.214   0.776
E P  1KNVB                163    0.459  65.165   0.000   0.012   0.470   0.518
B I  1KNVB                164    0.095  17.655   0.000   0.186   0.113   0.701
E N  1KNVB                165    0.638  93.438   0.000   0.274   0.040   0.687
E K  1KNVB                166    0.587 120.785   0.000   0.387   0.035   0.578
B L  1KNVB                167    0.049   8.946   0.000   0.045   0.050   0.905
E T  1KNVB                168    0.333  46.192   0.000   0.031   0.052   0.917
E H  1KNVB                169    0.591 107.476   0.000   0.867   0.004   0.130
E E  1KNVB                170    0.685 119.683   0.000   0.876   0.002   0.122
B N  1KNVB                171    0.207  30.295   0.000   0.844   0.003   0.152
B I  1KNVB                172    0.129  23.778   0.000   0.965   0.003   0.033
E D  1KNVB                173    0.602  86.770   0.000   0.985   0.000   0.014
B V  1KNVB                174    0.199  30.644   0.000   0.988   0.001   0.011
B A  1KNVB                175    0.019   2.140   0.000   0.989   0.000   0.011
B L  1KNVB                176    0.243  44.445   0.000   0.986   0.001   0.014
E T  1KNVB                177    0.408  56.617   0.000   0.978   0.000   0.022
B L  1KNVB                178    0.053   9.764   0.000   0.987   0.000   0.012
B F  1KNVB                179    0.073  14.703   0.000   0.971   0.001   0.027
E K  1KNVB                180    0.520 106.912   0.000   0.955   0.001   0.044
E D  1KNVB                181    0.343  49.383   0.000   0.890   0.004   0.106
B I  1KNVB                182    0.038   6.982   0.000   0.829   0.006   0.165
E E  1KNVB                183    0.442  77.229   0.000   0.149   0.055   0.797
E G  1KNVB                184    0.530  41.703   0.000   0.010   0.023   0.967
E K  1KNVB                185    0.516 106.208   0.000   0.009   0.050   0.941
B C  1KNVB                186    0.047   6.537   0.000   0.004   0.143   0.853
E K  1KNVB                187    0.484  99.583   0.000   0.004   0.124   0.872
B W  1KNVB                188    0.143  34.379   0.000   0.949   0.002   0.049
E D  1KNVB                189    0.674  97.085   0.000   0.949   0.003   0.048
B S  1KNVB                190    0.203  23.758   0.000   0.937   0.008   0.055
B L  1KNVB                191    0.032   5.949   0.000   0.002   0.878   0.120
B V  1KNVB                192    0.142  21.753   0.000   0.001   0.949   0.050
B A  1KNVB                193    0.023   2.549   0.000   0.000   0.995   0.005
B G  1KNVB                194    0.010   0.759   0.000   0.000   0.999   0.001
B V  1KNVB                195    0.009   1.401   0.000   0.000   0.998   0.002
B G  1KNVB                196    0.009   0.737   0.000   0.000   0.993   0.007
B L  1KNVB                197    0.017   3.114   0.000   0.000   0.965   0.034
B K  1KNVB                198    0.107  22.009   0.000   0.000   0.904   0.095
B T  1KNVB                199    0.129  17.841   0.000   0.002   0.535   0.463
B S  1KNVB                200    0.154  18.008   0.000   0.005   0.279   0.716
E L  1KNVB                201    0.313  57.396   0.000   0.012   0.057   0.931
E R  1KNVB                202    0.370  84.667   0.000   0.041   0.023   0.936
E P  1KNVB                203    0.397  56.371   0.000   0.205   0.010   0.785
E D  1KNVB                204    0.358  51.637   0.000   0.349   0.008   0.643
E R  1KNVB                205    0.390  89.220   0.000   0.485   0.014   0.500
E R  1KNVB                206    0.419  95.891   0.000   0.510   0.016   0.473
B L  1KNVB                207    0.249  45.604   0.000   0.532   0.017   0.451
B Q  1KNVB                208    0.198  35.411   0.000   0.799   0.012   0.189
B L  1KNVB                209    0.123  22.537   0.000   0.956   0.005   0.038
B V  1KNVB                210    0.223  34.292   0.000   0.978   0.002   0.020
B H  1KNVB                211    0.154  28.078   0.000   0.987   0.002   0.011
B E  1KNVB                212    0.062  10.823   0.000   0.994   0.000   0.006
B G  1KNVB                213    0.053   4.157   0.000   0.997   0.000   0.003
B N  1KNVB                214    0.209  30.649   0.000   0.997   0.000   0.003
B I  1KNVB                215    0.045   8.341   0.000   0.999   0.000   0.001
B L  1KNVB                216    0.020   3.745   0.000   0.998   0.000   0.002
B K  1KNVB                217    0.213  43.881   0.000   0.999   0.000   0.001
B S  1KNVB                218    0.097  11.380   0.000   0.999   0.000   0.001
B L  1KNVB                219    0.015   2.784   0.000   0.998   0.000   0.002
B F  1KNVB                220    0.065  13.038   0.000   0.998   0.001   0.002
B A  1KNVB                221    0.171  18.817   0.000   0.997   0.000   0.002
B H  1KNVB                222    0.124  22.638   0.000   0.988   0.001   0.011
B L  1KNVB                223    0.035   6.420   0.000   0.923   0.004   0.074
E K  1KNVB                224    0.311  63.933   0.000   0.777   0.013   0.210
E M  1KNVB                225    0.339  67.928   0.000   0.605   0.018   0.377
E R  1KNVB                226    0.279  63.812   0.000   0.287   0.062   0.651
E Y  1KNVB                227    0.506 108.106   0.000   0.270   0.098   0.632
E W  1KNVB                228    0.332  79.821   0.000   0.163   0.082   0.755
E N  1KNVB                229    0.355  51.962   0.000   0.004   0.039   0.957
E P  1KNVB                230    0.659  93.531   0.000   0.032   0.004   0.963
E K  1KNVB                231    0.798 164.154   0.000   0.034   0.003   0.962
B A  1KNVB                232    0.193  21.283   0.000   0.022   0.029   0.949
E E  1KNVB                233    0.607 105.980   0.000   0.006   0.189   0.805
B F  1KNVB                234    0.095  19.057   0.000   0.002   0.631   0.367
E K  1KNVB                235    0.321  66.116   0.000   0.001   0.881   0.118
B Y  1KNVB                236    0.069  14.665   0.000   0.000   0.986   0.014
B Y  1KNVB                237    0.133  28.396   0.000   0.000   0.993   0.007
B G  1KNVB                238    0.034   2.682   0.000   0.000   0.994   0.006
B A  1KNVB                239    0.058   6.362   0.000   0.000   0.990   0.010
B S  1KNVB                240    0.062   7.298   0.000   0.000   0.966   0.034
B S  1KNVB                241    0.238  27.897   0.000   0.001   0.324   0.675
E E  1KNVB                242    0.460  80.340   0.000   0.001   0.144   0.855
E P  1KNVB                243    0.573  81.379   0.000   0.002   0.065   0.932
B V  1KNVB                244    0.229  35.141   0.000   0.018   0.062   0.920
E S  1KNVB                245    0.487  57.116   0.000   0.048   0.024   0.928
E K  1KNVB                246    0.714 146.858   0.000   0.672   0.002   0.326
E A  1KNVB                247    0.406  44.714   0.000   0.805   0.002   0.193
E D  1KNVB                248    0.281  40.441   0.000   0.816   0.001   0.183
E D  1KNVB                249    0.330  47.553   0.000   0.971   0.000   0.028
E D  1KNVB                250    0.582  83.802   0.000   0.986   0.000   0.014
B A  1KNVB                251    0.184  20.234   0.000   0.987   0.000   0.013
B L  1KNVB                252    0.080  14.726   0.000   0.985   0.001   0.014
E Q  1KNVB                253    0.429  76.706   0.000   0.958   0.002   0.040
E T  1KNVB                254    0.446  61.792   0.000   0.897   0.002   0.101
B A  1KNVB                255    0.101  11.127   0.000   0.702   0.010   0.288
B A  1KNVB                256    0.097  10.656   0.000   0.191   0.033   0.775
E T  1KNVB                257    0.305  42.268   0.000   0.132   0.141   0.727
B H  1KNVB                258    0.205  37.287   0.000   0.073   0.453   0.474
B T  1KNVB                259    0.139  19.284   0.000   0.021   0.828   0.150
B I  1KNVB                260    0.108  19.968   0.000   0.019   0.893   0.088
B V  1KNVB                261    0.119  18.227   0.000   0.011   0.905   0.084
B N  1KNVB                262    0.221  32.410   0.000   0.008   0.675   0.317
E V  1KNVB                263    0.309  47.541   0.000   0.011   0.190   0.799
E N  1KNVB                264    0.751 109.945   0.000   0.005   0.017   0.978
E S  1KNVB                265    0.327  38.329   0.000   0.004   0.038   0.958
E T  1KNVB                266    0.660  91.497   0.000   0.001   0.162   0.836
E P  1KNVB                267    0.402  57.063   0.000   0.017   0.265   0.718
E E  1KNVB                268    0.467  81.521   0.000   0.009   0.757   0.234
E R  1KNVB                269    0.463 106.086   0.000   0.007   0.840   0.153
B A  1KNVB                270    0.063   6.927   0.000   0.020   0.296   0.684
B V  1KNVB                271    0.061   9.385   0.000   0.002   0.614   0.384
E D  1KNVB                272    0.312  44.988   0.000   0.002   0.713   0.285
E D  1KNVB                273    0.309  44.596   0.000   0.002   0.974   0.024
B I  1KNVB                274    0.199  36.816   0.000   0.001   0.991   0.008
B F  1KNVB                275    0.099  19.927   0.000   0.000   0.997   0.003
E S  1KNVB                276    0.333  39.004   0.000   0.001   0.975   0.024
B L  1KNVB                277    0.036   6.514   0.000   0.001   0.551   0.448
E T  1KNVB                278    0.604  83.810   0.000   0.000   0.006   0.994
E S  1KNVB                279    0.326  38.195   0.000   0.001   0.016   0.983
B F  1KNVB                280    0.220  44.240   0.000   0.967   0.001   0.032
E E  1KNVB                281    0.642 112.226   0.000   0.983   0.000   0.017
E D  1KNVB                282    0.341  49.180   0.000   0.992   0.000   0.007
B I  1KNVB                283    0.013   2.427   0.000   0.992   0.000   0.008
E D  1KNVB                284    0.308  44.454   0.000   0.996   0.000   0.004
E K  1KNVB                285    0.560 115.135   0.000   0.997   0.000   0.003
B M  1KNVB                286    0.093  18.541   0.000   0.998   0.000   0.002
B L  1KNVB                287    0.035   6.319   0.000   0.994   0.000   0.006
E D  1KNVB                288    0.464  66.897   0.000   0.989   0.000   0.011
E Q  1KNVB                289    0.553  98.726   0.000   0.980   0.000   0.020
B I  1KNVB                290    0.099  18.320   0.000   0.961   0.001   0.039
B I  1KNVB                291    0.164  30.329   0.000   0.695   0.012   0.293
E K  1KNVB                292    0.697 143.392   0.000   0.264   0.025   0.711
E K  1KNVB                293    0.822 169.034   0.000   0.002   0.000   0.998
