# For publication of results, please cite:
# ...
# ... Michael Schantz Klausen, Martin Closter Jespersen, Henrik Nielsen, Kamilla Kjærgaard Jensen, 
# ... Vanessa Isabell Jurtz, Casper Kaae Sønderby, Morten Otto Alexander Sommer, Ole Winther, 
# ... Morten Nielsen, Bent Petersen, and Paolo Marcatili. 
# ... NetSurfP-2.0: Improved prediction of protein structural features by integrated deep learning.
# ... Proteins: Structure, Function, and Bioinformatics (Feb. 2019).
# ... https://doi.org/10.1002/prot.25674
# ...
#
# Column 1: Class assignment - B for buried or E for Exposed - Threshold: 25% exposure, but not based on RSA
# Column 2: Amino acid
# Column 3: Sequence name
# Column 4: Amino acid number
# Column 5: Relative Surface Accessibility - RSA
# Column 6: Absolute Surface Accessibility
# Column 7: Not used
# Column 8: Probability for Alpha-Helix
# Column 9: Probability for Beta-strand
# Column 10: Probability for Coil
E M  1IMBB                  1    0.870 174.154   0.000   0.000   0.000   1.000
E A  1IMBB                  2    0.864  95.182   0.000   0.002   0.002   0.997
E D  1IMBB                  3    0.607  87.430   0.000   0.009   0.001   0.990
E P  1IMBB                  4    0.428  60.751   0.000   0.712   0.001   0.287
B W  1IMBB                  5    0.162  38.860   0.000   0.857   0.002   0.141
E Q  1IMBB                  6    0.486  86.836   0.000   0.976   0.001   0.023
E E  1IMBB                  7    0.512  89.525   0.000   0.991   0.000   0.009
B C  1IMBB                  8    0.053   7.502   0.000   0.993   0.000   0.007
B M  1IMBB                  9    0.081  16.172   0.000   0.997   0.000   0.003
E D  1IMBB                 10    0.558  80.471   0.000   0.998   0.000   0.002
B Y  1IMBB                 11    0.193  41.265   0.000   0.998   0.000   0.001
B A  1IMBB                 12    0.006   0.645   0.000   0.999   0.000   0.001
B V  1IMBB                 13    0.095  14.610   0.000   1.000   0.000   0.000
E T  1IMBB                 14    0.422  58.585   0.000   1.000   0.000   0.000
B L  1IMBB                 15    0.038   7.008   0.000   1.000   0.000   0.000
B A  1IMBB                 16    0.005   0.565   0.000   1.000   0.000   0.000
E R  1IMBB                 17    0.397  90.879   0.000   0.999   0.000   0.001
E Q  1IMBB                 18    0.406  72.572   0.000   0.997   0.000   0.003
B A  1IMBB                 19    0.009   0.940   0.000   0.996   0.000   0.004
B G  1IMBB                 20    0.023   1.841   0.000   0.997   0.000   0.003
E E  1IMBB                 21    0.543  94.880   0.000   0.997   0.000   0.003
B V  1IMBB                 22    0.150  23.101   0.000   0.998   0.000   0.002
B V  1IMBB                 23    0.011   1.627   0.000   0.997   0.000   0.003
B C  1IMBB                 24    0.154  21.558   0.000   0.987   0.000   0.013
E E  1IMBB                 25    0.601 105.005   0.000   0.960   0.000   0.040
B A  1IMBB                 26    0.169  18.590   0.000   0.936   0.000   0.064
B I  1IMBB                 27    0.156  28.902   0.000   0.648   0.004   0.348
E K  1IMBB                 28    0.630 129.691   0.000   0.404   0.005   0.591
E N  1IMBB                 29    0.730 106.925   0.000   0.219   0.001   0.780
E E  1IMBB                 30    0.701 122.548   0.000   0.147   0.006   0.848
E M  1IMBB                 31    0.251  50.148   0.000   0.041   0.029   0.930
E N  1IMBB                 32    0.740 108.386   0.000   0.010   0.127   0.863
E V  1IMBB                 33    0.251  38.564   0.000   0.020   0.393   0.586
E M  1IMBB                 34    0.442  88.371   0.000   0.009   0.624   0.367
E L  1IMBB                 35    0.462  84.545   0.000   0.009   0.512   0.479
E K  1IMBB                 36    0.348  71.658   0.000   0.004   0.232   0.764
E S  1IMBB                 37    0.759  88.988   0.000   0.003   0.032   0.965
E S  1IMBB                 38    0.357  41.800   0.000   0.004   0.018   0.978
E P  1IMBB                 39    0.683  96.862   0.000   0.029   0.002   0.969
E V  1IMBB                 40    0.593  91.072   0.000   0.021   0.006   0.973
E D  1IMBB                 41    0.394  56.723   0.000   0.056   0.050   0.894
B L  1IMBB                 42    0.245  44.874   0.000   0.063   0.093   0.844
B V  1IMBB                 43    0.102  15.634   0.000   0.132   0.196   0.671
B T  1IMBB                 44    0.193  26.736   0.000   0.354   0.105   0.542
E A  1IMBB                 45    0.385  42.407   0.000   0.997   0.000   0.003
B T  1IMBB                 46    0.060   8.348   0.000   0.999   0.000   0.001
B D  1IMBB                 47    0.028   4.071   0.000   0.999   0.000   0.001
E Q  1IMBB                 48    0.368  65.720   0.000   0.999   0.000   0.001
E K  1IMBB                 49    0.404  83.193   0.000   0.999   0.000   0.001
B V  1IMBB                 50    0.006   0.998   0.000   0.999   0.000   0.001
B E  1IMBB                 51    0.116  20.222   0.000   0.999   0.000   0.001
E K  1IMBB                 52    0.578 118.834   0.000   0.999   0.000   0.001
B M  1IMBB                 53    0.192  38.442   0.000   0.999   0.000   0.001
B L  1IMBB                 54    0.007   1.325   0.000   0.999   0.000   0.001
B I  1IMBB                 55    0.090  16.615   0.000   0.999   0.000   0.001
E S  1IMBB                 56    0.457  53.614   0.000   0.997   0.000   0.003
B S  1IMBB                 57    0.123  14.377   0.000   0.997   0.000   0.003
B I  1IMBB                 58    0.006   1.085   0.000   0.996   0.000   0.004
E K  1IMBB                 59    0.456  93.758   0.000   0.991   0.000   0.009
E E  1IMBB                 60    0.785 137.093   0.000   0.980   0.000   0.020
E K  1IMBB                 61    0.457  94.096   0.000   0.981   0.000   0.019
B Y  1IMBB                 62    0.173  36.880   0.000   0.001   0.000   0.998
E P  1IMBB                 63    0.624  88.507   0.000   0.001   0.000   0.999
E S  1IMBB                 64    0.817  95.761   0.000   0.001   0.000   0.999
B H  1IMBB                 65    0.147  26.698   0.000   0.003   0.028   0.969
B S  1IMBB                 66    0.245  28.711   0.000   0.003   0.700   0.297
B F  1IMBB                 67    0.053  10.551   0.000   0.000   0.975   0.025
B I  1IMBB                 68    0.069  12.675   0.000   0.000   0.963   0.036
B G  1IMBB                 69    0.035   2.791   0.000   0.003   0.691   0.306
B E  1IMBB                 70    0.151  26.394   0.000   0.053   0.193   0.754
E E  1IMBB                 71    0.273  47.682   0.000   0.041   0.136   0.823
E S  1IMBB                 72    0.356  41.736   0.000   0.036   0.164   0.800
E V  1IMBB                 73    0.363  55.788   0.000   0.065   0.165   0.770
E A  1IMBB                 74    0.466  51.349   0.000   0.077   0.166   0.757
E A  1IMBB                 75    0.531  58.530   0.000   0.093   0.081   0.826
E G  1IMBB                 76    0.674  53.054   0.000   0.044   0.011   0.945
E E  1IMBB                 77    0.656 114.619   0.000   0.077   0.049   0.875
E K  1IMBB                 78    0.641 131.786   0.000   0.093   0.098   0.809
E S  1IMBB                 79    0.441  51.653   0.000   0.090   0.153   0.757
E I  1IMBB                 80    0.351  64.960   0.000   0.105   0.106   0.790
E L  1IMBB                 81    0.336  61.515   0.000   0.095   0.071   0.834
E T  1IMBB                 82    0.442  61.313   0.000   0.052   0.029   0.918
E D  1IMBB                 83    0.813 117.156   0.000   0.029   0.005   0.965
E N  1IMBB                 84    0.525  76.924   0.000   0.001   0.015   0.984
B P  1IMBB                 85    0.189  26.829   0.000   0.000   0.042   0.958
B T  1IMBB                 86    0.056   7.796   0.000   0.000   0.953   0.047
B W  1IMBB                 87    0.040   9.723   0.000   0.000   0.997   0.003
B I  1IMBB                 88    0.012   2.260   0.000   0.000   0.999   0.001
B I  1IMBB                 89    0.007   1.229   0.000   0.000   0.997   0.003
B D  1IMBB                 90    0.040   5.714   0.000   0.000   0.864   0.136
B P  1IMBB                 91    0.031   4.377   0.000   0.001   0.620   0.379
B I  1IMBB                 92    0.048   8.843   0.000   0.001   0.768   0.231
B D  1IMBB                 93    0.185  26.683   0.000   0.007   0.674   0.319
B G  1IMBB                 94    0.066   5.185   0.000   0.089   0.034   0.877
B T  1IMBB                 95    0.146  20.294   0.000   0.664   0.009   0.326
E T  1IMBB                 96    0.361  50.126   0.000   0.951   0.001   0.048
B N  1IMBB                 97    0.138  20.183   0.000   0.960   0.002   0.038
B F  1IMBB                 98    0.069  13.765   0.000   0.957   0.001   0.042
B V  1IMBB                 99    0.236  36.242   0.000   0.828   0.005   0.167
E H  1IMBB                100    0.520  94.654   0.000   0.294   0.005   0.701
E R  1IMBB                101    0.586 134.279   0.000   0.119   0.003   0.878
B F  1IMBB                102    0.168  33.802   0.000   0.003   0.008   0.988
E P  1IMBB                103    0.450  63.874   0.000   0.004   0.004   0.992
B F  1IMBB                104    0.219  43.990   0.000   0.006   0.281   0.713
B V  1IMBB                105    0.058   8.970   0.000   0.002   0.808   0.190
B A  1IMBB                106    0.011   1.243   0.000   0.000   0.979   0.021
B V  1IMBB                107    0.020   3.083   0.000   0.000   0.990   0.010
B S  1IMBB                108    0.017   1.995   0.000   0.000   0.999   0.001
B I  1IMBB                109    0.012   2.148   0.000   0.000   0.999   0.001
B G  1IMBB                110    0.006   0.484   0.000   0.000   1.000   0.000
B F  1IMBB                111    0.019   3.767   0.000   0.000   1.000   0.000
B A  1IMBB                112    0.053   5.823   0.000   0.000   0.999   0.001
B V  1IMBB                113    0.193  29.635   0.000   0.000   0.988   0.012
E N  1IMBB                114    0.729 106.746   0.000   0.001   0.001   0.997
E K  1IMBB                115    0.647 133.121   0.000   0.002   0.000   0.997
E K  1IMBB                116    0.577 118.708   0.000   0.000   0.972   0.028
B I  1IMBB                117    0.109  20.224   0.000   0.000   0.994   0.006
E E  1IMBB                118    0.297  51.909   0.000   0.000   0.966   0.034
B F  1IMBB                119    0.061  12.223   0.000   0.000   0.998   0.002
B G  1IMBB                120    0.013   1.042   0.000   0.000   0.999   0.001
B V  1IMBB                121    0.010   1.548   0.000   0.000   0.999   0.001
B V  1IMBB                122    0.008   1.158   0.000   0.000   0.999   0.001
B Y  1IMBB                123    0.077  16.533   0.000   0.000   0.995   0.005
B S  1IMBB                124    0.044   5.159   0.000   0.001   0.935   0.064
B C  1IMBB                125    0.054   7.519   0.000   0.070   0.011   0.918
B V  1IMBB                126    0.216  33.181   0.000   0.084   0.006   0.910
E E  1IMBB                127    0.457  79.859   0.000   0.085   0.012   0.903
E G  1IMBB                128    0.280  22.049   0.000   0.001   0.004   0.995
E K  1IMBB                129    0.349  71.727   0.000   0.000   0.780   0.220
B M  1IMBB                130    0.104  20.728   0.000   0.000   0.991   0.009
B Y  1IMBB                131    0.053  11.246   0.000   0.000   0.998   0.002
B T  1IMBB                132    0.086  11.904   0.000   0.000   0.998   0.002
B A  1IMBB                133    0.019   2.145   0.000   0.000   0.986   0.014
E R  1IMBB                134    0.362  82.878   0.000   0.001   0.916   0.083
E K  1IMBB                135    0.544 111.899   0.000   0.006   0.144   0.850
E G  1IMBB                136    0.650  51.142   0.000   0.003   0.006   0.991
E K  1IMBB                137    0.569 116.994   0.000   0.006   0.086   0.908
B G  1IMBB                138    0.114   8.997   0.000   0.007   0.584   0.409
B A  1IMBB                139    0.016   1.780   0.000   0.001   0.921   0.077
B F  1IMBB                140    0.194  38.923   0.000   0.000   0.997   0.003
B C  1IMBB                141    0.084  11.814   0.000   0.000   0.994   0.006
E N  1IMBB                142    0.605  88.505   0.000   0.001   0.002   0.997
E G  1IMBB                143    0.648  50.961   0.000   0.001   0.000   0.998
E Q  1IMBB                144    0.686 122.525   0.000   0.000   0.978   0.022
E K  1IMBB                145    0.578 118.802   0.000   0.000   0.965   0.035
B L  1IMBB                146    0.148  27.130   0.000   0.001   0.073   0.926
E Q  1IMBB                147    0.606 108.261   0.000   0.003   0.166   0.831
B V  1IMBB                148    0.246  37.830   0.000   0.014   0.266   0.719
E S  1IMBB                149    0.324  37.946   0.000   0.010   0.087   0.903
E Q  1IMBB                150    0.724 129.301   0.000   0.026   0.031   0.943
E Q  1IMBB                151    0.529  94.470   0.000   0.119   0.034   0.847
E E  1IMBB                152    0.626 109.331   0.000   0.178   0.032   0.790
E D  1IMBB                153    0.521  75.102   0.000   0.117   0.052   0.831
B I  1IMBB                154    0.086  15.914   0.000   0.792   0.007   0.201
E T  1IMBB                155    0.585  81.141   0.000   0.777   0.006   0.218
E K  1IMBB                156    0.599 123.253   0.000   0.715   0.008   0.277
B S  1IMBB                157    0.057   6.701   0.000   0.028   0.084   0.888
B L  1IMBB                158    0.180  32.999   0.000   0.003   0.875   0.121
B L  1IMBB                159    0.066  12.156   0.000   0.001   0.986   0.013
B V  1IMBB                160    0.091  14.042   0.000   0.001   0.973   0.027
B T  1IMBB                161    0.083  11.564   0.000   0.001   0.887   0.112
E E  1IMBB                162    0.262  45.753   0.000   0.004   0.582   0.414
B L  1IMBB                163    0.236  43.262   0.000   0.043   0.137   0.820
E G  1IMBB                164    0.405  31.905   0.000   0.097   0.034   0.869
E S  1IMBB                165    0.543  63.635   0.000   0.096   0.016   0.888
E S  1IMBB                166    0.456  53.398   0.000   0.070   0.010   0.920
E R  1IMBB                167    0.484 110.758   0.000   0.024   0.005   0.970
E T  1IMBB                168    0.400  55.531   0.000   0.017   0.001   0.982
E P  1IMBB                169    0.583  82.732   0.000   0.913   0.000   0.087
E E  1IMBB                170    0.727 126.986   0.000   0.953   0.000   0.046
E T  1IMBB                171    0.256  35.505   0.000   0.965   0.001   0.035
B V  1IMBB                172    0.140  21.449   0.000   0.972   0.001   0.027
E R  1IMBB                173    0.606 138.675   0.000   0.982   0.001   0.017
E M  1IMBB                174    0.468  93.625   0.000   0.980   0.001   0.019
B V  1IMBB                175    0.067  10.287   0.000   0.979   0.000   0.021
B L  1IMBB                176    0.154  28.136   0.000   0.966   0.001   0.033
E S  1IMBB                177    0.503  58.909   0.000   0.933   0.000   0.067
E N  1IMBB                178    0.322  47.212   0.000   0.892   0.001   0.108
B M  1IMBB                179    0.043   8.560   0.000   0.950   0.001   0.049
E E  1IMBB                180    0.424  74.090   0.000   0.953   0.002   0.045
E K  1IMBB                181    0.709 145.936   0.000   0.942   0.001   0.057
E L  1IMBB                182    0.302  55.286   0.000   0.897   0.001   0.102
B F  1IMBB                183    0.245  49.090   0.000   0.600   0.004   0.396
E C  1IMBB                184    0.664  93.282   0.000   0.061   0.005   0.934
B I  1IMBB                185    0.241  44.630   0.000   0.002   0.006   0.992
E P  1IMBB                186    0.601  85.234   0.000   0.001   0.005   0.993
E V  1IMBB                187    0.276  42.443   0.000   0.014   0.279   0.707
E H  1IMBB                188    0.623 113.310   0.000   0.010   0.350   0.640
B G  1IMBB                189    0.248  19.529   0.000   0.008   0.868   0.124
E I  1IMBB                190    0.284  52.482   0.000   0.001   0.962   0.038
E R  1IMBB                191    0.362  82.994   0.000   0.001   0.969   0.030
E S  1IMBB                192    0.391  45.855   0.000   0.001   0.879   0.120
B V  1IMBB                193    0.248  38.139   0.000   0.005   0.437   0.559
E G  1IMBB                194    0.381  30.002   0.000   0.054   0.062   0.884
B T  1IMBB                195    0.185  25.715   0.000   0.199   0.008   0.793
B A  1IMBB                196    0.030   3.266   0.000   0.829   0.001   0.170
B A  1IMBB                197    0.031   3.461   0.000   0.975   0.000   0.025
B V  1IMBB                198    0.131  20.178   0.000   0.991   0.000   0.009
B N  1IMBB                199    0.122  17.800   0.000   0.997   0.000   0.003
B M  1IMBB                200    0.020   3.976   0.000   0.999   0.000   0.001
B C  1IMBB                201    0.038   5.333   0.000   0.999   0.000   0.001
B L  1IMBB                202    0.131  23.981   0.000   0.999   0.000   0.001
B V  1IMBB                203    0.028   4.276   0.000   0.999   0.000   0.001
B A  1IMBB                204    0.035   3.867   0.000   0.988   0.000   0.012
E T  1IMBB                205    0.262  36.384   0.000   0.489   0.001   0.510
E G  1IMBB                206    0.389  30.578   0.000   0.016   0.000   0.984
E G  1IMBB                207    0.324  25.506   0.000   0.001   0.000   0.999
B A  1IMBB                208    0.036   3.938   0.000   0.000   0.002   0.998
E D  1IMBB                209    0.256  36.853   0.000   0.000   0.002   0.998
B A  1IMBB                210    0.005   0.528   0.000   0.000   0.992   0.007
B Y  1IMBB                211    0.018   3.905   0.000   0.000   0.998   0.002
B Y  1IMBB                212    0.022   4.696   0.000   0.001   0.951   0.048
B E  1IMBB                213    0.084  14.661   0.000   0.001   0.885   0.115
B M  1IMBB                214    0.152  30.353   0.000   0.009   0.252   0.739
B G  1IMBB                215    0.200  15.709   0.000   0.002   0.061   0.937
B I  1IMBB                216    0.085  15.727   0.000   0.002   0.045   0.953
B H  1IMBB                217    0.234  42.624   0.000   0.005   0.081   0.914
B C  1IMBB                218    0.054   7.629   0.000   0.969   0.000   0.031
B W  1IMBB                219    0.103  24.833   0.000   0.982   0.000   0.017
B D  1IMBB                220    0.039   5.598   0.000   0.993   0.000   0.007
B V  1IMBB                221    0.019   2.992   0.000   0.938   0.001   0.061
B A  1IMBB                222    0.008   0.842   0.000   0.951   0.000   0.048
B G  1IMBB                223    0.005   0.361   0.000   0.987   0.000   0.013
B A  1IMBB                224    0.004   0.451   0.000   0.997   0.000   0.003
B G  1IMBB                225    0.018   1.409   0.000   0.999   0.000   0.001
B I  1IMBB                226    0.026   4.733   0.000   0.999   0.000   0.001
B I  1IMBB                227    0.013   2.347   0.000   0.999   0.000   0.001
B V  1IMBB                228    0.007   1.138   0.000   0.999   0.000   0.000
E T  1IMBB                229    0.334  46.380   0.000   0.996   0.000   0.004
E E  1IMBB                230    0.349  60.960   0.000   0.949   0.000   0.051
B A  1IMBB                231    0.085   9.412   0.000   0.073   0.000   0.927
E G  1IMBB                232    0.485  38.182   0.000   0.002   0.002   0.996
B G  1IMBB                233    0.046   3.655   0.000   0.001   0.047   0.952
B V  1IMBB                234    0.223  34.222   0.000   0.000   0.983   0.017
B L  1IMBB                235    0.054   9.965   0.000   0.000   0.990   0.010
B M  1IMBB                236    0.079  15.727   0.000   0.000   0.966   0.034
B D  1IMBB                237    0.178  25.692   0.000   0.000   0.321   0.678
B V  1IMBB                238    0.170  26.159   0.000   0.001   0.002   0.997
E T  1IMBB                239    0.599  83.105   0.000   0.002   0.002   0.996
E G  1IMBB                240    0.343  26.981   0.000   0.002   0.004   0.995
E G  1IMBB                241    0.340  26.748   0.000   0.000   0.014   0.986
E P  1IMBB                242    0.653  92.718   0.000   0.001   0.717   0.282
B F  1IMBB                243    0.129  25.988   0.000   0.002   0.040   0.958
E D  1IMBB                244    0.525  75.674   0.000   0.003   0.040   0.957
B L  1IMBB                245    0.120  21.947   0.000   0.038   0.009   0.954
E M  1IMBB                246    0.497  99.425   0.000   0.042   0.004   0.955
E S  1IMBB                247    0.435  51.035   0.000   0.064   0.018   0.918
E R  1IMBB                248    0.454 103.916   0.000   0.012   0.025   0.963
E R  1IMBB                249    0.339  77.744   0.000   0.005   0.275   0.719
B V  1IMBB                250    0.035   5.316   0.000   0.001   0.892   0.107
B I  1IMBB                251    0.017   3.205   0.000   0.000   0.990   0.009
B A  1IMBB                252    0.006   0.647   0.000   0.000   0.994   0.006
B A  1IMBB                253    0.010   1.105   0.000   0.000   0.948   0.052
B N  1IMBB                254    0.104  15.286   0.000   0.001   0.157   0.842
B N  1IMBB                255    0.240  35.110   0.000   0.131   0.025   0.844
E R  1IMBB                256    0.494 113.187   0.000   0.947   0.001   0.052
E I  1IMBB                257    0.316  58.444   0.000   0.967   0.001   0.032
B L  1IMBB                258    0.039   7.127   0.000   0.973   0.001   0.027
B A  1IMBB                259    0.061   6.700   0.000   0.995   0.000   0.005
E E  1IMBB                260    0.520  90.864   0.000   0.997   0.000   0.003
E R  1IMBB                261    0.350  80.203   0.000   0.997   0.000   0.003
B I  1IMBB                262    0.012   2.152   0.000   0.998   0.000   0.002
B A  1IMBB                263    0.121  13.305   0.000   0.995   0.000   0.005
E K  1IMBB                264    0.627 129.021   0.000   0.975   0.000   0.025
E E  1IMBB                265    0.289  50.571   0.000   0.941   0.000   0.058
B I  1IMBB                266    0.067  12.336   0.000   0.755   0.004   0.241
E Q  1IMBB                267    0.628 112.115   0.000   0.356   0.014   0.630
E V  1IMBB                268    0.528  81.223   0.000   0.277   0.019   0.704
B I  1IMBB                269    0.209  38.627   0.000   0.009   0.015   0.976
E P  1IMBB                270    0.602  85.455   0.000   0.011   0.016   0.973
E L  1IMBB                271    0.474  86.810   0.000   0.025   0.048   0.927
E Q  1IMBB                272    0.657 117.281   0.000   0.019   0.042   0.939
E R  1IMBB                273    0.685 156.827   0.000   0.017   0.024   0.959
E D  1IMBB                274    0.730 105.263   0.000   0.015   0.008   0.977
E D  1IMBB                275    0.789 113.688   0.000   0.012   0.001   0.987
E E  1IMBB                276    0.801 139.934   0.000   0.008   0.002   0.990
E D  1IMBB                277    0.914 131.639   0.000   0.000   0.000   1.000
