# For publication of results, please cite:
# ...
# ... Michael Schantz Klausen, Martin Closter Jespersen, Henrik Nielsen, Kamilla Kjærgaard Jensen, 
# ... Vanessa Isabell Jurtz, Casper Kaae Sønderby, Morten Otto Alexander Sommer, Ole Winther, 
# ... Morten Nielsen, Bent Petersen, and Paolo Marcatili. 
# ... NetSurfP-2.0: Improved prediction of protein structural features by integrated deep learning.
# ... Proteins: Structure, Function, and Bioinformatics (Feb. 2019).
# ... https://doi.org/10.1002/prot.25674
# ...
#
# Column 1: Class assignment - B for buried or E for Exposed - Threshold: 25% exposure, but not based on RSA
# Column 2: Amino acid
# Column 3: Sequence name
# Column 4: Amino acid number
# Column 5: Relative Surface Accessibility - RSA
# Column 6: Absolute Surface Accessibility
# Column 7: Not used
# Column 8: Probability for Alpha-Helix
# Column 9: Probability for Beta-strand
# Column 10: Probability for Coil
E S  2IA9E                  1    0.923 108.226   0.000   0.000   0.000   1.000
E N  2IA9E                  2    0.860 125.869   0.000   0.009   0.010   0.981
E A  2IA9E                  3    0.697  76.811   0.000   0.005   0.026   0.969
E M  2IA9E                  4    0.353  70.603   0.000   0.003   0.123   0.875
E E  2IA9E                  5    0.630 110.148   0.000   0.001   0.517   0.482
E V  2IA9E                  6    0.316  48.498   0.000   0.001   0.877   0.123
E T  2IA9E                  7    0.503  69.743   0.000   0.000   0.927   0.073
E D  2IA9E                  8    0.570  82.115   0.000   0.000   0.987   0.012
B V  2IA9E                  9    0.218  33.563   0.000   0.000   0.979   0.021
E R  2IA9E                 10    0.522 119.480   0.000   0.000   0.993   0.007
E L  2IA9E                 11    0.288  52.809   0.000   0.000   0.986   0.014
E R  2IA9E                 12    0.496 113.506   0.000   0.000   0.986   0.014
E R  2IA9E                 13    0.579 132.534   0.000   0.000   0.968   0.032
E V  2IA9E                 14    0.381  58.547   0.000   0.001   0.677   0.322
E N  2IA9E                 15    0.535  78.302   0.000   0.003   0.057   0.940
E T  2IA9E                 16    0.804 111.503   0.000   0.025   0.026   0.949
E D  2IA9E                 17    0.874 125.928   0.000   0.022   0.002   0.976
E G  2IA9E                 18    0.472  37.114   0.000   0.035   0.002   0.963
E R  2IA9E                 19    0.502 114.874   0.000   0.004   0.043   0.953
B M  2IA9E                 20    0.139  27.807   0.000   0.000   0.895   0.104
E R  2IA9E                 21    0.313  71.645   0.000   0.000   0.977   0.023
B A  2IA9E                 22    0.016   1.810   0.000   0.000   0.998   0.002
E I  2IA9E                 23    0.258  47.726   0.000   0.000   0.997   0.003
B A  2IA9E                 24    0.016   1.812   0.000   0.000   0.997   0.003
B S  2IA9E                 25    0.249  29.198   0.000   0.000   0.997   0.003
B I  2IA9E                 26    0.020   3.635   0.000   0.000   0.999   0.001
E T  2IA9E                 27    0.289  40.061   0.000   0.000   0.998   0.002
B L  2IA9E                 28    0.074  13.501   0.000   0.000   0.981   0.019
E D  2IA9E                 29    0.633  91.220   0.000   0.004   0.007   0.989
E H  2IA9E                 30    0.723 131.461   0.000   0.001   0.001   0.998
E E  2IA9E                 31    0.481  84.048   0.000   0.000   0.942   0.058
B F  2IA9E                 32    0.125  25.095   0.000   0.000   0.994   0.006
B V  2IA9E                 33    0.187  28.719   0.000   0.000   0.999   0.001
B V  2IA9E                 34    0.023   3.605   0.000   0.000   0.999   0.001
E H  2IA9E                 35    0.381  69.270   0.000   0.000   0.993   0.007
E D  2IA9E                 36    0.549  79.137   0.000   0.000   0.965   0.034
B I  2IA9E                 37    0.076  13.972   0.000   0.000   0.978   0.022
E R  2IA9E                 38    0.404  92.448   0.000   0.000   0.994   0.006
B V  2IA9E                 39    0.137  21.006   0.000   0.000   0.994   0.006
E I  2IA9E                 40    0.258  47.709   0.000   0.000   0.990   0.009
E D  2IA9E                 41    0.573  82.554   0.000   0.000   0.967   0.033
E G  2IA9E                 42    0.313  24.671   0.000   0.008   0.482   0.510
E N  2IA9E                 43    0.893 130.766   0.000   0.022   0.004   0.974
E N  2IA9E                 44    0.743 108.726   0.000   0.018   0.001   0.981
E G  2IA9E                 45    0.267  21.021   0.000   0.014   0.608   0.378
E L  2IA9E                 46    0.260  47.591   0.000   0.001   0.808   0.191
E F  2IA9E                 47    0.309  61.977   0.000   0.000   0.986   0.014
B V  2IA9E                 48    0.092  14.214   0.000   0.000   0.991   0.009
B A  2IA9E                 49    0.159  17.535   0.000   0.000   0.962   0.038
B M  2IA9E                 50    0.157  31.497   0.000   0.000   0.696   0.303
B P  2IA9E                 51    0.185  26.297   0.000   0.000   0.826   0.173
E S  2IA9E                 52    0.297  34.862   0.000   0.001   0.857   0.142
E K  2IA9E                 53    0.533 109.651   0.000   0.000   0.950   0.050
E R  2IA9E                 54    0.616 141.013   0.000   0.000   0.982   0.018
B T  2IA9E                 55    0.237  32.894   0.000   0.000   0.012   0.988
E P  2IA9E                 56    0.906 128.570   0.000   0.001   0.000   0.998
E D  2IA9E                 57    0.883 127.196   0.000   0.002   0.000   0.998
E G  2IA9E                 58    0.581  45.750   0.000   0.003   0.004   0.993
E E  2IA9E                 59    0.641 112.027   0.000   0.000   0.015   0.985
E F  2IA9E                 60    0.551 110.582   0.000   0.000   0.963   0.037
E R  2IA9E                 61    0.473 108.262   0.000   0.000   0.982   0.018
E D  2IA9E                 62    0.504  72.567   0.000   0.000   0.979   0.021
B I  2IA9E                 63    0.203  37.585   0.000   0.002   0.765   0.232
B T  2IA9E                 64    0.174  24.068   0.000   0.002   0.844   0.154
E H  2IA9E                 65    0.429  77.966   0.000   0.000   0.709   0.291
E P  2IA9E                 66    0.296  42.012   0.000   0.000   0.779   0.221
E I  2IA9E                 67    0.360  66.524   0.000   0.001   0.060   0.939
E N  2IA9E                 68    0.474  69.388   0.000   0.005   0.014   0.981
E S  2IA9E                 69    0.680  79.749   0.000   0.968   0.000   0.032
E S  2IA9E                 70    0.676  79.259   0.000   0.976   0.000   0.024
B T  2IA9E                 71    0.150  20.813   0.000   0.988   0.000   0.012
E R  2IA9E                 72    0.350  80.200   0.000   0.996   0.000   0.004
E G  2IA9E                 73    0.411  32.310   0.000   0.997   0.000   0.003
E K  2IA9E                 74    0.487 100.216   0.000   0.998   0.000   0.002
B I  2IA9E                 75    0.085  15.765   0.000   0.999   0.000   0.001
E Q  2IA9E                 76    0.384  68.546   0.000   0.999   0.000   0.001
E D  2IA9E                 77    0.589  84.920   0.000   0.998   0.000   0.002
B A  2IA9E                 78    0.196  21.563   0.000   0.999   0.000   0.001
B V  2IA9E                 79    0.111  17.055   0.000   0.998   0.000   0.002
E L  2IA9E                 80    0.329  60.217   0.000   0.998   0.000   0.002
E N  2IA9E                 81    0.562  82.282   0.000   0.994   0.000   0.006
E E  2IA9E                 82    0.332  57.960   0.000   0.991   0.000   0.009
E Y  2IA9E                 83    0.315  67.309   0.000   0.984   0.000   0.016
E H  2IA9E                 84    0.604 109.778   0.000   0.947   0.000   0.052
E R  2IA9E                 85    0.675 154.670   0.000   0.871   0.001   0.128
E L  2IA9E                 86    0.459  84.109   0.000   0.680   0.000   0.319
E G  2IA9E                 87    0.592  46.621   0.000   0.306   0.000   0.694
E D  2IA9E                 88    0.671  96.672   0.000   0.190   0.001   0.809
E T  2IA9E                 89    0.675  93.621   0.000   0.227   0.000   0.773
E E  2IA9E                 90    0.698 122.001   0.000   0.182   0.000   0.817
E A  2IA9E                 91    0.517  57.011   0.000   0.121   0.001   0.878
E L  2IA9E                 92    0.558 102.083   0.000   0.089   0.001   0.910
E E  2IA9E                 93    0.743 129.862   0.000   0.068   0.001   0.931
E F  2IA9E                 94    0.718 144.035   0.000   0.035   0.001   0.964
E E  2IA9E                 95    0.755 131.921   0.000   0.024   0.002   0.974
E E  2IA9E                 96    0.775 135.473   0.000   0.013   0.001   0.986
E A  2IA9E                 97    0.822  90.584   0.000   0.008   0.000   0.992
E G  2IA9E                 98    0.848  66.763   0.000   0.003   0.000   0.997
E A  2IA9E                 99    0.809  89.161   0.000   0.002   0.000   0.998
E S  2IA9E                100    0.951 111.438   0.000   0.000   0.000   1.000
