# For publication of results, please cite:
# ...
# ... Michael Schantz Klausen, Martin Closter Jespersen, Henrik Nielsen, Kamilla Kjærgaard Jensen, 
# ... Vanessa Isabell Jurtz, Casper Kaae Sønderby, Morten Otto Alexander Sommer, Ole Winther, 
# ... Morten Nielsen, Bent Petersen, and Paolo Marcatili. 
# ... NetSurfP-2.0: Improved prediction of protein structural features by integrated deep learning.
# ... Proteins: Structure, Function, and Bioinformatics (Feb. 2019).
# ... https://doi.org/10.1002/prot.25674
# ...
#
# Column 1: Class assignment - B for buried or E for Exposed - Threshold: 25% exposure, but not based on RSA
# Column 2: Amino acid
# Column 3: Sequence name
# Column 4: Amino acid number
# Column 5: Relative Surface Accessibility - RSA
# Column 6: Absolute Surface Accessibility
# Column 7: Not used
# Column 8: Probability for Alpha-Helix
# Column 9: Probability for Beta-strand
# Column 10: Probability for Coil
E M  1KNYB                  1    0.741 148.292   0.000   0.000   0.000   0.999
E N  1KNYB                  2    0.844 123.633   0.000   0.001   0.005   0.994
E G  1KNYB                  3    0.529  41.617   0.000   0.001   0.011   0.988
E P  1KNYB                  4    0.473  67.094   0.000   0.002   0.022   0.976
E I  1KNYB                  5    0.446  82.433   0.000   0.005   0.402   0.593
E I  1KNYB                  6    0.473  87.501   0.000   0.005   0.464   0.531
B M  1KNYB                  7    0.144  28.781   0.000   0.005   0.190   0.805
E T  1KNYB                  8    0.450  62.351   0.000   0.006   0.030   0.964
E R  1KNYB                  9    0.470 107.695   0.000   0.981   0.000   0.019
E E  1KNYB                 10    0.732 127.915   0.000   0.992   0.000   0.008
E E  1KNYB                 11    0.436  76.206   0.000   0.994   0.000   0.006
B R  1KNYB                 12    0.094  21.425   0.000   0.997   0.000   0.003
B M  1KNYB                 13    0.234  46.821   0.000   0.997   0.000   0.003
E K  1KNYB                 14    0.553 113.674   0.000   0.998   0.000   0.002
B I  1KNYB                 15    0.076  14.132   0.000   0.999   0.000   0.001
B V  1KNYB                 16    0.017   2.620   0.000   0.999   0.000   0.001
E H  1KNYB                 17    0.441  80.180   0.000   0.999   0.000   0.001
E E  1KNYB                 18    0.466  81.416   0.000   0.999   0.000   0.001
B I  1KNYB                 19    0.015   2.863   0.000   0.999   0.000   0.001
B K  1KNYB                 20    0.156  32.101   0.000   0.999   0.000   0.001
E E  1KNYB                 21    0.570  99.613   0.000   1.000   0.000   0.000
E R  1KNYB                 22    0.372  85.096   0.000   0.999   0.000   0.001
B I  1KNYB                 23    0.007   1.302   0.000   0.999   0.000   0.001
B L  1KNYB                 24    0.212  38.727   0.000   0.998   0.000   0.002
E D  1KNYB                 25    0.829 119.407   0.000   0.997   0.000   0.003
E K  1KNYB                 26    0.515 105.900   0.000   0.994   0.000   0.006
B Y  1KNYB                 27    0.113  24.059   0.000   0.972   0.000   0.028
B G  1KNYB                 28    0.224  17.604   0.000   0.683   0.000   0.317
E D  1KNYB                 29    0.910 131.086   0.000   0.772   0.000   0.228
E D  1KNYB                 30    0.432  62.306   0.000   0.780   0.001   0.219
B V  1KNYB                 31    0.020   3.133   0.000   0.002   0.808   0.191
E K  1KNYB                 32    0.388  79.777   0.000   0.000   0.859   0.141
B A  1KNYB                 33    0.020   2.215   0.000   0.000   0.997   0.003
B I  1KNYB                 34    0.008   1.429   0.000   0.000   0.999   0.001
B G  1KNYB                 35    0.006   0.453   0.000   0.000   0.998   0.002
B V  1KNYB                 36    0.005   0.788   0.000   0.000   0.985   0.015
B Y  1KNYB                 37    0.065  13.985   0.000   0.002   0.849   0.149
B G  1KNYB                 38    0.078   6.122   0.000   0.439   0.066   0.495
B S  1KNYB                 39    0.186  21.816   0.000   0.983   0.001   0.016
B L  1KNYB                 40    0.106  19.334   0.000   0.993   0.000   0.007
B G  1KNYB                 41    0.040   3.151   0.000   0.988   0.000   0.011
E R  1KNYB                 42    0.297  67.919   0.000   0.619   0.003   0.378
E Q  1KNYB                 43    0.525  93.716   0.000   0.035   0.003   0.962
E T  1KNYB                 44    0.431  59.811   0.000   0.026   0.031   0.943
E D  1KNYB                 45    0.429  61.830   0.000   0.016   0.014   0.969
B G  1KNYB                 46    0.227  17.869   0.000   0.053   0.014   0.933
E P  1KNYB                 47    0.491  69.738   0.000   0.062   0.004   0.933
E Y  1KNYB                 48    0.430  91.814   0.000   0.046   0.015   0.939
B S  1KNYB                 49    0.022   2.628   0.000   0.006   0.036   0.958
B D  1KNYB                 50    0.233  33.587   0.000   0.002   0.051   0.947
B I  1KNYB                 51    0.024   4.532   0.000   0.000   0.932   0.068
B E  1KNYB                 52    0.078  13.600   0.000   0.000   0.985   0.015
B M  1KNYB                 53    0.007   1.404   0.000   0.000   0.998   0.002
B M  1KNYB                 54    0.018   3.611   0.000   0.000   1.000   0.000
B C  1KNYB                 55    0.004   0.492   0.000   0.000   1.000   0.000
B V  1KNYB                 56    0.037   5.669   0.000   0.000   0.998   0.002
B M  1KNYB                 57    0.037   7.479   0.000   0.000   0.850   0.150
E S  1KNYB                 58    0.378  44.347   0.000   0.002   0.126   0.872
E T  1KNYB                 59    0.458  63.488   0.000   0.032   0.046   0.921
E E  1KNYB                 60    0.761 132.908   0.000   0.087   0.021   0.893
E E  1KNYB                 61    0.654 114.320   0.000   0.147   0.074   0.780
B A  1KNYB                 62    0.241  26.574   0.000   0.129   0.118   0.753
E E  1KNYB                 63    0.625 109.150   0.000   0.068   0.320   0.612
E F  1KNYB                 64    0.275  55.275   0.000   0.025   0.637   0.338
E S  1KNYB                 65    0.510  59.717   0.000   0.003   0.824   0.173
E H  1KNYB                 66    0.389  70.683   0.000   0.002   0.932   0.066
E E  1KNYB                 67    0.586 102.450   0.000   0.002   0.951   0.047
B W  1KNYB                 68    0.190  45.799   0.000   0.001   0.979   0.019
E T  1KNYB                 69    0.508  70.431   0.000   0.001   0.977   0.022
E T  1KNYB                 70    0.305  42.244   0.000   0.001   0.926   0.073
E G  1KNYB                 71    0.757  59.573   0.000   0.004   0.013   0.983
E E  1KNYB                 72    0.750 131.109   0.000   0.003   0.003   0.993
B W  1KNYB                 73    0.173  41.667   0.000   0.001   0.874   0.124
E K  1KNYB                 74    0.414  85.224   0.000   0.000   0.969   0.031
B V  1KNYB                 75    0.028   4.303   0.000   0.000   0.978   0.022
B E  1KNYB                 76    0.248  43.362   0.000   0.000   0.991   0.009
B V  1KNYB                 77    0.022   3.436   0.000   0.000   0.994   0.006
B N  1KNYB                 78    0.167  24.395   0.000   0.000   0.996   0.004
B F  1KNYB                 79    0.076  15.280   0.000   0.000   0.987   0.013
B Y  1KNYB                 80    0.098  21.037   0.000   0.000   0.955   0.045
B S  1KNYB                 81    0.186  21.804   0.000   0.001   0.767   0.232
E E  1KNYB                 82    0.337  58.800   0.000   0.963   0.001   0.037
E E  1KNYB                 83    0.659 115.167   0.000   0.987   0.000   0.012
B I  1KNYB                 84    0.219  40.497   0.000   0.995   0.000   0.005
B L  1KNYB                 85    0.020   3.751   0.000   0.995   0.000   0.005
E L  1KNYB                 86    0.333  61.052   0.000   0.983   0.000   0.016
E D  1KNYB                 87    0.628  90.490   0.000   0.955   0.000   0.044
B Y  1KNYB                 88    0.222  47.495   0.000   0.916   0.001   0.083
B A  1KNYB                 89    0.082   9.077   0.000   0.898   0.002   0.101
E S  1KNYB                 90    0.659  77.266   0.000   0.602   0.003   0.395
E Q  1KNYB                 91    0.673 120.238   0.000   0.338   0.005   0.657
B V  1KNYB                 92    0.176  27.068   0.000   0.089   0.028   0.883
E E  1KNYB                 93    0.642 112.150   0.000   0.066   0.029   0.905
E S  1KNYB                 94    0.645  75.619   0.000   0.088   0.015   0.897
E D  1KNYB                 95    0.701 100.944   0.000   0.057   0.008   0.935
B W  1KNYB                 96    0.198  47.738   0.000   0.048   0.040   0.911
E P  1KNYB                 97    0.290  41.138   0.000   0.385   0.029   0.586
B L  1KNYB                 98    0.138  25.323   0.000   0.510   0.091   0.399
B T  1KNYB                 99    0.130  17.974   0.000   0.603   0.051   0.347
E H  1KNYB                100    0.259  47.111   0.000   0.733   0.024   0.244
B G  1KNYB                101    0.247  19.421   0.000   0.690   0.021   0.289
B Q  1KNYB                102    0.182  32.578   0.000   0.806   0.023   0.171
B F  1KNYB                103    0.072  14.492   0.000   0.713   0.163   0.124
E F  1KNYB                104    0.280  56.231   0.000   0.505   0.249   0.246
E S  1KNYB                105    0.323  37.854   0.000   0.346   0.308   0.345
B I  1KNYB                106    0.082  15.229   0.000   0.016   0.344   0.640
B L  1KNYB                107    0.234  42.827   0.000   0.005   0.880   0.116
B P  1KNYB                108    0.149  21.102   0.000   0.003   0.953   0.044
B I  1KNYB                109    0.092  17.019   0.000   0.033   0.708   0.260
B Y  1KNYB                110    0.222  47.485   0.000   0.006   0.863   0.131
E D  1KNYB                111    0.271  38.994   0.000   0.008   0.141   0.851
E S  1KNYB                112    0.635  74.399   0.000   0.065   0.008   0.927
E G  1KNYB                113    0.580  45.622   0.000   0.063   0.006   0.931
E G  1KNYB                114    0.329  25.863   0.000   0.057   0.006   0.937
E Y  1KNYB                115    0.283  60.420   0.000   0.875   0.006   0.119
B L  1KNYB                116    0.068  12.453   0.000   0.960   0.002   0.038
E E  1KNYB                117    0.509  88.935   0.000   0.989   0.001   0.010
E K  1KNYB                118    0.513 105.538   0.000   0.992   0.000   0.008
B V  1KNYB                119    0.040   6.156   0.000   0.992   0.000   0.008
E Y  1KNYB                120    0.297  63.480   0.000   0.990   0.000   0.009
E Q  1KNYB                121    0.640 114.251   0.000   0.981   0.000   0.019
E T  1KNYB                122    0.346  48.032   0.000   0.964   0.000   0.035
B A  1KNYB                123    0.052   5.764   0.000   0.841   0.001   0.158
E K  1KNYB                124    0.603 124.090   0.000   0.510   0.004   0.486
E S  1KNYB                125    0.738  86.454   0.000   0.306   0.004   0.690
E V  1KNYB                126    0.259  39.768   0.000   0.030   0.005   0.964
E E  1KNYB                127    0.702 122.557   0.000   0.016   0.003   0.981
E A  1KNYB                128    0.400  44.055   0.000   0.858   0.000   0.142
E Q  1KNYB                129    0.665 118.689   0.000   0.923   0.001   0.076
E T  1KNYB                130    0.454  62.941   0.000   0.927   0.001   0.072
B F  1KNYB                131    0.077  15.361   0.000   0.977   0.001   0.022
E H  1KNYB                132    0.337  61.264   0.000   0.988   0.000   0.011
E D  1KNYB                133    0.597  86.084   0.000   0.997   0.000   0.003
B A  1KNYB                134    0.196  21.637   0.000   0.997   0.000   0.003
B I  1KNYB                135    0.029   5.440   0.000   0.995   0.000   0.005
B C  1KNYB                136    0.185  25.979   0.000   0.993   0.001   0.007
E A  1KNYB                137    0.390  42.975   0.000   0.990   0.000   0.010
B L  1KNYB                138    0.187  34.160   0.000   0.978   0.001   0.021
B I  1KNYB                139    0.054  10.062   0.000   0.976   0.001   0.023
E V  1KNYB                140    0.274  42.081   0.000   0.966   0.001   0.033
E E  1KNYB                141    0.540  94.318   0.000   0.928   0.001   0.071
B E  1KNYB                142    0.172  30.124   0.000   0.873   0.002   0.125
B L  1KNYB                143    0.086  15.804   0.000   0.965   0.001   0.035
E F  1KNYB                144    0.515 103.449   0.000   0.987   0.000   0.013
E E  1KNYB                145    0.449  78.457   0.000   0.980   0.000   0.019
B Y  1KNYB                146    0.106  22.684   0.000   0.966   0.000   0.034
B A  1KNYB                147    0.134  14.814   0.000   0.975   0.001   0.024
E G  1KNYB                148    0.403  31.740   0.000   0.969   0.000   0.031
E K  1KNYB                149    0.361  74.188   0.000   0.942   0.001   0.058
B W  1KNYB                150    0.081  19.371   0.000   0.922   0.002   0.076
E R  1KNYB                151    0.465 106.584   0.000   0.920   0.003   0.077
E N  1KNYB                152    0.516  75.499   0.000   0.845   0.002   0.154
B I  1KNYB                153    0.138  25.461   0.000   0.863   0.002   0.135
E R  1KNYB                154    0.415  95.022   0.000   0.874   0.006   0.120
E V  1KNYB                155    0.671 103.169   0.000   0.853   0.004   0.144
E Q  1KNYB                156    0.625 111.671   0.000   0.695   0.001   0.304
E G  1KNYB                157    0.383  30.139   0.000   0.045   0.006   0.949
E P  1KNYB                158    0.396  56.156   0.000   0.085   0.007   0.908
E T  1KNYB                159    0.521  72.294   0.000   0.578   0.004   0.418
E T  1KNYB                160    0.648  89.842   0.000   0.628   0.003   0.368
E F  1KNYB                161    0.298  59.867   0.000   0.797   0.001   0.202
B L  1KNYB                162    0.091  16.594   0.000   0.993   0.000   0.007
E P  1KNYB                163    0.301  42.657   0.000   0.993   0.000   0.007
E S  1KNYB                164    0.507  59.405   0.000   0.995   0.000   0.005
B L  1KNYB                165    0.107  19.515   0.000   0.996   0.000   0.003
B T  1KNYB                166    0.047   6.505   0.000   0.997   0.000   0.003
E V  1KNYB                167    0.291  44.766   0.000   0.999   0.000   0.001
E Q  1KNYB                168    0.350  62.579   0.000   0.999   0.000   0.001
B V  1KNYB                169    0.029   4.480   0.000   0.999   0.000   0.001
B A  1KNYB                170    0.069   7.549   0.000   1.000   0.000   0.000
E M  1KNYB                171    0.271  54.255   0.000   0.999   0.000   0.001
B A  1KNYB                172    0.058   6.358   0.000   0.997   0.000   0.003
B G  1KNYB                173    0.018   1.395   0.000   0.996   0.000   0.004
B A  1KNYB                174    0.045   4.936   0.000   0.999   0.000   0.001
B M  1KNYB                175    0.155  31.020   0.000   0.999   0.000   0.001
B L  1KNYB                176    0.030   5.429   0.000   0.999   0.000   0.001
B I  1KNYB                177    0.039   7.249   0.000   0.998   0.000   0.002
B G  1KNYB                178    0.069   5.457   0.000   0.995   0.000   0.005
B L  1KNYB                179    0.208  38.079   0.000   0.992   0.000   0.008
B H  1KNYB                180    0.211  38.305   0.000   0.964   0.001   0.036
E H  1KNYB                181    0.261  47.503   0.000   0.701   0.001   0.298
E R  1KNYB                182    0.560 128.278   0.000   0.033   0.005   0.962
E I  1KNYB                183    0.289  53.407   0.000   0.026   0.141   0.833
B C  1KNYB                184    0.243  34.155   0.000   0.025   0.225   0.750
B Y  1KNYB                185    0.165  35.320   0.000   0.016   0.284   0.700
E T  1KNYB                186    0.544  75.440   0.000   0.021   0.019   0.960
E T  1KNYB                187    0.395  54.754   0.000   0.049   0.026   0.924
E S  1KNYB                188    0.255  29.942   0.000   0.810   0.003   0.187
E A  1KNYB                189    0.472  52.001   0.000   0.894   0.001   0.105
E S  1KNYB                190    0.362  42.414   0.000   0.908   0.002   0.090
B V  1KNYB                191    0.049   7.497   0.000   0.984   0.001   0.016
B L  1KNYB                192    0.155  28.326   0.000   0.987   0.001   0.012
E T  1KNYB                193    0.504  69.876   0.000   0.993   0.000   0.007
E E  1KNYB                194    0.335  58.466   0.000   0.984   0.000   0.016
B A  1KNYB                195    0.046   5.111   0.000   0.980   0.000   0.020
E V  1KNYB                196    0.391  60.052   0.000   0.799   0.003   0.199
E K  1KNYB                197    0.698 143.640   0.000   0.401   0.001   0.599
E Q  1KNYB                198    0.281  50.198   0.000   0.054   0.002   0.944
E S  1KNYB                199    0.756  88.574   0.000   0.050   0.002   0.948
E D  1KNYB                200    0.674  97.125   0.000   0.035   0.004   0.960
B L  1KNYB                201    0.217  39.685   0.000   0.003   0.010   0.987
B P  1KNYB                202    0.130  18.507   0.000   0.002   0.003   0.995
E S  1KNYB                203    0.806  94.415   0.000   0.048   0.014   0.938
E G  1KNYB                204    0.357  28.104   0.000   0.086   0.002   0.912
B Y  1KNYB                205    0.075  16.124   0.000   0.933   0.002   0.065
E D  1KNYB                206    0.451  65.019   0.000   0.992   0.000   0.008
E H  1KNYB                207    0.544  98.929   0.000   0.995   0.000   0.004
B L  1KNYB                208    0.108  19.731   0.000   0.997   0.000   0.003
B C  1KNYB                209    0.056   7.880   0.000   0.997   0.000   0.003
E Q  1KNYB                210    0.472  84.309   0.000   0.997   0.000   0.003
E F  1KNYB                211    0.285  57.194   0.000   0.995   0.000   0.004
B V  1KNYB                212    0.112  17.157   0.000   0.993   0.000   0.006
B M  1KNYB                213    0.221  44.204   0.000   0.897   0.001   0.102
E S  1KNYB                214    0.532  62.332   0.000   0.354   0.002   0.643
E G  1KNYB                215    0.507  39.916   0.000   0.019   0.002   0.979
E Q  1KNYB                216    0.703 125.483   0.000   0.014   0.007   0.979
E L  1KNYB                217    0.260  47.625   0.000   0.038   0.012   0.950
E S  1KNYB                218    0.736  86.239   0.000   0.029   0.001   0.969
E D  1KNYB                219    0.529  76.234   0.000   0.024   0.001   0.975
E S  1KNYB                220    0.374  43.778   0.000   0.936   0.000   0.064
E E  1KNYB                221    0.719 125.574   0.000   0.986   0.000   0.014
E K  1KNYB                222    0.480  98.831   0.000   0.991   0.000   0.009
B L  1KNYB                223    0.047   8.520   0.000   0.996   0.000   0.004
B L  1KNYB                224    0.218  39.846   0.000   0.998   0.000   0.002
E E  1KNYB                225    0.574 100.244   0.000   0.999   0.000   0.001
B S  1KNYB                226    0.185  21.624   0.000   0.998   0.000   0.002
B L  1KNYB                227    0.025   4.543   0.000   0.998   0.000   0.002
E E  1KNYB                228    0.419  73.284   0.000   0.999   0.000   0.001
E N  1KNYB                229    0.543  79.523   0.000   0.997   0.000   0.003
B F  1KNYB                230    0.111  22.280   0.000   0.999   0.000   0.001
B W  1KNYB                231    0.066  15.964   0.000   0.997   0.000   0.003
E N  1KNYB                232    0.504  73.821   0.000   0.997   0.000   0.003
B G  1KNYB                233    0.219  17.220   0.000   0.985   0.000   0.015
B I  1KNYB                234    0.044   8.155   0.000   0.994   0.000   0.006
E Q  1KNYB                235    0.277  49.476   0.000   0.998   0.000   0.002
E E  1KNYB                236    0.565  98.675   0.000   0.997   0.000   0.003
B W  1KNYB                237    0.157  37.717   0.000   0.997   0.000   0.003
B T  1KNYB                238    0.044   6.044   0.000   0.994   0.000   0.006
E E  1KNYB                239    0.651 113.799   0.000   0.985   0.000   0.015
E R  1KNYB                240    0.702 160.775   0.000   0.916   0.000   0.084
E H  1KNYB                241    0.408  74.137   0.000   0.246   0.000   0.754
E G  1KNYB                242    0.633  49.806   0.000   0.006   0.003   0.991
B Y  1KNYB                243    0.215  46.019   0.000   0.003   0.058   0.938
E I  1KNYB                244    0.566 104.626   0.000   0.003   0.521   0.476
E V  1KNYB                245    0.315  48.491   0.000   0.004   0.646   0.350
E D  1KNYB                246    0.583  83.975   0.000   0.010   0.560   0.430
E V  1KNYB                247    0.474  72.789   0.000   0.015   0.513   0.472
E S  1KNYB                248    0.481  56.326   0.000   0.020   0.290   0.690
E K  1KNYB                249    0.643 132.208   0.000   0.014   0.184   0.803
E R  1KNYB                250    0.699 160.168   0.000   0.005   0.164   0.831
E I  1KNYB                251    0.386  71.500   0.000   0.000   0.066   0.934
E P  1KNYB                252    0.659  93.441   0.000   0.001   0.026   0.973
E F  1KNYB                253    0.786 157.662   0.000   0.000   0.000   1.000
