# For publication of results, please cite:
# ...
# ... Michael Schantz Klausen, Martin Closter Jespersen, Henrik Nielsen, Kamilla Kjærgaard Jensen, 
# ... Vanessa Isabell Jurtz, Casper Kaae Sønderby, Morten Otto Alexander Sommer, Ole Winther, 
# ... Morten Nielsen, Bent Petersen, and Paolo Marcatili. 
# ... NetSurfP-2.0: Improved prediction of protein structural features by integrated deep learning.
# ... Proteins: Structure, Function, and Bioinformatics (Feb. 2019).
# ... https://doi.org/10.1002/prot.25674
# ...
#
# Column 1: Class assignment - B for buried or E for Exposed - Threshold: 25% exposure, but not based on RSA
# Column 2: Amino acid
# Column 3: Sequence name
# Column 4: Amino acid number
# Column 5: Relative Surface Accessibility - RSA
# Column 6: Absolute Surface Accessibility
# Column 7: Not used
# Column 8: Probability for Alpha-Helix
# Column 9: Probability for Beta-strand
# Column 10: Probability for Coil
E A  1X8HA                  1    0.941 103.717   0.000   0.000   0.000   1.000
E G  1X8HA                  2    0.791  62.288   0.000   0.002   0.006   0.992
E M  1X8HA                  3    0.345  68.942   0.000   0.001   0.105   0.893
E S  1X8HA                  4    0.571  66.877   0.000   0.002   0.529   0.469
E L  1X8HA                  5    0.320  58.599   0.000   0.001   0.892   0.107
E T  1X8HA                  6    0.438  60.760   0.000   0.000   0.995   0.005
E Q  1X8HA                  7    0.578 103.273   0.000   0.000   0.989   0.011
B V  1X8HA                  8    0.192  29.456   0.000   0.001   0.710   0.289
E S  1X8HA                  9    0.395  46.332   0.000   0.001   0.874   0.125
E G  1X8HA                 10    0.387  30.437   0.000   0.000   0.258   0.742
E P  1X8HA                 11    0.324  45.954   0.000   0.000   0.046   0.954
B V  1X8HA                 12    0.050   7.626   0.000   0.000   0.931   0.069
B Y  1X8HA                 13    0.135  28.881   0.000   0.000   0.994   0.006
B V  1X8HA                 14    0.114  17.499   0.000   0.000   0.996   0.004
B V  1X8HA                 15    0.037   5.669   0.000   0.000   0.938   0.062
E E  1X8HA                 16    0.459  80.179   0.000   0.003   0.725   0.272
B D  1X8HA                 17    0.205  29.506   0.000   0.010   0.411   0.579
E N  1X8HA                 18    0.656  96.008   0.000   0.024   0.028   0.948
E Y  1X8HA                 19    0.532 113.732   0.000   0.023   0.030   0.948
E Y  1X8HA                 20    0.411  87.832   0.000   0.021   0.191   0.789
B V  1X8HA                 21    0.126  19.321   0.000   0.009   0.368   0.622
B Q  1X8HA                 22    0.185  33.046   0.000   0.010   0.442   0.548
B E  1X8HA                 23    0.059  10.278   0.000   0.011   0.602   0.387
B N  1X8HA                 24    0.048   7.072   0.000   0.010   0.613   0.377
B S  1X8HA                 25    0.007   0.826   0.000   0.000   0.916   0.083
B M  1X8HA                 26    0.022   4.487   0.000   0.000   0.993   0.007
B V  1X8HA                 27    0.012   1.818   0.000   0.000   0.999   0.001
B Y  1X8HA                 28    0.022   4.611   0.000   0.000   0.997   0.003
B F  1X8HA                 29    0.176  35.314   0.000   0.000   0.986   0.013
B G  1X8HA                 30    0.095   7.449   0.000   0.001   0.556   0.442
E A  1X8HA                 31    0.685  75.541   0.000   0.003   0.004   0.993
E K  1X8HA                 32    0.682 140.212   0.000   0.002   0.001   0.997
B G  1X8HA                 33    0.150  11.804   0.000   0.001   0.781   0.218
B V  1X8HA                 34    0.041   6.237   0.000   0.000   0.985   0.015
B T  1X8HA                 35    0.025   3.519   0.000   0.000   0.999   0.001
B V  1X8HA                 36    0.005   0.740   0.000   0.000   1.000   0.000
B V  1X8HA                 37    0.009   1.359   0.000   0.000   0.988   0.012
B G  1X8HA                 38    0.023   1.775   0.000   0.000   0.037   0.963
B A  1X8HA                 39    0.003   0.357   0.000   0.000   0.004   0.996
B T  1X8HA                 40    0.063   8.719   0.000   0.000   0.019   0.980
B W  1X8HA                 41    0.137  32.989   0.000   0.000   0.004   0.996
E T  1X8HA                 42    0.257  35.681   0.000   0.001   0.001   0.998
E P  1X8HA                 43    0.361  51.232   0.000   0.919   0.000   0.081
E D  1X8HA                 44    0.643  92.658   0.000   0.944   0.000   0.056
B T  1X8HA                 45    0.089  12.292   0.000   0.966   0.000   0.033
B A  1X8HA                 46    0.026   2.813   0.000   0.985   0.000   0.015
E R  1X8HA                 47    0.551 126.129   0.000   0.991   0.000   0.009
E E  1X8HA                 48    0.416  72.736   0.000   0.992   0.000   0.007
B L  1X8HA                 49    0.005   0.862   0.000   0.997   0.000   0.003
B H  1X8HA                 50    0.225  41.013   0.000   0.998   0.000   0.002
E K  1X8HA                 51    0.548 112.780   0.000   0.997   0.000   0.003
B L  1X8HA                 52    0.098  17.892   0.000   0.998   0.000   0.002
B I  1X8HA                 53    0.008   1.497   0.000   0.995   0.000   0.004
E K  1X8HA                 54    0.540 111.031   0.000   0.964   0.000   0.035
E R  1X8HA                 55    0.676 154.842   0.000   0.905   0.000   0.095
B V  1X8HA                 56    0.198  30.465   0.000   0.795   0.000   0.204
B S  1X8HA                 57    0.240  28.164   0.000   0.117   0.005   0.878
E R  1X8HA                 58    0.846 193.650   0.000   0.002   0.001   0.997
E K  1X8HA                 59    0.434  89.177   0.000   0.000   0.003   0.997
E P  1X8HA                 60    0.454  64.413   0.000   0.000   0.004   0.996
B V  1X8HA                 61    0.031   4.692   0.000   0.000   0.603   0.396
E L  1X8HA                 62    0.278  50.907   0.000   0.000   0.602   0.398
B E  1X8HA                 63    0.132  23.094   0.000   0.000   0.989   0.011
B V  1X8HA                 64    0.006   0.868   0.000   0.000   0.999   0.001
B I  1X8HA                 65    0.007   1.225   0.000   0.000   0.972   0.027
B N  1X8HA                 66    0.006   0.841   0.000   0.000   0.147   0.853
B T  1X8HA                 67    0.025   3.430   0.000   0.000   0.002   0.998
B N  1X8HA                 68    0.040   5.818   0.000   0.000   0.007   0.993
B Y  1X8HA                 69    0.082  17.527   0.000   0.000   0.000   1.000
B H  1X8HA                 70    0.127  23.067   0.000   0.002   0.006   0.992
B T  1X8HA                 71    0.128  17.721   0.000   0.987   0.000   0.013
B D  1X8HA                 72    0.106  15.302   0.000   0.984   0.000   0.015
B R  1X8HA                 73    0.037   8.452   0.000   0.976   0.001   0.023
B A  1X8HA                 74    0.022   2.464   0.000   0.606   0.010   0.384
B G  1X8HA                 75    0.109   8.549   0.000   0.137   0.010   0.852
B G  1X8HA                 76    0.027   2.139   0.000   0.188   0.006   0.806
B N  1X8HA                 77    0.030   4.413   0.000   0.866   0.001   0.133
E A  1X8HA                 78    0.255  28.069   0.000   0.982   0.000   0.018
E Y  1X8HA                 79    0.282  60.366   0.000   0.981   0.000   0.018
B W  1X8HA                 80    0.006   1.529   0.000   0.974   0.000   0.026
E K  1X8HA                 81    0.456  93.836   0.000   0.967   0.000   0.033
E S  1X8HA                 82    0.781  91.521   0.000   0.882   0.000   0.118
E I  1X8HA                 83    0.273  50.588   0.000   0.392   0.001   0.607
E G  1X8HA                 84    0.644  50.693   0.000   0.001   0.001   0.998
B A  1X8HA                 85    0.040   4.406   0.000   0.000   0.005   0.994
E K  1X8HA                 86    0.421  86.590   0.000   0.000   0.944   0.056
B V  1X8HA                 87    0.028   4.350   0.000   0.000   0.998   0.002
B V  1X8HA                 88    0.032   4.879   0.000   0.000   0.998   0.002
B S  1X8HA                 89    0.008   0.958   0.000   0.000   0.957   0.043
B T  1X8HA                 90    0.043   5.906   0.000   0.001   0.738   0.261
E R  1X8HA                 91    0.533 121.961   0.000   0.988   0.000   0.012
E Q  1X8HA                 92    0.418  74.644   0.000   0.989   0.000   0.011
B T  1X8HA                 93    0.014   1.965   0.000   0.993   0.000   0.007
E R  1X8HA                 94    0.256  58.680   0.000   0.991   0.000   0.008
E D  1X8HA                 95    0.587  84.588   0.000   0.988   0.000   0.012
B L  1X8HA                 96    0.145  26.640   0.000   0.971   0.000   0.028
B M  1X8HA                 97    0.026   5.288   0.000   0.867   0.005   0.127
E K  1X8HA                 98    0.544 111.866   0.000   0.568   0.008   0.424
E S  1X8HA                 99    0.483  56.662   0.000   0.199   0.005   0.796
E D  1X8HA                100    0.447  64.438   0.000   0.128   0.010   0.862
B W  1X8HA                101    0.242  58.184   0.000   0.893   0.001   0.105
E A  1X8HA                102    0.559  61.603   0.000   0.976   0.000   0.024
E E  1X8HA                103    0.450  78.634   0.000   0.980   0.001   0.019
B I  1X8HA                104    0.047   8.658   0.000   0.986   0.001   0.013
B V  1X8HA                105    0.185  28.492   0.000   0.985   0.002   0.013
E A  1X8HA                106    0.374  41.246   0.000   0.979   0.001   0.020
B F  1X8HA                107    0.152  30.571   0.000   0.966   0.002   0.032
B T  1X8HA                108    0.089  12.370   0.000   0.940   0.004   0.055
E R  1X8HA                109    0.558 127.807   0.000   0.867   0.005   0.128
E K  1X8HA                110    0.650 133.618   0.000   0.647   0.003   0.350
E G  1X8HA                111    0.367  28.873   0.000   0.354   0.003   0.643
B L  1X8HA                112    0.149  27.308   0.000   0.111   0.022   0.867
E P  1X8HA                113    0.477  67.745   0.000   0.199   0.003   0.798
E E  1X8HA                114    0.725 126.626   0.000   0.230   0.009   0.762
B Y  1X8HA                115    0.210  44.931   0.000   0.023   0.011   0.966
E P  1X8HA                116    0.514  72.956   0.000   0.015   0.001   0.984
E D  1X8HA                117    0.885 127.533   0.000   0.018   0.007   0.976
B L  1X8HA                118    0.161  29.522   0.000   0.003   0.032   0.965
E P  1X8HA                119    0.531  75.393   0.000   0.002   0.031   0.967
B L  1X8HA                120    0.197  36.146   0.000   0.004   0.430   0.565
E V  1X8HA                121    0.351  53.921   0.000   0.002   0.464   0.534
E L  1X8HA                122    0.314  57.547   0.000   0.001   0.101   0.898
B P  1X8HA                123    0.229  32.444   0.000   0.002   0.077   0.921
E N  1X8HA                124    0.518  75.828   0.000   0.002   0.724   0.273
E V  1X8HA                125    0.337  51.827   0.000   0.003   0.915   0.083
B V  1X8HA                126    0.168  25.799   0.000   0.003   0.851   0.146
E H  1X8HA                127    0.377  68.568   0.000   0.007   0.868   0.125
E D  1X8HA                128    0.677  97.496   0.000   0.006   0.706   0.288
E G  1X8HA                129    0.374  29.447   0.000   0.002   0.518   0.480
E D  1X8HA                130    0.715 102.993   0.000   0.002   0.419   0.579
B F  1X8HA                131    0.137  27.399   0.000   0.001   0.930   0.069
E T  1X8HA                132    0.583  80.808   0.000   0.001   0.944   0.055
B L  1X8HA                133    0.070  12.842   0.000   0.008   0.735   0.257
E Q  1X8HA                134    0.522  93.284   0.000   0.073   0.144   0.783
E E  1X8HA                135    0.748 130.684   0.000   0.094   0.034   0.872
E G  1X8HA                136    0.353  27.818   0.000   0.082   0.174   0.744
E K  1X8HA                137    0.448  92.061   0.000   0.006   0.528   0.466
B V  1X8HA                138    0.031   4.712   0.000   0.000   0.964   0.036
E R  1X8HA                139    0.310  70.996   0.000   0.000   0.995   0.005
B A  1X8HA                140    0.053   5.845   0.000   0.000   0.993   0.007
B F  1X8HA                141    0.100  20.145   0.000   0.000   0.981   0.019
B Y  1X8HA                142    0.083  17.713   0.000   0.000   0.965   0.034
B A  1X8HA                143    0.110  12.122   0.000   0.000   0.868   0.131
B G  1X8HA                144    0.030   2.362   0.000   0.001   0.305   0.694
B P  1X8HA                145    0.128  18.117   0.000   0.002   0.064   0.934
B A  1X8HA                146    0.041   4.489   0.000   0.003   0.050   0.947
B H  1X8HA                147    0.089  16.117   0.000   0.003   0.048   0.949
B T  1X8HA                148    0.043   5.991   0.000   0.005   0.036   0.959
B P  1X8HA                149    0.225  31.872   0.000   0.012   0.004   0.984
B D  1X8HA                150    0.161  23.147   0.000   0.011   0.009   0.980
B G  1X8HA                151    0.011   0.885   0.000   0.006   0.572   0.422
B I  1X8HA                152    0.009   1.680   0.000   0.000   0.948   0.051
B F  1X8HA                153    0.008   1.592   0.000   0.000   0.991   0.009
B V  1X8HA                154    0.006   0.946   0.000   0.000   1.000   0.000
B Y  1X8HA                155    0.120  25.628   0.000   0.000   0.999   0.001
B F  1X8HA                156    0.026   5.247   0.000   0.000   0.897   0.103
E P  1X8HA                157    0.380  53.876   0.000   0.315   0.040   0.646
E D  1X8HA                158    0.721 103.930   0.000   0.420   0.011   0.569
E E  1X8HA                159    0.394  68.913   0.000   0.274   0.021   0.705
E Q  1X8HA                160    0.411  73.477   0.000   0.002   0.038   0.960
B V  1X8HA                161    0.017   2.587   0.000   0.000   0.993   0.007
B L  1X8HA                162    0.005   0.970   0.000   0.000   1.000   0.000
B Y  1X8HA                163    0.030   6.436   0.000   0.000   0.993   0.007
B G  1X8HA                164    0.004   0.327   0.000   0.001   0.566   0.432
B G  1X8HA                165    0.015   1.175   0.000   0.048   0.275   0.677
B C  1X8HA                166    0.029   4.093   0.000   0.095   0.018   0.888
B I  1X8HA                167    0.015   2.806   0.000   0.017   0.003   0.980
B L  1X8HA                168    0.011   1.930   0.000   0.014   0.061   0.925
B K  1X8HA                169    0.137  28.153   0.000   0.031   0.115   0.855
E E  1X8HA                170    0.378  66.089   0.000   0.102   0.025   0.873
E K  1X8HA                171    0.496 102.004   0.000   0.101   0.048   0.851
B L  1X8HA                172    0.135  24.691   0.000   0.106   0.103   0.791
B G  1X8HA                173    0.203  16.009   0.000   0.046   0.126   0.828
E N  1X8HA                174    0.325  47.643   0.000   0.049   0.145   0.806
B L  1X8HA                175    0.133  24.401   0.000   0.196   0.056   0.747
E S  1X8HA                176    0.351  41.182   0.000   0.228   0.022   0.749
B F  1X8HA                177    0.250  50.149   0.000   0.212   0.012   0.776
E A  1X8HA                178    0.258  28.438   0.000   0.060   0.008   0.932
E D  1X8HA                179    0.453  65.226   0.000   0.028   0.005   0.967
B V  1X8HA                180    0.212  32.564   0.000   0.539   0.004   0.457
E K  1X8HA                181    0.657 135.082   0.000   0.668   0.002   0.330
B A  1X8HA                182    0.140  15.433   0.000   0.886   0.000   0.114
B Y  1X8HA                183    0.025   5.345   0.000   0.991   0.000   0.009
B P  1X8HA                184    0.204  28.937   0.000   0.996   0.000   0.004
E Q  1X8HA                185    0.492  87.829   0.000   0.997   0.000   0.003
B T  1X8HA                186    0.015   2.026   0.000   0.999   0.000   0.001
B L  1X8HA                187    0.026   4.851   0.000   0.999   0.000   0.001
E E  1X8HA                188    0.571  99.795   0.000   0.999   0.000   0.001
E R  1X8HA                189    0.396  90.695   0.000   0.998   0.000   0.002
B L  1X8HA                190    0.007   1.216   0.000   0.995   0.000   0.005
E K  1X8HA                191    0.447  92.038   0.000   0.947   0.000   0.053
E A  1X8HA                192    0.713  78.585   0.000   0.712   0.000   0.288
B M  1X8HA                193    0.243  48.560   0.000   0.081   0.000   0.919
E K  1X8HA                194    0.867 178.321   0.000   0.009   0.003   0.988
B L  1X8HA                195    0.103  18.821   0.000   0.000   0.002   0.997
E P  1X8HA                196    0.545  77.300   0.000   0.000   0.001   0.999
B I  1X8HA                197    0.110  20.359   0.000   0.021   0.076   0.903
E K  1X8HA                198    0.542 111.498   0.000   0.009   0.110   0.881
B T  1X8HA                199    0.137  19.033   0.000   0.007   0.946   0.047
B V  1X8HA                200    0.025   3.825   0.000   0.000   0.996   0.004
B I  1X8HA                201    0.016   2.917   0.000   0.000   0.966   0.034
B G  1X8HA                202    0.010   0.749   0.000   0.000   0.531   0.469
B G  1X8HA                203    0.026   2.022   0.000   0.002   0.066   0.932
B H  1X8HA                204    0.112  20.318   0.000   0.008   0.036   0.956
B D  1X8HA                205    0.196  28.172   0.000   0.060   0.019   0.921
E S  1X8HA                206    0.306  35.908   0.000   0.252   0.020   0.728
B P  1X8HA                207    0.196  27.802   0.000   0.205   0.029   0.766
B L  1X8HA                208    0.082  14.944   0.000   0.189   0.131   0.680
E H  1X8HA                209    0.297  54.091   0.000   0.200   0.065   0.735
B G  1X8HA                210    0.208  16.374   0.000   0.237   0.001   0.762
E P  1X8HA                211    0.529  75.082   0.000   0.957   0.000   0.042
E E  1X8HA                212    0.641 111.943   0.000   0.987   0.000   0.012
B L  1X8HA                213    0.081  14.740   0.000   0.992   0.000   0.008
B I  1X8HA                214    0.056  10.370   0.000   0.997   0.000   0.003
E D  1X8HA                215    0.581  83.734   0.000   0.997   0.000   0.003
E H  1X8HA                216    0.360  65.427   0.000   0.996   0.000   0.004
B Y  1X8HA                217    0.033   7.005   0.000   0.997   0.000   0.003
E E  1X8HA                218    0.325  56.707   0.000   0.997   0.000   0.003
E A  1X8HA                219    0.480  52.896   0.000   0.993   0.000   0.007
B L  1X8HA                220    0.152  27.751   0.000   0.983   0.000   0.017
B I  1X8HA                221    0.092  16.965   0.000   0.946   0.001   0.052
E K  1X8HA                222    0.701 144.110   0.000   0.765   0.001   0.233
E A  1X8HA                223    0.694  76.457   0.000   0.417   0.001   0.582
E A  1X8HA                224    0.279  30.787   0.000   0.011   0.001   0.988
E P  1X8HA                225    0.614  87.075   0.000   0.022   0.002   0.976
E Q  1X8HA                226    0.784 140.112   0.000   0.036   0.010   0.954
E S  1X8HA                227    0.763  89.402   0.000   0.026   0.004   0.970
E S  1X8HA                228    0.936 109.706   0.000   0.001   0.000   0.999
