# For publication of results, please cite:
# ...
# ... Michael Schantz Klausen, Martin Closter Jespersen, Henrik Nielsen, Kamilla Kjærgaard Jensen, 
# ... Vanessa Isabell Jurtz, Casper Kaae Sønderby, Morten Otto Alexander Sommer, Ole Winther, 
# ... Morten Nielsen, Bent Petersen, and Paolo Marcatili. 
# ... NetSurfP-2.0: Improved prediction of protein structural features by integrated deep learning.
# ... Proteins: Structure, Function, and Bioinformatics (Feb. 2019).
# ... https://doi.org/10.1002/prot.25674
# ...
#
# Column 1: Class assignment - B for buried or E for Exposed - Threshold: 25% exposure, but not based on RSA
# Column 2: Amino acid
# Column 3: Sequence name
# Column 4: Amino acid number
# Column 5: Relative Surface Accessibility - RSA
# Column 6: Absolute Surface Accessibility
# Column 7: Not used
# Column 8: Probability for Alpha-Helix
# Column 9: Probability for Beta-strand
# Column 10: Probability for Coil
E M  2CCCA                  1    0.845 169.015   0.000   0.000   0.001   0.999
E V  2CCCA                  2    0.632  97.140   0.000   0.001   0.305   0.693
E F  2CCCA                  3    0.550 110.425   0.000   0.001   0.590   0.409
E K  2CCCA                  4    0.502 103.230   0.000   0.000   0.870   0.129
E K  2CCCA                  5    0.580 119.314   0.000   0.001   0.839   0.160
E V  2CCCA                  6    0.316  48.604   0.000   0.001   0.919   0.081
E L  2CCCA                  7    0.590 108.049   0.000   0.001   0.952   0.048
E L  2CCCA                  8    0.267  48.910   0.000   0.001   0.936   0.064
E T  2CCCA                  9    0.573  79.525   0.000   0.000   0.979   0.021
E G  2CCCA                 10    0.255  20.102   0.000   0.000   0.991   0.009
E T  2CCCA                 11    0.606  84.014   0.000   0.000   0.939   0.061
B S  2CCCA                 12    0.148  17.323   0.000   0.001   0.478   0.521
E E  2CCCA                 13    0.767 133.996   0.000   0.038   0.011   0.951
E E  2CCCA                 14    0.719 125.665   0.000   0.019   0.005   0.977
E S  2CCCA                 15    0.446  52.221   0.000   0.048   0.010   0.942
E F  2CCCA                 16    0.402  80.688   0.000   0.955   0.001   0.044
E T  2CCCA                 17    0.612  84.830   0.000   0.980   0.000   0.020
E A  2CCCA                 18    0.363  39.974   0.000   0.987   0.000   0.013
B A  2CCCA                 19    0.155  17.124   0.000   0.994   0.000   0.006
B A  2CCCA                 20    0.192  21.175   0.000   0.992   0.000   0.008
E D  2CCCA                 21    0.571  82.268   0.000   0.996   0.000   0.004
E D  2CCCA                 22    0.509  73.300   0.000   0.989   0.000   0.011
B A  2CCCA                 23    0.129  14.208   0.000   0.997   0.000   0.003
E I  2CCCA                 24    0.252  46.663   0.000   0.997   0.000   0.003
E D  2CCCA                 25    0.611  88.032   0.000   0.996   0.000   0.004
E R  2CCCA                 26    0.532 121.805   0.000   0.988   0.000   0.012
B A  2CCCA                 27    0.143  15.788   0.000   0.973   0.000   0.027
E E  2CCCA                 28    0.527  92.016   0.000   0.910   0.001   0.089
E D  2CCCA                 29    0.751 108.157   0.000   0.818   0.001   0.181
E T  2CCCA                 30    0.542  75.146   0.000   0.688   0.004   0.308
B L  2CCCA                 31    0.221  40.406   0.000   0.208   0.031   0.761
E D  2CCCA                 32    0.732 105.446   0.000   0.055   0.027   0.918
E N  2CCCA                 33    0.632  92.509   0.000   0.038   0.010   0.953
B V  2CCCA                 34    0.221  33.936   0.000   0.001   0.660   0.339
E V  2CCCA                 35    0.479  73.676   0.000   0.000   0.668   0.332
E W  2CCCA                 36    0.439 105.681   0.000   0.000   0.983   0.016
B A  2CCCA                 37    0.162  17.897   0.000   0.000   0.995   0.005
E E  2CCCA                 38    0.552  96.508   0.000   0.000   0.998   0.002
E V  2CCCA                 39    0.308  47.396   0.000   0.000   0.997   0.003
E V  2CCCA                 40    0.454  69.836   0.000   0.000   0.995   0.005
E D  2CCCA                 41    0.629  90.602   0.000   0.000   0.999   0.001
E Q  2CCCA                 42    0.414  73.975   0.000   0.000   0.998   0.002
E G  2CCCA                 43    0.280  22.039   0.000   0.000   0.994   0.006
E V  2CCCA                 44    0.348  53.562   0.000   0.000   0.988   0.012
E E  2CCCA                 45    0.597 104.345   0.000   0.000   0.975   0.025
E I  2CCCA                 46    0.419  77.461   0.000   0.001   0.754   0.245
E G  2CCCA                 47    0.472  37.134   0.000   0.009   0.145   0.846
E A  2CCCA                 48    0.805  88.695   0.000   0.026   0.006   0.968
E V  2CCCA                 49    0.730 112.206   0.000   0.037   0.008   0.955
E E  2CCCA                 50    0.600 104.892   0.000   0.010   0.466   0.525
E E  2CCCA                 51    0.601 104.936   0.000   0.002   0.761   0.236
E R  2CCCA                 52    0.367  84.040   0.000   0.000   0.930   0.070
E T  2CCCA                 53    0.342  47.422   0.000   0.000   0.983   0.017
B Y  2CCCA                 54    0.150  32.106   0.000   0.000   0.995   0.005
E Q  2CCCA                 55    0.408  72.826   0.000   0.000   0.994   0.006
B T  2CCCA                 56    0.047   6.461   0.000   0.000   0.990   0.010
E E  2CCCA                 57    0.409  71.465   0.000   0.000   0.995   0.005
B V  2CCCA                 58    0.040   6.072   0.000   0.000   0.996   0.004
E Q  2CCCA                 59    0.389  69.560   0.000   0.000   0.997   0.002
B V  2CCCA                 60    0.062   9.496   0.000   0.000   0.997   0.003
B A  2CCCA                 61    0.161  17.772   0.000   0.000   0.994   0.005
B F  2CCCA                 62    0.152  30.449   0.000   0.000   0.991   0.009
E E  2CCCA                 63    0.417  72.774   0.000   0.001   0.963   0.036
E L  2CCCA                 64    0.283  51.866   0.000   0.002   0.601   0.397
E D  2CCCA                 65    0.700 100.925   0.000   0.005   0.149   0.847
E G  2CCCA                 66    0.755  59.437   0.000   0.007   0.019   0.974
E S  2CCCA                 67    0.831  97.344   0.000   0.005   0.011   0.984
E Q  2CCCA                 68    0.919 164.144   0.000   0.000   0.000   1.000
