# For publication of results, please cite:
# ...
# ... Michael Schantz Klausen, Martin Closter Jespersen, Henrik Nielsen, Kamilla Kjærgaard Jensen, 
# ... Vanessa Isabell Jurtz, Casper Kaae Sønderby, Morten Otto Alexander Sommer, Ole Winther, 
# ... Morten Nielsen, Bent Petersen, and Paolo Marcatili. 
# ... NetSurfP-2.0: Improved prediction of protein structural features by integrated deep learning.
# ... Proteins: Structure, Function, and Bioinformatics (Feb. 2019).
# ... https://doi.org/10.1002/prot.25674
# ...
#
# Column 1: Class assignment - B for buried or E for Exposed - Threshold: 25% exposure, but not based on RSA
# Column 2: Amino acid
# Column 3: Sequence name
# Column 4: Amino acid number
# Column 5: Relative Surface Accessibility - RSA
# Column 6: Absolute Surface Accessibility
# Column 7: Not used
# Column 8: Probability for Alpha-Helix
# Column 9: Probability for Beta-strand
# Column 10: Probability for Coil
E A  2PAVP                  1    0.811  89.335   0.000   0.004   0.000   0.996
E G  2PAVP                  2    0.499  39.276   0.000   0.093   0.005   0.902
B W  2PAVP                  3    0.158  38.033   0.000   0.908   0.001   0.091
E N  2PAVP                  4    0.506  74.126   0.000   0.975   0.000   0.024
E A  2PAVP                  5    0.421  46.404   0.000   0.990   0.000   0.010
B Y  2PAVP                  6    0.200  42.633   0.000   0.994   0.000   0.006
B I  2PAVP                  7    0.031   5.771   0.000   0.995   0.000   0.004
E D  2PAVP                  8    0.514  74.075   0.000   0.995   0.000   0.005
E N  2PAVP                  9    0.558  81.732   0.000   0.982   0.000   0.018
B L  2PAVP                 10    0.056  10.209   0.000   0.987   0.000   0.012
B M  2PAVP                 11    0.171  34.274   0.000   0.961   0.002   0.037
E A  2PAVP                 12    0.632  69.652   0.000   0.888   0.001   0.112
E D  2PAVP                 13    0.645  92.965   0.000   0.520   0.001   0.478
E G  2PAVP                 14    0.439  34.537   0.000   0.004   0.001   0.996
E T  2PAVP                 15    0.352  48.779   0.000   0.003   0.024   0.973
B C  2PAVP                 16    0.037   5.236   0.000   0.001   0.429   0.571
E Q  2PAVP                 17    0.501  89.519   0.000   0.001   0.368   0.632
E D  2PAVP                 18    0.319  46.032   0.000   0.001   0.939   0.060
B A  2PAVP                 19    0.020   2.254   0.000   0.000   0.994   0.006
B A  2PAVP                 20    0.019   2.040   0.000   0.000   0.997   0.003
B I  2PAVP                 21    0.029   5.345   0.000   0.000   0.998   0.002
B V  2PAVP                 22    0.037   5.615   0.000   0.000   0.983   0.017
B G  2PAVP                 23    0.077   6.081   0.000   0.001   0.824   0.176
B Y  2PAVP                 24    0.236  50.478   0.000   0.005   0.489   0.506
E K  2PAVP                 25    0.622 127.949   0.000   0.007   0.032   0.960
E D  2PAVP                 26    0.841 121.183   0.000   0.005   0.011   0.984
E S  2PAVP                 27    0.340  39.882   0.000   0.015   0.172   0.813
E P  2PAVP                 28    0.567  80.415   0.000   0.006   0.060   0.934
B S  2PAVP                 29    0.215  25.168   0.000   0.009   0.496   0.495
B V  2PAVP                 30    0.121  18.550   0.000   0.004   0.860   0.136
B W  2PAVP                 31    0.156  37.522   0.000   0.002   0.971   0.027
B A  2PAVP                 32    0.019   2.107   0.000   0.001   0.984   0.015
B A  2PAVP                 33    0.125  13.792   0.000   0.001   0.929   0.070
B V  2PAVP                 34    0.117  18.040   0.000   0.001   0.408   0.591
E P  2PAVP                 35    0.571  81.045   0.000   0.019   0.074   0.907
E G  2PAVP                 36    0.820  64.507   0.000   0.036   0.006   0.958
E K  2PAVP                 37    0.531 109.152   0.000   0.085   0.082   0.833
E T  2PAVP                 38    0.532  73.801   0.000   0.079   0.130   0.791
B F  2PAVP                 39    0.247  49.492   0.000   0.419   0.079   0.502
E V  2PAVP                 40    0.407  62.503   0.000   0.330   0.078   0.592
E N  2PAVP                 41    0.709 103.742   0.000   0.400   0.037   0.564
B I  2PAVP                 42    0.082  15.108   0.000   0.002   0.017   0.981
E T  2PAVP                 43    0.489  67.848   0.000   0.000   0.000   0.999
E P  2PAVP                 44    0.617  87.554   0.000   0.972   0.000   0.028
E A  2PAVP                 45    0.613  67.592   0.000   0.983   0.001   0.016
E E  2PAVP                 46    0.256  44.693   0.000   0.991   0.000   0.009
B V  2PAVP                 47    0.088  13.540   0.000   0.991   0.000   0.009
E G  2PAVP                 48    0.427  33.643   0.000   0.983   0.000   0.017
E V  2PAVP                 49    0.445  68.395   0.000   0.966   0.001   0.033
B L  2PAVP                 50    0.086  15.712   0.000   0.942   0.001   0.057
E V  2PAVP                 51    0.267  41.067   0.000   0.638   0.009   0.353
E G  2PAVP                 52    0.626  49.275   0.000   0.313   0.003   0.684
E K  2PAVP                 53    0.693 142.590   0.000   0.210   0.002   0.788
E D  2PAVP                 54    0.556  80.069   0.000   0.029   0.014   0.957
E R  2PAVP                 55    0.490 112.178   0.000   0.692   0.003   0.304
E S  2PAVP                 56    0.779  91.241   0.000   0.768   0.002   0.230
E S  2PAVP                 57    0.415  48.689   0.000   0.765   0.003   0.231
B F  2PAVP                 58    0.117  23.422   0.000   0.277   0.168   0.555
E Y  2PAVP                 59    0.437  93.492   0.000   0.233   0.177   0.590
E V  2PAVP                 60    0.492  75.547   0.000   0.267   0.060   0.673
E N  2PAVP                 61    0.535  78.388   0.000   0.300   0.076   0.623
B G  2PAVP                 62    0.089   6.993   0.000   0.009   0.378   0.613
B L  2PAVP                 63    0.047   8.632   0.000   0.000   0.971   0.028
E T  2PAVP                 64    0.356  49.368   0.000   0.000   0.997   0.003
B L  2PAVP                 65    0.066  12.011   0.000   0.000   0.994   0.006
E G  2PAVP                 66    0.492  38.709   0.000   0.004   0.001   0.995
E G  2PAVP                 67    0.784  61.666   0.000   0.004   0.001   0.995
E Q  2PAVP                 68    0.469  83.690   0.000   0.000   0.985   0.015
E K  2PAVP                 69    0.522 107.345   0.000   0.000   0.966   0.034
B C  2PAVP                 70    0.056   7.909   0.000   0.001   0.848   0.152
E S  2PAVP                 71    0.252  29.502   0.000   0.001   0.943   0.055
B V  2PAVP                 72    0.080  12.276   0.000   0.000   0.972   0.028
E I  2PAVP                 73    0.298  55.046   0.000   0.001   0.926   0.073
E R  2PAVP                 74    0.490 112.321   0.000   0.003   0.948   0.049
E D  2PAVP                 75    0.326  47.016   0.000   0.014   0.890   0.096
E S  2PAVP                 76    0.437  51.260   0.000   0.021   0.853   0.126
E L  2PAVP                 77    0.417  76.302   0.000   0.021   0.860   0.119
E L  2PAVP                 78    0.449  82.175   0.000   0.030   0.613   0.356
E Q  2PAVP                 79    0.680 121.531   0.000   0.024   0.674   0.301
E D  2PAVP                 80    0.862 124.227   0.000   0.029   0.014   0.957
E G  2PAVP                 81    0.643  50.609   0.000   0.018   0.008   0.975
E E  2PAVP                 82    0.514  89.736   0.000   0.015   0.415   0.570
E F  2PAVP                 83    0.278  55.767   0.000   0.004   0.783   0.213
B S  2PAVP                 84    0.136  15.957   0.000   0.002   0.885   0.113
B M  2PAVP                 85    0.081  16.178   0.000   0.001   0.950   0.049
B D  2PAVP                 86    0.216  31.063   0.000   0.002   0.963   0.035
B L  2PAVP                 87    0.052   9.500   0.000   0.002   0.967   0.031
E R  2PAVP                 88    0.315  72.127   0.000   0.001   0.972   0.027
B T  2PAVP                 89    0.126  17.482   0.000   0.001   0.829   0.170
E K  2PAVP                 90    0.433  89.035   0.000   0.015   0.375   0.610
E S  2PAVP                 91    0.428  50.165   0.000   0.014   0.166   0.819
E T  2PAVP                 92    0.720  99.858   0.000   0.026   0.061   0.913
E G  2PAVP                 93    0.840  66.104   0.000   0.020   0.006   0.975
E G  2PAVP                 94    0.734  57.802   0.000   0.014   0.005   0.981
E A  2PAVP                 95    0.618  68.081   0.000   0.002   0.018   0.980
E P  2PAVP                 96    0.455  64.532   0.000   0.011   0.061   0.929
E T  2PAVP                 97    0.453  62.877   0.000   0.011   0.191   0.798
E F  2PAVP                 98    0.276  55.375   0.000   0.010   0.496   0.494
B N  2PAVP                 99    0.172  25.165   0.000   0.004   0.681   0.315
B V  2PAVP                100    0.027   4.119   0.000   0.000   0.969   0.031
B T  2PAVP                101    0.091  12.609   0.000   0.000   0.994   0.006
B V  2PAVP                102    0.032   4.962   0.000   0.000   0.997   0.003
B T  2PAVP                103    0.161  22.294   0.000   0.000   0.998   0.002
E K  2PAVP                104    0.281  57.891   0.000   0.000   0.993   0.007
B T  2PAVP                105    0.099  13.724   0.000   0.000   0.368   0.631
E D  2PAVP                106    0.720 103.731   0.000   0.000   0.017   0.982
E K  2PAVP                107    0.422  86.839   0.000   0.000   0.143   0.857
B T  2PAVP                108    0.037   5.161   0.000   0.000   0.947   0.053
B L  2PAVP                109    0.033   5.959   0.000   0.000   0.998   0.002
B V  2PAVP                110    0.010   1.546   0.000   0.000   1.000   0.000
B L  2PAVP                111    0.040   7.348   0.000   0.000   0.999   0.001
B L  2PAVP                112    0.023   4.276   0.000   0.000   0.997   0.003
B M  2PAVP                113    0.127  25.445   0.000   0.000   0.991   0.009
B G  2PAVP                114    0.055   4.318   0.000   0.000   0.875   0.125
E K  2PAVP                115    0.444  91.350   0.000   0.002   0.334   0.664
E E  2PAVP                116    0.726 126.893   0.000   0.015   0.016   0.969
E G  2PAVP                117    0.719  56.601   0.000   0.016   0.006   0.979
B V  2PAVP                118    0.202  31.020   0.000   0.018   0.064   0.917
E H  2PAVP                119    0.552 100.478   0.000   0.023   0.026   0.950
E G  2PAVP                120    0.262  20.623   0.000   0.861   0.001   0.138
E G  2PAVP                121    0.470  37.012   0.000   0.893   0.001   0.106
E L  2PAVP                122    0.377  69.020   0.000   0.973   0.001   0.025
B I  2PAVP                123    0.024   4.371   0.000   0.992   0.000   0.008
B N  2PAVP                124    0.226  33.041   0.000   0.997   0.000   0.003
E K  2PAVP                125    0.556 114.437   0.000   0.999   0.000   0.001
B K  2PAVP                126    0.217  44.729   0.000   0.999   0.000   0.001
B C  2PAVP                127    0.010   1.466   0.000   1.000   0.000   0.000
E Y  2PAVP                128    0.399  85.204   0.000   1.000   0.000   0.000
E E  2PAVP                129    0.524  91.577   0.000   0.999   0.000   0.001
B M  2PAVP                130    0.045   8.918   0.000   0.998   0.000   0.002
B A  2PAVP                131    0.024   2.684   0.000   0.999   0.000   0.001
E S  2PAVP                132    0.413  48.431   0.000   0.998   0.000   0.002
E H  2PAVP                133    0.288  52.330   0.000   0.997   0.000   0.003
B L  2PAVP                134    0.046   8.342   0.000   0.993   0.000   0.007
E R  2PAVP                135    0.445 101.960   0.000   0.965   0.000   0.035
E R  2PAVP                136    0.765 175.245   0.000   0.880   0.000   0.120
E S  2PAVP                137    0.394  46.219   0.000   0.125   0.000   0.874
E Q  2PAVP                138    0.802 143.235   0.000   0.017   0.001   0.983
E Y  2PAVP                139    0.515 110.154   0.000   0.001   0.000   0.999
