# For publication of results, please cite:
# ...
# ... Michael Schantz Klausen, Martin Closter Jespersen, Henrik Nielsen, Kamilla Kjærgaard Jensen, 
# ... Vanessa Isabell Jurtz, Casper Kaae Sønderby, Morten Otto Alexander Sommer, Ole Winther, 
# ... Morten Nielsen, Bent Petersen, and Paolo Marcatili. 
# ... NetSurfP-2.0: Improved prediction of protein structural features by integrated deep learning.
# ... Proteins: Structure, Function, and Bioinformatics (Feb. 2019).
# ... https://doi.org/10.1002/prot.25674
# ...
#
# Column 1: Class assignment - B for buried or E for Exposed - Threshold: 25% exposure, but not based on RSA
# Column 2: Amino acid
# Column 3: Sequence name
# Column 4: Amino acid number
# Column 5: Relative Surface Accessibility - RSA
# Column 6: Absolute Surface Accessibility
# Column 7: Not used
# Column 8: Probability for Alpha-Helix
# Column 9: Probability for Beta-strand
# Column 10: Probability for Coil
E M  1TD4A                  1    0.899 179.946   0.000   0.000   0.000   1.000
E V  1TD4A                  2    0.899 138.123   0.000   0.001   0.006   0.994
E T  1TD4A                  3    0.776 107.569   0.000   0.001   0.033   0.966
E K  1TD4A                  4    0.769 158.239   0.000   0.001   0.087   0.912
E T  1TD4A                  5    0.719  99.778   0.000   0.003   0.125   0.872
E I  1TD4A                  6    0.645 119.244   0.000   0.003   0.274   0.723
E T  1TD4A                  7    0.683  94.690   0.000   0.009   0.249   0.742
E E  1TD4A                  8    0.704 123.007   0.000   0.009   0.273   0.718
E Q  1TD4A                  9    0.776 138.542   0.000   0.011   0.271   0.718
E R  1TD4A                 10    0.563 128.892   0.000   0.019   0.245   0.736
E A  1TD4A                 11    0.553  60.909   0.000   0.019   0.220   0.762
E E  1TD4A                 12    0.608 106.242   0.000   0.081   0.201   0.717
E V  1TD4A                 13    0.421  64.704   0.000   0.049   0.280   0.671
E R  1TD4A                 14    0.477 109.303   0.000   0.037   0.519   0.444
E I  1TD4A                 15    0.278  51.518   0.000   0.011   0.512   0.477
E F  1TD4A                 16    0.405  81.305   0.000   0.011   0.605   0.384
E A  1TD4A                 17    0.258  28.404   0.000   0.007   0.605   0.389
E G  1TD4A                 18    0.292  22.998   0.000   0.001   0.203   0.796
E N  1TD4A                 19    0.783 114.677   0.000   0.001   0.024   0.975
E D  1TD4A                 20    0.518  74.618   0.000   0.001   0.068   0.931
E P  1TD4A                 21    0.535  75.932   0.000   0.012   0.162   0.826
E A  1TD4A                 22    0.375  41.311   0.000   0.017   0.277   0.706
E H  1TD4A                 23    0.321  58.331   0.000   0.009   0.865   0.126
E T  1TD4A                 24    0.507  70.352   0.000   0.006   0.861   0.133
B A  1TD4A                 25    0.240  26.397   0.000   0.002   0.868   0.130
E T  1TD4A                 26    0.612  84.822   0.000   0.001   0.940   0.059
B G  1TD4A                 27    0.209  16.412   0.000   0.001   0.951   0.047
E S  1TD4A                 28    0.503  59.010   0.000   0.001   0.942   0.057
B S  1TD4A                 29    0.116  13.542   0.000   0.004   0.725   0.271
E G  1TD4A                 30    0.329  25.863   0.000   0.007   0.217   0.775
E I  1TD4A                 31    0.429  79.442   0.000   0.003   0.020   0.976
E S  1TD4A                 32    0.760  89.068   0.000   0.005   0.012   0.983
E S  1TD4A                 33    0.402  47.144   0.000   0.001   0.060   0.940
E P  1TD4A                 34    0.634  89.903   0.000   0.000   0.337   0.663
B T  1TD4A                 35    0.118  16.404   0.000   0.000   0.904   0.096
E P  1TD4A                 36    0.408  57.824   0.000   0.001   0.401   0.598
E A  1TD4A                 37    0.271  29.889   0.000   0.001   0.015   0.983
E L  1TD4A                 38    0.342  62.588   0.000   0.001   0.029   0.970
B T  1TD4A                 39    0.179  24.832   0.000   0.000   0.096   0.904
B P  1TD4A                 40    0.165  23.382   0.000   0.000   0.949   0.051
B L  1TD4A                 41    0.063  11.528   0.000   0.000   0.960   0.040
B M  1TD4A                 42    0.069  13.896   0.000   0.000   0.994   0.006
B L  1TD4A                 43    0.187  34.206   0.000   0.000   0.997   0.003
B D  1TD4A                 44    0.159  22.892   0.000   0.000   0.698   0.302
E E  1TD4A                 45    0.570  99.662   0.000   0.001   0.001   0.997
E A  1TD4A                 46    0.753  83.024   0.000   0.001   0.000   0.999
E T  1TD4A                 47    0.548  76.003   0.000   0.004   0.000   0.996
E G  1TD4A                 48    0.412  32.458   0.000   0.000   0.000   1.000
E K  1TD4A                 49    0.588 120.909   0.000   0.000   0.091   0.908
E L  1TD4A                 50    0.287  52.548   0.000   0.000   0.987   0.013
E V  1TD4A                 51    0.329  50.593   0.000   0.000   0.995   0.005
E V  1TD4A                 52    0.383  58.864   0.000   0.000   0.985   0.015
B W  1TD4A                 53    0.190  45.579   0.000   0.004   0.510   0.486
E D  1TD4A                 54    0.499  71.923   0.000   0.005   0.279   0.716
E G  1TD4A                 55    0.325  25.606   0.000   0.240   0.017   0.742
E Q  1TD4A                 56    0.781 139.473   0.000   0.230   0.021   0.749
E K  1TD4A                 57    0.613 126.195   0.000   0.186   0.030   0.783
E A  1TD4A                 58    0.347  38.266   0.000   0.039   0.025   0.936
E G  1TD4A                 59    0.269  21.166   0.000   0.019   0.108   0.873
B S  1TD4A                 60    0.230  26.900   0.000   0.005   0.261   0.733
B A  1TD4A                 61    0.112  12.361   0.000   0.001   0.726   0.273
B V  1TD4A                 62    0.157  24.204   0.000   0.000   0.878   0.122
B G  1TD4A                 63    0.038   2.994   0.000   0.000   0.992   0.007
B I  1TD4A                 64    0.050   9.183   0.000   0.000   0.996   0.004
B L  1TD4A                 65    0.100  18.326   0.000   0.000   0.991   0.009
B V  1TD4A                 66    0.093  14.354   0.000   0.000   0.966   0.034
B L  1TD4A                 67    0.216  39.616   0.000   0.001   0.892   0.108
E P  1TD4A                 68    0.400  56.731   0.000   0.001   0.894   0.105
B L  1TD4A                 69    0.221  40.470   0.000   0.011   0.357   0.632
E E  1TD4A                 70    0.745 130.121   0.000   0.011   0.113   0.876
E G  1TD4A                 71    0.699  55.000   0.000   0.011   0.026   0.963
E T  1TD4A                 72    0.557  77.212   0.000   0.009   0.044   0.946
E E  1TD4A                 73    0.763 133.321   0.000   0.010   0.036   0.954
E T  1TD4A                 74    0.452  62.759   0.000   0.003   0.226   0.771
E A  1TD4A                 75    0.447  49.294   0.000   0.001   0.559   0.439
B L  1TD4A                 76    0.085  15.523   0.000   0.000   0.964   0.036
E T  1TD4A                 77    0.317  43.986   0.000   0.000   0.976   0.024
B Y  1TD4A                 78    0.080  17.018   0.000   0.001   0.990   0.010
E Y  1TD4A                 79    0.277  59.158   0.000   0.000   0.996   0.004
B K  1TD4A                 80    0.166  34.046   0.000   0.001   0.994   0.005
E S  1TD4A                 81    0.264  30.887   0.000   0.000   0.988   0.012
B G  1TD4A                 82    0.177  13.952   0.000   0.000   0.953   0.047
E T  1TD4A                 83    0.368  51.108   0.000   0.000   0.953   0.047
B F  1TD4A                 84    0.043   8.663   0.000   0.000   0.964   0.036
B A  1TD4A                 85    0.237  26.172   0.000   0.000   0.644   0.355
E T  1TD4A                 86    0.336  46.613   0.000   0.830   0.004   0.165
E E  1TD4A                 87    0.784 136.972   0.000   0.780   0.006   0.215
B A  1TD4A                 88    0.199  21.968   0.000   0.717   0.023   0.261
B I  1TD4A                 89    0.073  13.439   0.000   0.024   0.492   0.485
E H  1TD4A                 90    0.568 103.231   0.000   0.001   0.796   0.204
B W  1TD4A                 91    0.157  37.871   0.000   0.000   0.153   0.847
E P  1TD4A                 92    0.283  40.177   0.000   0.002   0.093   0.905
E E  1TD4A                 93    0.871 152.081   0.000   0.003   0.000   0.997
E S  1TD4A                 94    0.869 101.903   0.000   0.013   0.001   0.986
B V  1TD4A                 95    0.161  24.746   0.000   0.005   0.003   0.992
E D  1TD4A                 96    0.659  94.961   0.000   0.002   0.001   0.997
E E  1TD4A                 97    0.603 105.342   0.000   0.983   0.000   0.017
E H  1TD4A                 98    0.766 139.282   0.000   0.991   0.000   0.009
E K  1TD4A                 99    0.499 102.573   0.000   0.992   0.000   0.007
B K  1TD4A                100    0.165  33.891   0.000   0.995   0.000   0.005
E A  1TD4A                101    0.287  31.641   0.000   0.994   0.000   0.006
E N  1TD4A                102    0.730 106.824   0.000   0.985   0.000   0.015
B A  1TD4A                103    0.205  22.576   0.000   0.944   0.000   0.056
B F  1TD4A                104    0.064  12.900   0.000   0.706   0.002   0.291
E A  1TD4A                105    0.528  58.233   0.000   0.106   0.004   0.890
E G  1TD4A                106    0.697  54.884   0.000   0.049   0.002   0.950
B S  1TD4A                107    0.193  22.677   0.000   0.015   0.018   0.967
E A  1TD4A                108    0.440  48.469   0.000   0.013   0.245   0.743
B L  1TD4A                109    0.181  33.195   0.000   0.010   0.641   0.349
E S  1TD4A                110    0.363  42.587   0.000   0.003   0.957   0.040
E H  1TD4A                111    0.439  79.809   0.000   0.004   0.930   0.067
E A  1TD4A                112    0.368  40.606   0.000   0.001   0.913   0.086
E A  1TD4A                113    0.672  74.089   0.000   0.001   0.827   0.172
E L  1TD4A                114    0.344  63.067   0.000   0.000   0.062   0.938
E P  1TD4A                115    0.898 127.445   0.000   0.000   0.000   1.000
