# For publication of results, please cite:
# ...
# ... Michael Schantz Klausen, Martin Closter Jespersen, Henrik Nielsen, Kamilla Kjærgaard Jensen, 
# ... Vanessa Isabell Jurtz, Casper Kaae Sønderby, Morten Otto Alexander Sommer, Ole Winther, 
# ... Morten Nielsen, Bent Petersen, and Paolo Marcatili. 
# ... NetSurfP-2.0: Improved prediction of protein structural features by integrated deep learning.
# ... Proteins: Structure, Function, and Bioinformatics (Feb. 2019).
# ... https://doi.org/10.1002/prot.25674
# ...
#
# Column 1: Class assignment - B for buried or E for Exposed - Threshold: 25% exposure, but not based on RSA
# Column 2: Amino acid
# Column 3: Sequence name
# Column 4: Amino acid number
# Column 5: Relative Surface Accessibility - RSA
# Column 6: Absolute Surface Accessibility
# Column 7: Not used
# Column 8: Probability for Alpha-Helix
# Column 9: Probability for Beta-strand
# Column 10: Probability for Coil
E T  4DLHB                  1    0.865 119.987   0.000   0.003   0.000   0.997
E D  4DLHB                  2    0.674  97.085   0.000   0.550   0.001   0.449
E D  4DLHB                  3    0.795 114.529   0.000   0.747   0.000   0.253
E A  4DLHB                  4    0.530  58.445   0.000   0.885   0.000   0.115
B W  4DLHB                  5    0.207  49.720   0.000   0.982   0.000   0.018
E R  4DLHB                  6    0.471 107.778   0.000   0.987   0.000   0.012
E A  4DLHB                  7    0.542  59.682   0.000   0.995   0.000   0.005
E R  4DLHB                  8    0.496 113.525   0.000   0.995   0.000   0.005
B I  4DLHB                  9    0.093  17.281   0.000   0.997   0.000   0.003
E A  4DLHB                 10    0.452  49.845   0.000   0.998   0.000   0.002
E A  4DLHB                 11    0.521  57.361   0.000   0.996   0.000   0.004
E H  4DLHB                 12    0.272  49.413   0.000   0.993   0.000   0.007
E R  4DLHB                 13    0.299  68.357   0.000   0.996   0.000   0.004
E A  4DLHB                 14    0.480  52.895   0.000   0.995   0.000   0.005
E D  4DLHB                 15    0.564  81.272   0.000   0.989   0.000   0.011
B K  4DLHB                 16    0.186  38.289   0.000   0.996   0.000   0.004
B D  4DLHB                 17    0.235  33.889   0.000   0.996   0.000   0.004
E E  4DLHB                 18    0.652 113.883   0.000   0.992   0.000   0.008
E F  4DLHB                 19    0.358  71.902   0.000   0.977   0.000   0.023
B L  4DLHB                 20    0.084  15.470   0.000   0.944   0.001   0.055
E A  4DLHB                 21    0.389  42.858   0.000   0.774   0.001   0.225
E T  4DLHB                 22    0.748 103.802   0.000   0.521   0.000   0.479
E H  4DLHB                 23    0.339  61.635   0.000   0.047   0.002   0.951
E D  4DLHB                 24    0.867 124.938   0.000   0.054   0.000   0.946
E Q  4DLHB                 25    0.668 119.386   0.000   0.057   0.003   0.939
B S  4DLHB                 26    0.080   9.414   0.000   0.001   0.014   0.985
E P  4DLHB                 27    0.330  46.794   0.000   0.001   0.015   0.984
B I  4DLHB                 28    0.046   8.512   0.000   0.001   0.009   0.990
E P  4DLHB                 29    0.346  49.118   0.000   0.001   0.000   0.999
E P  4DLHB                 30    0.647  91.776   0.000   0.959   0.000   0.041
E A  4DLHB                 31    0.725  79.922   0.000   0.950   0.000   0.050
E D  4DLHB                 32    0.335  48.219   0.000   0.959   0.000   0.040
B R  4DLHB                 33    0.243  55.547   0.000   0.911   0.002   0.087
E G  4DLHB                 34    0.656  51.658   0.000   0.722   0.003   0.275
E A  4DLHB                 35    0.546  60.218   0.000   0.553   0.002   0.445
B F  4DLHB                 36    0.069  13.829   0.000   0.158   0.035   0.807
E D  4DLHB                 37    0.744 107.177   0.000   0.012   0.065   0.924
E G  4DLHB                 38    0.461  36.281   0.000   0.034   0.027   0.940
B L  4DLHB                 39    0.095  17.364   0.000   0.043   0.190   0.767
E R  4DLHB                 40    0.580 132.780   0.000   0.058   0.230   0.712
E Y  4DLHB                 41    0.310  66.342   0.000   0.024   0.478   0.497
B F  4DLHB                 42    0.156  31.217   0.000   0.013   0.231   0.755
E D  4DLHB                 43    0.731 105.285   0.000   0.002   0.053   0.945
B I  4DLHB                 44    0.184  34.009   0.000   0.004   0.127   0.869
E D  4DLHB                 45    0.355  51.227   0.000   0.001   0.023   0.976
E A  4DLHB                 46    0.516  56.899   0.000   0.785   0.003   0.212
E S  4DLHB                 47    0.510  59.815   0.000   0.719   0.005   0.275
B F  4DLHB                 48    0.072  14.397   0.000   0.513   0.022   0.464
E R  4DLHB                 49    0.277  63.487   0.000   0.001   0.804   0.194
B V  4DLHB                 50    0.047   7.239   0.000   0.000   0.944   0.055
E A  4DLHB                 51    0.380  41.913   0.000   0.001   0.924   0.076
B A  4DLHB                 52    0.049   5.362   0.000   0.000   0.800   0.199
E R  4DLHB                 53    0.480 110.012   0.000   0.000   0.952   0.048
B Y  4DLHB                 54    0.086  18.352   0.000   0.000   0.969   0.031
E Q  4DLHB                 55    0.443  79.088   0.000   0.000   0.987   0.013
E P  4DLHB                 56    0.418  59.300   0.000   0.000   0.982   0.018
B A  4DLHB                 57    0.156  17.159   0.000   0.001   0.306   0.694
E R  4DLHB                 58    0.830 190.112   0.000   0.001   0.090   0.909
E D  4DLHB                 59    0.752 108.328   0.000   0.001   0.161   0.838
E P  4DLHB                 60    0.450  63.786   0.000   0.009   0.180   0.810
E E  4DLHB                 61    0.557  97.330   0.000   0.006   0.790   0.205
E A  4DLHB                 62    0.491  54.059   0.000   0.006   0.829   0.165
B V  4DLHB                 63    0.144  22.143   0.000   0.000   0.970   0.030
E E  4DLHB                 64    0.651 113.655   0.000   0.001   0.954   0.045
B L  4DLHB                 65    0.076  13.912   0.000   0.004   0.825   0.171
E E  4DLHB                 66    0.587 102.594   0.000   0.014   0.608   0.378
B T  4DLHB                 67    0.139  19.232   0.000   0.005   0.426   0.569
B T  4DLHB                 68    0.206  28.568   0.000   0.005   0.215   0.780
E R  4DLHB                 69    0.563 128.951   0.000   0.004   0.105   0.891
E G  4DLHB                 70    0.424  33.390   0.000   0.003   0.208   0.789
E P  4DLHB                 71    0.642  91.170   0.000   0.001   0.050   0.949
E P  4DLHB                 72    0.506  71.804   0.000   0.003   0.262   0.736
E A  4DLHB                 73    0.311  34.249   0.000   0.001   0.903   0.096
E E  4DLHB                 74    0.624 109.076   0.000   0.000   0.948   0.052
B Y  4DLHB                 75    0.222  47.499   0.000   0.000   0.966   0.033
E T  4DLHB                 76    0.389  53.970   0.000   0.000   0.976   0.024
B R  4DLHB                 77    0.205  46.960   0.000   0.000   0.974   0.025
B A  4DLHB                 78    0.174  19.201   0.000   0.000   0.951   0.049
B A  4DLHB                 79    0.015   1.623   0.000   0.000   0.992   0.007
B V  4DLHB                 80    0.156  24.044   0.000   0.000   0.998   0.002
B L  4DLHB                 81    0.010   1.803   0.000   0.000   0.998   0.002
B G  4DLHB                 82    0.123   9.689   0.000   0.000   0.996   0.003
B F  4DLHB                 83    0.036   7.133   0.000   0.000   0.995   0.005
E D  4DLHB                 84    0.529  76.227   0.000   0.000   0.978   0.021
B L  4DLHB                 85    0.098  17.918   0.000   0.003   0.920   0.077
E G  4DLHB                 86    0.744  58.586   0.000   0.005   0.001   0.994
E D  4DLHB                 87    0.952 137.148   0.000   0.003   0.000   0.997
E S  4DLHB                 88    0.398  46.691   0.000   0.000   0.949   0.050
E H  4DLHB                 89    0.591 107.448   0.000   0.000   0.979   0.021
B H  4DLHB                 90    0.131  23.908   0.000   0.000   0.994   0.006
E T  4DLHB                 91    0.311  43.084   0.000   0.000   0.994   0.006
B L  4DLHB                 92    0.017   3.064   0.000   0.000   0.994   0.006
B T  4DLHB                 93    0.145  20.147   0.000   0.000   0.995   0.005
B A  4DLHB                 94    0.020   2.164   0.000   0.000   0.993   0.006
B F  4DLHB                 95    0.118  23.597   0.000   0.000   0.996   0.004
E R  4DLHB                 96    0.320  73.355   0.000   0.001   0.971   0.028
B V  4DLHB                 97    0.212  32.612   0.000   0.007   0.759   0.234
E E  4DLHB                 98    0.726 126.848   0.000   0.025   0.249   0.725
E G  4DLHB                 99    0.820  64.525   0.000   0.035   0.015   0.949
E E  4DLHB                100    0.614 107.258   0.000   0.048   0.041   0.911
E S  4DLHB                101    0.587  68.845   0.000   0.009   0.083   0.908
B S  4DLHB                102    0.178  20.872   0.000   0.002   0.694   0.304
B L  4DLHB                103    0.048   8.789   0.000   0.000   0.927   0.072
B F  4DLHB                104    0.154  30.907   0.000   0.000   0.982   0.018
B V  4DLHB                105    0.011   1.764   0.000   0.000   0.979   0.021
B P  4DLHB                106    0.053   7.583   0.000   0.000   0.948   0.051
B F  4DLHB                107    0.019   3.731   0.000   0.000   0.959   0.041
B T  4DLHB                108    0.121  16.759   0.000   0.000   0.943   0.057
B D  4DLHB                109    0.046   6.631   0.000   0.003   0.531   0.466
E E  4DLHB                110    0.497  86.807   0.000   0.030   0.035   0.935
B T  4DLHB                111    0.185  25.723   0.000   0.028   0.035   0.937
B T  4DLHB                112    0.243  33.711   0.000   0.039   0.071   0.889
E D  4DLHB                113    0.692  99.726   0.000   0.032   0.013   0.955
E D  4DLHB                114    0.720 103.803   0.000   0.035   0.012   0.953
E G  4DLHB                115    0.598  47.043   0.000   0.033   0.009   0.958
E R  4DLHB                116    0.562 128.691   0.000   0.041   0.084   0.875
E T  4DLHB                117    0.272  37.691   0.000   0.044   0.205   0.751
E Y  4DLHB                118    0.278  59.424   0.000   0.072   0.280   0.648
E E  4DLHB                119    0.531  92.723   0.000   0.116   0.140   0.744
E H  4DLHB                120    0.282  51.368   0.000   0.078   0.202   0.720
B G  4DLHB                121    0.077   6.073   0.000   0.024   0.522   0.453
B R  4DLHB                122    0.127  29.049   0.000   0.011   0.703   0.286
B Y  4DLHB                123    0.143  30.630   0.000   0.002   0.954   0.044
B L  4DLHB                124    0.037   6.863   0.000   0.001   0.960   0.038
E D  4DLHB                125    0.342  49.302   0.000   0.001   0.942   0.057
B V  4DLHB                126    0.077  11.823   0.000   0.001   0.504   0.495
E D  4DLHB                127    0.624  89.876   0.000   0.002   0.133   0.865
E P  4DLHB                128    0.395  56.115   0.000   0.023   0.033   0.944
E A  4DLHB                129    0.436  48.092   0.000   0.011   0.119   0.871
E E  4DLHB                130    0.460  80.368   0.000   0.003   0.891   0.107
B V  4DLHB                131    0.044   6.839   0.000   0.000   0.989   0.011
B A  4DLHB                132    0.166  18.295   0.000   0.000   0.995   0.005
B L  4DLHB                133    0.015   2.770   0.000   0.000   0.983   0.017
B D  4DLHB                134    0.178  25.686   0.000   0.001   0.864   0.135
B F  4DLHB                135    0.029   5.845   0.000   0.260   0.137   0.603
B N  4DLHB                136    0.144  21.104   0.000   0.322   0.134   0.544
B L  4DLHB                137    0.237  43.458   0.000   0.365   0.091   0.544
B A  4DLHB                138    0.082   9.082   0.000   0.061   0.124   0.815
B Y  4DLHB                139    0.242  51.737   0.000   0.043   0.321   0.636
B N  4DLHB                140    0.135  19.834   0.000   0.002   0.086   0.912
B P  4DLHB                141    0.126  17.816   0.000   0.573   0.013   0.415
E F  4DLHB                142    0.288  57.794   0.000   0.786   0.011   0.203
B C  4DLHB                143    0.138  19.440   0.000   0.729   0.040   0.230
B A  4DLHB                144    0.078   8.606   0.000   0.501   0.101   0.398
B Y  4DLHB                145    0.220  47.016   0.000   0.182   0.243   0.574
E G  4DLHB                146    0.295  23.215   0.000   0.018   0.100   0.882
E G  4DLHB                147    0.596  46.943   0.000   0.016   0.005   0.979
E S  4DLHB                148    0.579  67.892   0.000   0.010   0.011   0.979
B F  4DLHB                149    0.148  29.656   0.000   0.018   0.190   0.792
E S  4DLHB                150    0.354  41.482   0.000   0.007   0.264   0.729
B C  4DLHB                151    0.107  15.011   0.000   0.002   0.190   0.808
B A  4DLHB                152    0.183  20.207   0.000   0.003   0.189   0.808
B L  4DLHB                153    0.188  34.332   0.000   0.000   0.042   0.958
B P  4DLHB                154    0.074  10.430   0.000   0.000   0.002   0.998
B P  4DLHB                155    0.228  32.320   0.000   0.009   0.010   0.980
E A  4DLHB                156    0.619  68.170   0.000   0.956   0.000   0.044
E D  4DLHB                157    0.753 108.505   0.000   0.931   0.000   0.069
B N  4DLHB                158    0.082  12.012   0.000   0.843   0.010   0.147
E H  4DLHB                159    0.420  76.330   0.000   0.001   0.898   0.101
B V  4DLHB                160    0.080  12.294   0.000   0.000   0.802   0.198
E P  4DLHB                161    0.534  75.793   0.000   0.001   0.683   0.316
B A  4DLHB                162    0.142  15.689   0.000   0.002   0.528   0.470
E A  4DLHB                163    0.432  47.650   0.000   0.001   0.476   0.523
B I  4DLHB                164    0.073  13.443   0.000   0.001   0.696   0.304
E T  4DLHB                165    0.471  65.274   0.000   0.003   0.369   0.628
B A  4DLHB                166    0.167  18.366   0.000   0.011   0.185   0.804
B G  4DLHB                167    0.217  17.049   0.000   0.041   0.264   0.695
E E  4DLHB                168    0.290  50.727   0.000   0.024   0.216   0.760
E R  4DLHB                169    0.424  97.079   0.000   0.007   0.711   0.282
E V  4DLHB                170    0.381  58.628   0.000   0.009   0.301   0.690
E D  4DLHB                171    0.609  87.798   0.000   0.075   0.148   0.777
E A  4DLHB                172    0.609  67.071   0.000   0.096   0.022   0.883
E D  4DLHB                173    0.832 119.880   0.000   0.037   0.007   0.956
E L  4DLHB                174    0.596 109.192   0.000   0.001   0.000   0.999
