# For publication of results, please cite:
# ...
# ... Michael Schantz Klausen, Martin Closter Jespersen, Henrik Nielsen, Kamilla Kjærgaard Jensen, 
# ... Vanessa Isabell Jurtz, Casper Kaae Sønderby, Morten Otto Alexander Sommer, Ole Winther, 
# ... Morten Nielsen, Bent Petersen, and Paolo Marcatili. 
# ... NetSurfP-2.0: Improved prediction of protein structural features by integrated deep learning.
# ... Proteins: Structure, Function, and Bioinformatics (Feb. 2019).
# ... https://doi.org/10.1002/prot.25674
# ...
#
# Column 1: Class assignment - B for buried or E for Exposed - Threshold: 25% exposure, but not based on RSA
# Column 2: Amino acid
# Column 3: Sequence name
# Column 4: Amino acid number
# Column 5: Relative Surface Accessibility - RSA
# Column 6: Absolute Surface Accessibility
# Column 7: Not used
# Column 8: Probability for Alpha-Helix
# Column 9: Probability for Beta-strand
# Column 10: Probability for Coil
E M  1FHIA                  1    0.610 121.965   0.000   0.000   0.002   0.998
E S  1FHIA                  2    0.711  83.345   0.000   0.000   0.214   0.786
B F  1FHIA                  3    0.230  46.228   0.000   0.001   0.574   0.426
E R  1FHIA                  4    0.555 127.207   0.000   0.001   0.779   0.220
B F  1FHIA                  5    0.196  39.393   0.000   0.002   0.601   0.397
E G  1FHIA                  6    0.331  26.042   0.000   0.019   0.032   0.949
E Q  1FHIA                  7    0.707 126.257   0.000   0.025   0.033   0.943
E H  1FHIA                  8    0.473  86.028   0.000   0.013   0.591   0.396
E L  1FHIA                  9    0.446  81.636   0.000   0.004   0.828   0.167
B I  1FHIA                 10    0.115  21.266   0.000   0.002   0.559   0.439
E K  1FHIA                 11    0.527 108.501   0.000   0.002   0.065   0.933
E P  1FHIA                 12    0.411  58.316   0.000   0.346   0.068   0.586
E S  1FHIA                 13    0.397  46.547   0.000   0.224   0.210   0.565
E V  1FHIA                 14    0.258  39.653   0.000   0.079   0.613   0.308
B V  1FHIA                 15    0.214  32.832   0.000   0.001   0.966   0.033
B F  1FHIA                 16    0.124  24.815   0.000   0.000   0.988   0.012
B L  1FHIA                 17    0.148  27.134   0.000   0.000   0.997   0.003
E K  1FHIA                 18    0.441  90.722   0.000   0.000   0.992   0.008
B T  1FHIA                 19    0.140  19.353   0.000   0.001   0.270   0.729
E E  1FHIA                 20    0.815 142.323   0.000   0.000   0.001   0.999
E L  1FHIA                 21    0.276  50.556   0.000   0.000   0.002   0.997
B S  1FHIA                 22    0.037   4.379   0.000   0.000   0.973   0.027
B F  1FHIA                 23    0.038   7.659   0.000   0.000   0.998   0.002
B A  1FHIA                 24    0.007   0.721   0.000   0.000   0.999   0.001
B L  1FHIA                 25    0.039   7.118   0.000   0.000   0.994   0.006
B V  1FHIA                 26    0.074  11.306   0.000   0.001   0.921   0.079
B N  1FHIA                 27    0.141  20.646   0.000   0.001   0.573   0.426
E R  1FHIA                 28    0.418  95.703   0.000   0.010   0.061   0.929
E K  1FHIA                 29    0.531 109.203   0.000   0.006   0.034   0.960
E P  1FHIA                 30    0.265  37.605   0.000   0.006   0.042   0.952
E V  1FHIA                 31    0.379  58.186   0.000   0.007   0.052   0.941
B V  1FHIA                 32    0.165  25.399   0.000   0.003   0.075   0.922
E P  1FHIA                 33    0.485  68.826   0.000   0.002   0.034   0.964
B G  1FHIA                 34    0.127  10.032   0.000   0.002   0.083   0.915
B H  1FHIA                 35    0.123  22.422   0.000   0.002   0.675   0.323
B V  1FHIA                 36    0.014   2.156   0.000   0.000   0.990   0.010
B L  1FHIA                 37    0.025   4.606   0.000   0.000   0.999   0.001
B V  1FHIA                 38    0.005   0.730   0.000   0.000   1.000   0.000
B C  1FHIA                 39    0.013   1.802   0.000   0.000   0.987   0.013
B P  1FHIA                 40    0.023   3.216   0.000   0.000   0.979   0.021
E L  1FHIA                 41    0.296  54.271   0.000   0.000   0.035   0.965
E R  1FHIA                 42    0.530 121.384   0.000   0.000   0.047   0.953
E P  1FHIA                 43    0.404  57.282   0.000   0.000   0.024   0.975
B V  1FHIA                 44    0.063   9.621   0.000   0.001   0.313   0.687
E E  1FHIA                 45    0.669 116.823   0.000   0.000   0.003   0.997
E R  1FHIA                 46    0.354  80.995   0.000   0.002   0.188   0.810
B F  1FHIA                 47    0.078  15.616   0.000   0.960   0.000   0.040
E H  1FHIA                 48    0.563 102.439   0.000   0.968   0.000   0.032
E D  1FHIA                 49    0.590  84.984   0.000   0.967   0.000   0.033
B L  1FHIA                 50    0.051   9.423   0.000   0.001   0.001   0.997
E R  1FHIA                 51    0.590 135.198   0.000   0.000   0.000   1.000
E P  1FHIA                 52    0.698  99.037   0.000   0.975   0.000   0.025
E D  1FHIA                 53    0.764 110.161   0.000   0.974   0.000   0.026
B E  1FHIA                 54    0.170  29.726   0.000   0.987   0.000   0.013
B V  1FHIA                 55    0.205  31.536   0.000   0.988   0.001   0.011
E A  1FHIA                 56    0.457  50.348   0.000   0.992   0.000   0.007
E D  1FHIA                 57    0.323  46.484   0.000   0.989   0.000   0.011
B L  1FHIA                 58    0.044   8.092   0.000   0.996   0.000   0.004
E F  1FHIA                 59    0.356  71.414   0.000   0.998   0.000   0.002
E Q  1FHIA                 60    0.520  92.903   0.000   0.999   0.000   0.001
B T  1FHIA                 61    0.040   5.594   0.000   0.999   0.000   0.001
B T  1FHIA                 62    0.065   9.056   0.000   0.999   0.000   0.001
E Q  1FHIA                 63    0.497  88.849   0.000   0.999   0.000   0.001
E R  1FHIA                 64    0.400  91.538   0.000   0.998   0.000   0.001
B V  1FHIA                 65    0.011   1.708   0.000   0.998   0.000   0.002
B G  1FHIA                 66    0.065   5.077   0.000   0.998   0.000   0.002
E T  1FHIA                 67    0.486  67.346   0.000   0.997   0.000   0.003
B V  1FHIA                 68    0.117  17.973   0.000   0.997   0.000   0.003
B V  1FHIA                 69    0.015   2.290   0.000   0.996   0.000   0.004
E E  1FHIA                 70    0.432  75.443   0.000   0.993   0.000   0.007
E K  1FHIA                 71    0.697 143.454   0.000   0.988   0.000   0.012
E H  1FHIA                 72    0.382  69.520   0.000   0.959   0.000   0.041
B F  1FHIA                 73    0.083  16.587   0.000   0.564   0.004   0.432
E H  1FHIA                 74    0.748 136.048   0.000   0.016   0.005   0.979
E G  1FHIA                 75    0.332  26.135   0.000   0.017   0.010   0.973
E T  1FHIA                 76    0.624  86.601   0.000   0.011   0.127   0.861
E S  1FHIA                 77    0.402  47.166   0.000   0.004   0.718   0.278
B L  1FHIA                 78    0.142  25.959   0.000   0.001   0.917   0.082
E T  1FHIA                 79    0.379  52.514   0.000   0.000   0.980   0.019
B F  1FHIA                 80    0.246  49.461   0.000   0.000   0.957   0.043
E S  1FHIA                 81    0.321  37.577   0.000   0.000   0.957   0.043
E M  1FHIA                 82    0.316  63.207   0.000   0.001   0.817   0.183
E Q  1FHIA                 83    0.405  72.278   0.000   0.002   0.569   0.430
E D  1FHIA                 84    0.445  64.092   0.000   0.002   0.429   0.569
B G  1FHIA                 85    0.216  17.021   0.000   0.110   0.089   0.801
E P  1FHIA                 86    0.622  88.303   0.000   0.470   0.011   0.519
E E  1FHIA                 87    0.680 118.727   0.000   0.420   0.019   0.560
E A  1FHIA                 88    0.401  44.229   0.000   0.276   0.008   0.717
E G  1FHIA                 89    0.576  45.323   0.000   0.068   0.018   0.914
E Q  1FHIA                 90    0.411  73.459   0.000   0.027   0.102   0.871
E T  1FHIA                 91    0.540  74.885   0.000   0.013   0.267   0.720
B V  1FHIA                 92    0.148  22.750   0.000   0.006   0.349   0.645
E K  1FHIA                 93    0.439  90.286   0.000   0.003   0.239   0.758
B H  1FHIA                 94    0.113  20.553   0.000   0.003   0.518   0.478
B V  1FHIA                 95    0.033   5.121   0.000   0.002   0.772   0.226
B H  1FHIA                 96    0.061  11.067   0.000   0.000   0.944   0.055
B V  1FHIA                 97    0.015   2.332   0.000   0.000   0.992   0.008
B H  1FHIA                 98    0.082  14.845   0.000   0.000   0.997   0.003
B V  1FHIA                 99    0.014   2.148   0.000   0.000   0.997   0.003
B L  1FHIA                100    0.058  10.622   0.000   0.000   0.968   0.032
B P  1FHIA                101    0.074  10.539   0.000   0.000   0.942   0.058
B R  1FHIA                102    0.199  45.599   0.000   0.001   0.383   0.616
E K  1FHIA                103    0.427  87.892   0.000   0.005   0.169   0.826
E A  1FHIA                104    0.625  68.825   0.000   0.032   0.019   0.949
E G  1FHIA                105    0.747  58.792   0.000   0.019   0.004   0.978
E D  1FHIA                106    0.346  49.855   0.000   0.035   0.019   0.946
E F  1FHIA                107    0.552 110.858   0.000   0.103   0.014   0.883
E H  1FHIA                108    0.552 100.434   0.000   0.099   0.016   0.885
E R  1FHIA                109    0.531 121.495   0.000   0.107   0.026   0.868
E N  1FHIA                110    0.609  89.136   0.000   0.070   0.011   0.919
E D  1FHIA                111    0.512  73.730   0.000   0.137   0.016   0.847
E S  1FHIA                112    0.427  49.997   0.000   0.286   0.027   0.687
B I  1FHIA                113    0.236  43.698   0.000   0.604   0.029   0.367
E Y  1FHIA                114    0.321  68.507   0.000   0.544   0.055   0.401
E E  1FHIA                115    0.543  94.781   0.000   0.541   0.043   0.416
E E  1FHIA                116    0.501  87.532   0.000   0.459   0.027   0.514
E L  1FHIA                117    0.307  56.164   0.000   0.429   0.013   0.558
E Q  1FHIA                118    0.609 108.774   0.000   0.358   0.012   0.631
E K  1FHIA                119    0.646 132.805   0.000   0.278   0.015   0.707
E H  1FHIA                120    0.565 102.742   0.000   0.129   0.008   0.863
E D  1FHIA                121    0.565  81.352   0.000   0.079   0.009   0.912
E K  1FHIA                122    0.599 123.117   0.000   0.263   0.007   0.730
E E  1FHIA                123    0.757 132.171   0.000   0.233   0.009   0.758
E D  1FHIA                124    0.769 110.750   0.000   0.169   0.008   0.823
E F  1FHIA                125    0.367  73.720   0.000   0.007   0.007   0.986
E P  1FHIA                126    0.550  78.065   0.000   0.015   0.006   0.979
E A  1FHIA                127    0.598  65.902   0.000   0.085   0.013   0.902
E S  1FHIA                128    0.690  80.873   0.000   0.087   0.033   0.880
E W  1FHIA                129    0.493 118.568   0.000   0.075   0.049   0.876
E R  1FHIA                130    0.489 111.988   0.000   0.022   0.029   0.950
E S  1FHIA                131    0.483  56.622   0.000   0.021   0.004   0.975
E E  1FHIA                132    0.728 127.255   0.000   0.907   0.000   0.093
E E  1FHIA                133    0.818 142.946   0.000   0.920   0.000   0.079
E E  1FHIA                134    0.565  98.630   0.000   0.918   0.001   0.082
B M  1FHIA                135    0.143  28.613   0.000   0.955   0.000   0.044
E A  1FHIA                136    0.450  49.644   0.000   0.979   0.000   0.021
E A  1FHIA                137    0.516  56.899   0.000   0.986   0.000   0.013
E E  1FHIA                138    0.276  48.198   0.000   0.983   0.000   0.016
B A  1FHIA                139    0.063   6.972   0.000   0.992   0.000   0.008
E A  1FHIA                140    0.466  51.339   0.000   0.992   0.000   0.008
E A  1FHIA                141    0.413  45.459   0.000   0.988   0.000   0.012
B L  1FHIA                142    0.077  14.150   0.000   0.984   0.000   0.016
E R  1FHIA                143    0.437 100.072   0.000   0.971   0.000   0.029
E V  1FHIA                144    0.650  99.977   0.000   0.909   0.001   0.090
E Y  1FHIA                145    0.436  93.277   0.000   0.839   0.001   0.160
E F  1FHIA                146    0.275  55.264   0.000   0.455   0.002   0.543
E Q  1FHIA                147    0.897 160.196   0.000   0.004   0.000   0.996
