# For publication of results, please cite:
# ...
# ... Michael Schantz Klausen, Martin Closter Jespersen, Henrik Nielsen, Kamilla Kjærgaard Jensen, 
# ... Vanessa Isabell Jurtz, Casper Kaae Sønderby, Morten Otto Alexander Sommer, Ole Winther, 
# ... Morten Nielsen, Bent Petersen, and Paolo Marcatili. 
# ... NetSurfP-2.0: Improved prediction of protein structural features by integrated deep learning.
# ... Proteins: Structure, Function, and Bioinformatics (Feb. 2019).
# ... https://doi.org/10.1002/prot.25674
# ...
#
# Column 1: Class assignment - B for buried or E for Exposed - Threshold: 25% exposure, but not based on RSA
# Column 2: Amino acid
# Column 3: Sequence name
# Column 4: Amino acid number
# Column 5: Relative Surface Accessibility - RSA
# Column 6: Absolute Surface Accessibility
# Column 7: Not used
# Column 8: Probability for Alpha-Helix
# Column 9: Probability for Beta-strand
# Column 10: Probability for Coil
E A  1Y60C                  1    0.877  96.696   0.000   0.000   0.000   1.000
E K  1Y60C                  2    0.684 140.650   0.000   0.006   0.196   0.798
E I  1Y60C                  3    0.459  84.908   0.000   0.004   0.318   0.678
E T  1Y60C                  4    0.547  75.847   0.000   0.004   0.374   0.622
E K  1Y60C                  5    0.520 106.902   0.000   0.003   0.754   0.243
E V  1Y60C                  6    0.319  48.997   0.000   0.001   0.806   0.194
E Q  1Y60C                  7    0.354  63.287   0.000   0.000   0.960   0.039
E V  1Y60C                  8    0.313  48.146   0.000   0.000   0.966   0.034
B G  1Y60C                  9    0.139  10.917   0.000   0.001   0.979   0.020
E E  1Y60C                 10    0.330  57.577   0.000   0.006   0.956   0.038
B A  1Y60C                 11    0.076   8.365   0.000   0.008   0.972   0.020
B L  1Y60C                 12    0.230  42.203   0.000   0.006   0.981   0.013
B V  1Y60C                 13    0.144  22.168   0.000   0.003   0.903   0.094
B G  1Y60C                 14    0.193  15.159   0.000   0.004   0.422   0.574
E D  1Y60C                 15    0.713 102.777   0.000   0.014   0.097   0.889
E G  1Y60C                 16    0.457  35.964   0.000   0.101   0.028   0.871
E N  1Y60C                 17    0.552  80.768   0.000   0.052   0.052   0.896
E E  1Y60C                 18    0.299  52.201   0.000   0.017   0.493   0.490
B V  1Y60C                 19    0.174  26.674   0.000   0.008   0.830   0.162
B A  1Y60C                 20    0.066   7.252   0.000   0.002   0.961   0.037
B H  1Y60C                 21    0.246  44.813   0.000   0.002   0.936   0.062
B I  1Y60C                 22    0.066  12.196   0.000   0.003   0.910   0.087
E D  1Y60C                 23    0.260  37.508   0.000   0.002   0.889   0.109
B L  1Y60C                 24    0.106  19.422   0.000   0.001   0.988   0.011
B I  1Y60C                 25    0.159  29.367   0.000   0.000   0.997   0.003
B I  1Y60C                 26    0.118  21.835   0.000   0.000   0.991   0.009
B G  1Y60C                 27    0.056   4.391   0.000   0.000   0.905   0.095
E P  1Y60C                 28    0.272  38.634   0.000   0.000   0.779   0.221
E R  1Y60C                 29    0.612 140.121   0.000   0.002   0.005   0.993
E G  1Y60C                 30    0.863  67.887   0.000   0.003   0.000   0.997
B S  1Y60C                 31    0.145  17.024   0.000   0.006   0.005   0.989
E P  1Y60C                 32    0.471  66.841   0.000   0.937   0.002   0.061
B A  1Y60C                 33    0.072   7.978   0.000   0.989   0.000   0.011
B E  1Y60C                 34    0.223  38.937   0.000   0.996   0.000   0.004
E T  1Y60C                 35    0.498  69.132   0.000   0.996   0.000   0.004
B A  1Y60C                 36    0.206  22.691   0.000   0.987   0.000   0.013
B F  1Y60C                 37    0.116  23.324   0.000   0.990   0.000   0.010
E C  1Y60C                 38    0.280  39.306   0.000   0.987   0.000   0.013
E N  1Y60C                 39    0.535  78.377   0.000   0.977   0.000   0.023
B G  1Y60C                 40    0.137  10.784   0.000   0.952   0.000   0.047
B L  1Y60C                 41    0.236  43.180   0.000   0.852   0.003   0.146
E V  1Y60C                 42    0.536  82.310   0.000   0.501   0.009   0.490
E N  1Y60C                 43    0.545  79.850   0.000   0.130   0.014   0.856
E N  1Y60C                 44    0.560  81.969   0.000   0.226   0.015   0.760
E K  1Y60C                 45    0.720 148.149   0.000   0.348   0.025   0.627
E H  1Y60C                 46    0.656 119.294   0.000   0.227   0.014   0.759
E G  1Y60C                 47    0.313  24.598   0.000   0.041   0.060   0.899
E F  1Y60C                 48    0.451  90.450   0.000   0.015   0.327   0.657
B T  1Y60C                 49    0.216  29.973   0.000   0.007   0.347   0.646
E S  1Y60C                 50    0.307  36.009   0.000   0.005   0.519   0.475
B L  1Y60C                 51    0.129  23.680   0.000   0.003   0.818   0.179
E L  1Y60C                 52    0.328  60.119   0.000   0.002   0.946   0.052
B A  1Y60C                 53    0.107  11.759   0.000   0.001   0.986   0.013
E V  1Y60C                 54    0.265  40.689   0.000   0.001   0.980   0.019
B I  1Y60C                 55    0.131  24.325   0.000   0.000   0.891   0.109
E A  1Y60C                 56    0.300  33.023   0.000   0.000   0.146   0.854
E P  1Y60C                 57    0.301  42.658   0.000   0.001   0.054   0.946
E N  1Y60C                 58    0.696 101.919   0.000   0.000   0.008   0.991
E L  1Y60C                 59    0.266  48.696   0.000   0.000   0.097   0.902
E P  1Y60C                 60    0.485  68.813   0.000   0.000   0.387   0.613
B C  1Y60C                 61    0.073  10.295   0.000   0.001   0.343   0.657
E K  1Y60C                 62    0.502 103.237   0.000   0.000   0.138   0.861
B P  1Y60C                 63    0.199  28.217   0.000   0.006   0.078   0.916
E N  1Y60C                 64    0.271  39.646   0.000   0.006   0.191   0.804
B T  1Y60C                 65    0.098  13.597   0.000   0.001   0.890   0.109
B L  1Y60C                 66    0.102  18.676   0.000   0.000   0.984   0.016
B M  1Y60C                 67    0.163  32.700   0.000   0.000   0.993   0.007
B F  1Y60C                 68    0.146  29.402   0.000   0.000   0.951   0.048
E N  1Y60C                 69    0.291  42.637   0.000   0.000   0.890   0.109
E K  1Y60C                 70    0.390  80.123   0.000   0.022   0.467   0.511
B V  1Y60C                 71    0.241  37.030   0.000   0.017   0.458   0.525
E T  1Y60C                 72    0.425  58.906   0.000   0.030   0.415   0.555
B I  1Y60C                 73    0.130  23.987   0.000   0.005   0.172   0.824
E N  1Y60C                 74    0.734 107.519   0.000   0.001   0.002   0.997
E D  1Y60C                 75    0.494  71.133   0.000   0.008   0.004   0.987
E A  1Y60C                 76    0.560  61.763   0.000   0.971   0.000   0.029
E R  1Y60C                 77    0.684 156.602   0.000   0.973   0.000   0.027
B Q  1Y60C                 78    0.194  34.629   0.000   0.992   0.000   0.008
B A  1Y60C                 79    0.100  11.032   0.000   0.993   0.000   0.006
E V  1Y60C                 80    0.438  67.363   0.000   0.989   0.001   0.010
E Q  1Y60C                 81    0.487  87.060   0.000   0.981   0.001   0.019
B M  1Y60C                 82    0.120  23.992   0.000   0.948   0.001   0.051
B F  1Y60C                 83    0.240  48.091   0.000   0.900   0.001   0.099
E G  1Y60C                 84    0.267  21.022   0.000   0.951   0.000   0.049
E P  1Y60C                 85    0.318  45.116   0.000   0.993   0.000   0.007
B A  1Y60C                 86    0.065   7.123   0.000   0.997   0.000   0.003
B Q  1Y60C                 87    0.149  26.573   0.000   0.997   0.000   0.003
E H  1Y60C                 88    0.380  69.162   0.000   0.998   0.000   0.002
B G  1Y60C                 89    0.128  10.050   0.000   0.999   0.000   0.001
B V  1Y60C                 90    0.041   6.256   0.000   0.999   0.000   0.001
B A  1Y60C                 91    0.060   6.650   0.000   1.000   0.000   0.000
E M  1Y60C                 92    0.381  76.217   0.000   0.999   0.000   0.001
B A  1Y60C                 93    0.077   8.450   0.000   1.000   0.000   0.000
B V  1Y60C                 94    0.025   3.806   0.000   0.999   0.000   0.001
B Q  1Y60C                 95    0.242  43.219   0.000   1.000   0.000   0.000
E D  1Y60C                 96    0.410  59.096   0.000   1.000   0.000   0.000
B A  1Y60C                 97    0.023   2.505   0.000   1.000   0.000   0.000
B V  1Y60C                 98    0.127  19.566   0.000   0.999   0.000   0.001
E A  1Y60C                 99    0.526  57.936   0.000   0.995   0.000   0.005
E E  1Y60C                100    0.598 104.543   0.000   0.193   0.000   0.807
E G  1Y60C                101    0.690  54.331   0.000   0.000   0.000   1.000
E I  1Y60C                102    0.375  69.413   0.000   0.000   0.002   0.998
B I  1Y60C                103    0.032   5.919   0.000   0.000   0.014   0.986
E P  1Y60C                104    0.386  54.718   0.000   0.000   0.006   0.994
E A  1Y60C                105    0.481  53.040   0.000   0.814   0.000   0.186
E D  1Y60C                106    0.871 125.558   0.000   0.764   0.000   0.236
E E  1Y60C                107    0.411  71.755   0.000   0.786   0.001   0.214
B A  1Y60C                108    0.085   9.337   0.000   0.413   0.012   0.575
E D  1Y60C                109    0.613  88.295   0.000   0.438   0.006   0.556
E D  1Y60C                110    0.411  59.208   0.000   0.463   0.031   0.506
B L  1Y60C                111    0.077  14.017   0.000   0.038   0.654   0.308
B Y  1Y60C                112    0.091  19.423   0.000   0.001   0.978   0.021
B V  1Y60C                113    0.020   3.123   0.000   0.000   0.998   0.002
B L  1Y60C                114    0.038   7.041   0.000   0.000   0.997   0.003
B V  1Y60C                115    0.015   2.242   0.000   0.000   0.994   0.006
B G  1Y60C                116    0.082   6.452   0.000   0.000   0.964   0.035
B V  1Y60C                117    0.057   8.793   0.000   0.000   0.862   0.137
B F  1Y60C                118    0.225  45.242   0.000   0.001   0.637   0.362
B I  1Y60C                119    0.111  20.499   0.000   0.004   0.239   0.757
E H  1Y60C                120    0.251  45.739   0.000   0.001   0.023   0.976
E W  1Y60C                121    0.339  81.550   0.000   0.009   0.002   0.989
E E  1Y60C                122    0.692 120.890   0.000   0.020   0.002   0.977
B A  1Y60C                123    0.058   6.363   0.000   0.006   0.005   0.989
E A  1Y60C                124    0.753  82.954   0.000   0.003   0.001   0.997
E D  1Y60C                125    0.579  83.486   0.000   0.002   0.000   0.998
E D  1Y60C                126    0.477  68.761   0.000   0.984   0.000   0.016
E A  1Y60C                127    0.536  59.046   0.000   0.996   0.000   0.004
E K  1Y60C                128    0.429  88.294   0.000   0.998   0.000   0.002
B I  1Y60C                129    0.034   6.374   0.000   0.999   0.000   0.001
E Q  1Y60C                130    0.309  55.240   0.000   0.998   0.000   0.002
E K  1Y60C                131    0.532 109.535   0.000   0.997   0.000   0.003
B Y  1Y60C                132    0.232  49.518   0.000   0.990   0.000   0.010
B N  1Y60C                133    0.068   9.987   0.000   0.989   0.000   0.011
E Y  1Y60C                134    0.315  67.307   0.000   0.998   0.000   0.002
E E  1Y60C                135    0.484  84.484   0.000   0.999   0.000   0.001
B A  1Y60C                136    0.053   5.846   0.000   1.000   0.000   0.000
B T  1Y60C                137    0.040   5.586   0.000   0.999   0.000   0.001
E K  1Y60C                138    0.373  76.640   0.000   1.000   0.000   0.000
E L  1Y60C                139    0.282  51.721   0.000   0.999   0.000   0.001
B S  1Y60C                140    0.026   2.989   0.000   1.000   0.000   0.000
B I  1Y60C                141    0.064  11.775   0.000   1.000   0.000   0.000
E Q  1Y60C                142    0.441  78.822   0.000   0.999   0.000   0.001
E R  1Y60C                143    0.295  67.500   0.000   0.997   0.000   0.003
B A  1Y60C                144    0.045   4.918   0.000   0.997   0.000   0.003
B V  1Y60C                145    0.246  37.879   0.000   0.951   0.000   0.049
E N  1Y60C                146    0.676  98.927   0.000   0.318   0.000   0.681
E G  1Y60C                147    0.536  42.156   0.000   0.007   0.000   0.993
E E  1Y60C                148    0.565  98.673   0.000   0.000   0.001   0.999
B P  1Y60C                149    0.237  33.633   0.000   0.002   0.001   0.997
E K  1Y60C                150    0.592 121.736   0.000   0.008   0.029   0.964
E A  1Y60C                151    0.323  35.639   0.000   0.914   0.000   0.085
E S  1Y60C                152    0.651  76.285   0.000   0.970   0.000   0.029
E V  1Y60C                153    0.377  57.938   0.000   0.983   0.001   0.016
B V  1Y60C                154    0.114  17.499   0.000   0.977   0.000   0.023
E T  1Y60C                155    0.385  53.396   0.000   0.923   0.002   0.075
E E  1Y60C                156    0.703 122.874   0.000   0.860   0.001   0.139
E Q  1Y60C                157    0.518  92.445   0.000   0.744   0.000   0.256
E R  1Y60C                158    0.430  98.505   0.000   0.773   0.001   0.225
E K  1Y60C                159    0.775 159.336   0.000   0.670   0.001   0.329
E S  1Y60C                160    0.660  77.383   0.000   0.429   0.005   0.565
E A  1Y60C                161    0.490  54.024   0.000   0.058   0.011   0.931
E T  1Y60C                162    0.701  97.251   0.000   0.032   0.043   0.925
E H  1Y60C                163    0.366  66.593   0.000   0.002   0.009   0.988
E P  1Y60C                164    0.628  89.050   0.000   0.209   0.002   0.789
E F  1Y60C                165    0.632 126.910   0.000   0.150   0.002   0.848
E A  1Y60C                166    0.545  60.013   0.000   0.212   0.007   0.781
E A  1Y60C                167    0.748  82.437   0.000   0.192   0.007   0.801
E N  1Y60C                168    0.887 129.790   0.000   0.095   0.003   0.902
E A  1Y60C                169    0.896  98.688   0.000   0.001   0.000   0.999
