# For publication of results, please cite:
# ...
# ... Michael Schantz Klausen, Martin Closter Jespersen, Henrik Nielsen, Kamilla Kjærgaard Jensen, 
# ... Vanessa Isabell Jurtz, Casper Kaae Sønderby, Morten Otto Alexander Sommer, Ole Winther, 
# ... Morten Nielsen, Bent Petersen, and Paolo Marcatili. 
# ... NetSurfP-2.0: Improved prediction of protein structural features by integrated deep learning.
# ... Proteins: Structure, Function, and Bioinformatics (Feb. 2019).
# ... https://doi.org/10.1002/prot.25674
# ...
#
# Column 1: Class assignment - B for buried or E for Exposed - Threshold: 25% exposure, but not based on RSA
# Column 2: Amino acid
# Column 3: Sequence name
# Column 4: Amino acid number
# Column 5: Relative Surface Accessibility - RSA
# Column 6: Absolute Surface Accessibility
# Column 7: Not used
# Column 8: Probability for Alpha-Helix
# Column 9: Probability for Beta-strand
# Column 10: Probability for Coil
E A  1YG6F                  1    0.896  98.715   0.000   0.000   0.001   0.999
E L  1YG6F                  2    0.689 126.214   0.000   0.002   0.110   0.887
E V  1YG6F                  3    0.549  84.442   0.000   0.001   0.082   0.917
E P  1YG6F                  4    0.496  70.383   0.000   0.002   0.044   0.954
E M  1YG6F                  5    0.584 116.862   0.000   0.012   0.306   0.682
E V  1YG6F                  6    0.547  84.004   0.000   0.007   0.549   0.444
E I  1YG6F                  7    0.513  94.883   0.000   0.008   0.632   0.360
E E  1YG6F                  8    0.656 114.653   0.000   0.009   0.664   0.327
E Q  1YG6F                  9    0.596 106.458   0.000   0.006   0.660   0.334
E T  1YG6F                 10    0.463  64.214   0.000   0.016   0.385   0.599
E S  1YG6F                 11    0.753  88.267   0.000   0.034   0.176   0.790
E R  1YG6F                 12    0.743 170.074   0.000   0.030   0.053   0.917
E G  1YG6F                 13    0.617  48.530   0.000   0.042   0.206   0.753
E E  1YG6F                 14    0.678 118.527   0.000   0.027   0.238   0.735
E R  1YG6F                 15    0.610 139.592   0.000   0.020   0.531   0.450
E S  1YG6F                 16    0.583  68.364   0.000   0.009   0.614   0.377
E F  1YG6F                 17    0.370  74.283   0.000   0.006   0.646   0.348
E D  1YG6F                 18    0.398  57.386   0.000   0.009   0.555   0.436
B I  1YG6F                 19    0.174  32.114   0.000   0.804   0.004   0.192
E Y  1YG6F                 20    0.415  88.634   0.000   0.942   0.002   0.056
E S  1YG6F                 21    0.360  42.182   0.000   0.972   0.001   0.027
E R  1YG6F                 22    0.337  77.080   0.000   0.978   0.001   0.021
B L  1YG6F                 23    0.140  25.557   0.000   0.959   0.004   0.037
E L  1YG6F                 24    0.345  63.119   0.000   0.923   0.005   0.072
E K  1YG6F                 25    0.626 128.788   0.000   0.800   0.008   0.192
E E  1YG6F                 26    0.564  98.500   0.000   0.398   0.008   0.594
E R  1YG6F                 27    0.348  79.663   0.000   0.015   0.009   0.976
B V  1YG6F                 28    0.156  24.001   0.000   0.000   0.897   0.103
B I  1YG6F                 29    0.040   7.482   0.000   0.000   0.979   0.021
E F  1YG6F                 30    0.274  55.034   0.000   0.000   0.989   0.011
B L  1YG6F                 31    0.039   7.086   0.000   0.000   0.939   0.061
E T  1YG6F                 32    0.364  50.464   0.000   0.000   0.807   0.192
E G  1YG6F                 33    0.286  22.532   0.000   0.000   0.438   0.561
E Q  1YG6F                 34    0.573 102.302   0.000   0.000   0.336   0.663
B V  1YG6F                 35    0.045   6.899   0.000   0.001   0.284   0.715
E E  1YG6F                 36    0.460  80.404   0.000   0.001   0.030   0.968
E D  1YG6F                 37    0.617  88.963   0.000   0.899   0.001   0.100
E H  1YG6F                 38    0.598 108.768   0.000   0.916   0.000   0.084
B M  1YG6F                 39    0.088  17.578   0.000   0.976   0.000   0.023
B A  1YG6F                 40    0.043   4.761   0.000   0.992   0.000   0.007
E N  1YG6F                 41    0.577  84.519   0.000   0.998   0.000   0.002
E L  1YG6F                 42    0.332  60.707   0.000   0.999   0.000   0.001
B I  1YG6F                 43    0.011   1.967   0.000   0.999   0.000   0.001
B V  1YG6F                 44    0.122  18.740   0.000   0.999   0.000   0.001
E A  1YG6F                 45    0.413  45.551   0.000   0.998   0.000   0.002
B Q  1YG6F                 46    0.227  40.600   0.000   0.995   0.000   0.005
B M  1YG6F                 47    0.021   4.229   0.000   0.997   0.000   0.003
E L  1YG6F                 48    0.380  69.656   0.000   0.996   0.000   0.004
E F  1YG6F                 49    0.497  99.814   0.000   0.991   0.000   0.009
B L  1YG6F                 50    0.052   9.511   0.000   0.988   0.000   0.012
E E  1YG6F                 51    0.308  53.791   0.000   0.969   0.000   0.030
E A  1YG6F                 52    0.717  78.995   0.000   0.945   0.000   0.055
E E  1YG6F                 53    0.717 125.181   0.000   0.908   0.000   0.092
E N  1YG6F                 54    0.369  54.091   0.000   0.002   0.001   0.997
E P  1YG6F                 55    0.605  85.834   0.000   0.053   0.000   0.946
E E  1YG6F                 56    0.854 149.257   0.000   0.056   0.003   0.941
E K  1YG6F                 57    0.368  75.599   0.000   0.043   0.012   0.945
E D  1YG6F                 58    0.278  40.045   0.000   0.007   0.340   0.653
B I  1YG6F                 59    0.017   3.107   0.000   0.001   0.964   0.035
B Y  1YG6F                 60    0.155  33.171   0.000   0.000   0.996   0.003
B L  1YG6F                 61    0.009   1.612   0.000   0.000   0.999   0.001
B Y  1YG6F                 62    0.167  35.782   0.000   0.000   0.999   0.001
B I  1YG6F                 63    0.010   1.810   0.000   0.000   0.993   0.007
B N  1YG6F                 64    0.196  28.748   0.000   0.000   0.872   0.128
B S  1YG6F                 65    0.030   3.538   0.000   0.000   0.547   0.453
B P  1YG6F                 66    0.243  34.489   0.000   0.010   0.030   0.961
B G  1YG6F                 67    0.134  10.555   0.000   0.030   0.188   0.783
B G  1YG6F                 68    0.202  15.917   0.000   0.023   0.477   0.500
E V  1YG6F                 69    0.306  46.989   0.000   0.033   0.046   0.922
E I  1YG6F                 70    0.282  52.121   0.000   0.966   0.001   0.033
E T  1YG6F                 71    0.574  79.673   0.000   0.985   0.000   0.014
B A  1YG6F                 72    0.106  11.689   0.000   0.992   0.000   0.007
B G  1YG6F                 73    0.006   0.456   0.000   0.996   0.000   0.004
E M  1YG6F                 74    0.294  58.731   0.000   0.998   0.000   0.002
E S  1YG6F                 75    0.401  46.948   0.000   0.996   0.000   0.003
B I  1YG6F                 76    0.015   2.851   0.000   0.998   0.000   0.002
B Y  1YG6F                 77    0.124  26.473   0.000   0.999   0.000   0.001
E D  1YG6F                 78    0.518  74.702   0.000   0.997   0.000   0.003
B T  1YG6F                 79    0.192  26.659   0.000   0.994   0.000   0.006
B M  1YG6F                 80    0.013   2.558   0.000   0.980   0.000   0.020
E Q  1YG6F                 81    0.473  84.494   0.000   0.825   0.001   0.174
E F  1YG6F                 82    0.686 137.591   0.000   0.639   0.000   0.361
B I  1YG6F                 83    0.175  32.434   0.000   0.416   0.001   0.583
E K  1YG6F                 84    0.615 126.530   0.000   0.001   0.005   0.994
E P  1YG6F                 85    0.286  40.517   0.000   0.000   0.001   0.999
E D  1YG6F                 86    0.488  70.256   0.000   0.001   0.153   0.846
B V  1YG6F                 87    0.044   6.701   0.000   0.000   0.873   0.126
B S  1YG6F                 88    0.123  14.431   0.000   0.000   0.990   0.010
B T  1YG6F                 89    0.015   2.047   0.000   0.000   0.997   0.003
B I  1YG6F                 90    0.113  20.868   0.000   0.000   0.997   0.003
B C  1YG6F                 91    0.018   2.568   0.000   0.000   0.980   0.020
E M  1YG6F                 92    0.283  56.551   0.000   0.001   0.779   0.220
B G  1YG6F                 93    0.236  18.607   0.000   0.001   0.549   0.450
E Q  1YG6F                 94    0.306  54.730   0.000   0.000   0.948   0.052
B A  1YG6F                 95    0.010   1.085   0.000   0.000   0.995   0.005
B A  1YG6F                 96    0.064   7.011   0.000   0.000   0.983   0.017
B S  1YG6F                 97    0.109  12.734   0.000   0.119   0.019   0.862
B M  1YG6F                 98    0.029   5.866   0.000   0.990   0.000   0.010
B G  1YG6F                 99    0.007   0.523   0.000   0.998   0.000   0.002
B A  1YG6F                100    0.024   2.596   0.000   0.999   0.000   0.001
B F  1YG6F                101    0.032   6.442   0.000   1.000   0.000   0.000
B L  1YG6F                102    0.014   2.552   0.000   0.999   0.000   0.001
B L  1YG6F                103    0.021   3.893   0.000   0.987   0.000   0.012
B T  1YG6F                104    0.046   6.444   0.000   0.754   0.001   0.245
B A  1YG6F                105    0.066   7.277   0.000   0.377   0.003   0.620
B G  1YG6F                106    0.129  10.163   0.000   0.070   0.032   0.898
B A  1YG6F                107    0.121  13.335   0.000   0.025   0.114   0.861
E K  1YG6F                108    0.581 119.525   0.000   0.021   0.067   0.912
E G  1YG6F                109    0.472  37.175   0.000   0.021   0.036   0.943
E K  1YG6F                110    0.390  80.286   0.000   0.016   0.380   0.603
B R  1YG6F                111    0.195  44.710   0.000   0.001   0.841   0.158
B F  1YG6F                112    0.113  22.768   0.000   0.000   0.987   0.012
B C  1YG6F                113    0.015   2.165   0.000   0.000   0.992   0.008
B L  1YG6F                114    0.109  19.895   0.000   0.000   0.237   0.762
E P  1YG6F                115    0.358  50.839   0.000   0.001   0.054   0.945
E N  1YG6F                116    0.652  95.479   0.000   0.003   0.012   0.985
B S  1YG6F                117    0.036   4.244   0.000   0.006   0.106   0.889
E R  1YG6F                118    0.396  90.588   0.000   0.000   0.991   0.009
B V  1YG6F                119    0.020   3.123   0.000   0.000   0.998   0.001
B M  1YG6F                120    0.167  33.447   0.000   0.000   0.978   0.022
B I  1YG6F                121    0.098  18.151   0.000   0.000   0.879   0.120
B H  1YG6F                122    0.218  39.658   0.000   0.002   0.514   0.484
E Q  1YG6F                123    0.371  66.211   0.000   0.012   0.055   0.933
B P  1YG6F                124    0.220  31.281   0.000   0.044   0.058   0.898
E L  1YG6F                125    0.526  96.285   0.000   0.053   0.172   0.776
E G  1YG6F                126    0.686  53.959   0.000   0.058   0.098   0.843
E G  1YG6F                127    0.653  51.390   0.000   0.075   0.036   0.890
E Y  1YG6F                128    0.745 159.241   0.000   0.086   0.030   0.884
E Q  1YG6F                129    0.798 142.494   0.000   0.060   0.011   0.928
E G  1YG6F                130    0.642  50.528   0.000   0.021   0.013   0.966
E Q  1YG6F                131    0.644 114.966   0.000   0.026   0.010   0.964
E A  1YG6F                132    0.679  74.866   0.000   0.602   0.008   0.389
E T  1YG6F                133    0.658  91.216   0.000   0.517   0.004   0.479
E D  1YG6F                134    0.542  78.138   0.000   0.631   0.002   0.368
E I  1YG6F                135    0.532  98.348   0.000   0.806   0.003   0.191
E E  1YG6F                136    0.679 118.537   0.000   0.873   0.002   0.125
E I  1YG6F                137    0.498  92.194   0.000   0.892   0.002   0.106
E H  1YG6F                138    0.493  89.716   0.000   0.930   0.000   0.069
E A  1YG6F                139    0.421  46.403   0.000   0.955   0.001   0.044
E R  1YG6F                140    0.607 138.939   0.000   0.978   0.001   0.021
E E  1YG6F                141    0.503  87.925   0.000   0.982   0.000   0.018
E I  1YG6F                142    0.332  61.484   0.000   0.987   0.000   0.013
E L  1YG6F                143    0.500  91.634   0.000   0.987   0.000   0.012
E K  1YG6F                144    0.611 125.739   0.000   0.980   0.000   0.020
B V  1YG6F                145    0.231  35.579   0.000   0.979   0.000   0.021
E K  1YG6F                146    0.311  64.046   0.000   0.987   0.000   0.012
E G  1YG6F                147    0.332  26.099   0.000   0.991   0.000   0.009
E R  1YG6F                148    0.483 110.655   0.000   0.993   0.000   0.007
B M  1YG6F                149    0.079  15.744   0.000   0.995   0.000   0.005
B N  1YG6F                150    0.197  28.900   0.000   0.998   0.000   0.002
E E  1YG6F                151    0.568  99.145   0.000   0.998   0.000   0.002
B L  1YG6F                152    0.195  35.712   0.000   0.998   0.000   0.002
B M  1YG6F                153    0.047   9.460   0.000   0.996   0.000   0.004
B A  1YG6F                154    0.194  21.410   0.000   0.994   0.000   0.006
E L  1YG6F                155    0.678 124.096   0.000   0.986   0.000   0.014
E H  1YG6F                156    0.489  88.873   0.000   0.962   0.000   0.038
E T  1YG6F                157    0.264  36.626   0.000   0.878   0.000   0.121
E G  1YG6F                158    0.806  63.399   0.000   0.000   0.000   0.999
E Q  1YG6F                159    0.343  61.332   0.000   0.001   0.002   0.997
E S  1YG6F                160    0.502  58.847   0.000   0.001   0.007   0.992
E L  1YG6F                161    0.317  58.091   0.000   0.960   0.000   0.039
E E  1YG6F                162    0.708 123.746   0.000   0.991   0.000   0.009
E Q  1YG6F                163    0.459  82.008   0.000   0.991   0.000   0.009
B I  1YG6F                164    0.031   5.734   0.000   0.991   0.000   0.009
E E  1YG6F                165    0.433  75.710   0.000   0.986   0.000   0.013
E R  1YG6F                166    0.573 131.326   0.000   0.952   0.000   0.047
B D  1YG6F                167    0.232  33.369   0.000   0.903   0.000   0.097
B T  1YG6F                168    0.187  25.953   0.000   0.751   0.004   0.245
E E  1YG6F                169    0.729 127.287   0.000   0.646   0.003   0.350
E R  1YG6F                170    0.564 129.124   0.000   0.228   0.003   0.769
E D  1YG6F                171    0.644  92.871   0.000   0.020   0.006   0.974
E R  1YG6F                172    0.417  95.489   0.000   0.005   0.179   0.816
E F  1YG6F                173    0.282  56.653   0.000   0.000   0.770   0.230
B L  1YG6F                174    0.069  12.691   0.000   0.000   0.952   0.048
E S  1YG6F                175    0.317  37.204   0.000   0.000   0.677   0.323
B A  1YG6F                176    0.080   8.846   0.000   0.990   0.000   0.010
E P  1YG6F                177    0.499  70.753   0.000   0.996   0.000   0.004
E E  1YG6F                178    0.453  79.146   0.000   0.998   0.000   0.002
B A  1YG6F                179    0.005   0.566   0.000   0.999   0.000   0.001
E V  1YG6F                180    0.324  49.739   0.000   0.998   0.000   0.002
E E  1YG6F                181    0.815 142.326   0.000   0.980   0.000   0.020
E Y  1YG6F                182    0.340  72.650   0.000   0.485   0.000   0.515
E G  1YG6F                183    0.400  31.496   0.000   0.002   0.000   0.998
B L  1YG6F                184    0.074  13.468   0.000   0.006   0.001   0.993
B V  1YG6F                185    0.020   3.132   0.000   0.000   0.036   0.964
E D  1YG6F                186    0.373  53.701   0.000   0.000   0.031   0.968
E S  1YG6F                187    0.291  34.082   0.000   0.000   0.996   0.004
E I  1YG6F                188    0.270  50.006   0.000   0.000   0.993   0.006
E L  1YG6F                189    0.334  61.235   0.000   0.003   0.765   0.233
E T  1YG6F                190    0.657  91.100   0.000   0.004   0.251   0.746
E H  1YG6F                191    0.663 120.626   0.000   0.004   0.049   0.947
E R  1YG6F                192    0.839 192.187   0.000   0.004   0.013   0.983
E N  1YG6F                193    0.961 140.694   0.000   0.000   0.000   1.000
