# For publication of results, please cite:
# ...
# ... Michael Schantz Klausen, Martin Closter Jespersen, Henrik Nielsen, Kamilla Kjærgaard Jensen, 
# ... Vanessa Isabell Jurtz, Casper Kaae Sønderby, Morten Otto Alexander Sommer, Ole Winther, 
# ... Morten Nielsen, Bent Petersen, and Paolo Marcatili. 
# ... NetSurfP-2.0: Improved prediction of protein structural features by integrated deep learning.
# ... Proteins: Structure, Function, and Bioinformatics (Feb. 2019).
# ... https://doi.org/10.1002/prot.25674
# ...
#
# Column 1: Class assignment - B for buried or E for Exposed - Threshold: 25% exposure, but not based on RSA
# Column 2: Amino acid
# Column 3: Sequence name
# Column 4: Amino acid number
# Column 5: Relative Surface Accessibility - RSA
# Column 6: Absolute Surface Accessibility
# Column 7: Not used
# Column 8: Probability for Alpha-Helix
# Column 9: Probability for Beta-strand
# Column 10: Probability for Coil
E T  4IOSH                  1    0.887 123.039   0.000   0.000   0.004   0.996
E K  4IOSH                  2    0.726 149.239   0.000   0.001   0.174   0.825
E S  4IOSH                  3    0.674  79.027   0.000   0.001   0.503   0.496
E W  4IOSH                  4    0.463 111.393   0.000   0.001   0.802   0.196
E S  4IOSH                  5    0.687  80.480   0.000   0.001   0.935   0.064
E G  4IOSH                  6    0.402  31.615   0.000   0.001   0.931   0.068
E E  4IOSH                  7    0.701 122.391   0.000   0.002   0.936   0.062
E L  4IOSH                  8    0.437  79.954   0.000   0.003   0.788   0.209
E G  4IOSH                  9    0.697  54.834   0.000   0.030   0.075   0.895
E G  4IOSH                 10    0.712  56.072   0.000   0.044   0.004   0.951
E G  4IOSH                 11    0.395  31.089   0.000   0.015   0.302   0.684
B I  4IOSH                 12    0.166  30.722   0.000   0.001   0.857   0.142
E I  4IOSH                 13    0.356  65.926   0.000   0.000   0.986   0.014
B L  4IOSH                 14    0.090  16.423   0.000   0.000   0.992   0.007
E S  4IOSH                 15    0.303  35.524   0.000   0.000   0.989   0.011
B L  4IOSH                 16    0.112  20.574   0.000   0.000   0.986   0.014
E R  4IOSH                 17    0.439 100.504   0.000   0.000   0.996   0.004
E K  4IOSH                 18    0.334  68.657   0.000   0.000   0.989   0.011
E K  4IOSH                 19    0.623 128.213   0.000   0.000   0.909   0.090
E G  4IOSH                 20    0.815  64.146   0.000   0.001   0.004   0.996
E T  4IOSH                 21    0.690  95.656   0.000   0.000   0.002   0.998
E T  4IOSH                 22    0.437  60.613   0.000   0.000   0.908   0.092
B V  4IOSH                 23    0.077  11.781   0.000   0.000   0.990   0.010
E E  4IOSH                 24    0.408  71.250   0.000   0.000   0.993   0.007
B Y  4IOSH                 25    0.080  17.112   0.000   0.000   0.994   0.006
E S  4IOSH                 26    0.266  31.142   0.000   0.000   0.992   0.008
B I  4IOSH                 27    0.123  22.716   0.000   0.000   0.976   0.024
E G  4IOSH                 28    0.283  22.265   0.000   0.000   0.904   0.096
E G  4IOSH                 29    0.316  24.842   0.000   0.002   0.849   0.149
E E  4IOSH                 30    0.558  97.475   0.000   0.005   0.880   0.115
B I  4IOSH                 31    0.194  35.897   0.000   0.011   0.756   0.232
E S  4IOSH                 32    0.448  52.486   0.000   0.037   0.409   0.554
E S  4IOSH                 33    0.527  61.773   0.000   0.150   0.190   0.660
E S  4IOSH                 34    0.617  72.344   0.000   0.169   0.144   0.686
E I  4IOSH                 35    0.342  63.286   0.000   0.154   0.222   0.624
E L  4IOSH                 36    0.488  89.412   0.000   0.143   0.157   0.700
E A  4IOSH                 37    0.520  57.357   0.000   0.199   0.091   0.710
E N  4IOSH                 38    0.734 107.523   0.000   0.141   0.034   0.825
E S  4IOSH                 39    0.532  62.403   0.000   0.140   0.062   0.798
E N  4IOSH                 40    0.656  96.111   0.000   0.097   0.162   0.742
E L  4IOSH                 41    0.393  71.968   0.000   0.039   0.350   0.611
E V  4IOSH                 42    0.376  57.845   0.000   0.019   0.538   0.443
E N  4IOSH                 43    0.509  74.481   0.000   0.011   0.675   0.314
E R  4IOSH                 44    0.441 100.879   0.000   0.005   0.879   0.116
E S  4IOSH                 45    0.508  59.548   0.000   0.002   0.921   0.078
B V  4IOSH                 46    0.072  11.048   0.000   0.000   0.632   0.368
E P  4IOSH                 47    0.397  56.350   0.000   0.002   0.367   0.631
E N  4IOSH                 48    0.613  89.769   0.000   0.764   0.002   0.234
E E  4IOSH                 49    0.705 123.132   0.000   0.766   0.004   0.230
B F  4IOSH                 50    0.133  26.761   0.000   0.792   0.019   0.190
B C  4IOSH                 51    0.194  27.192   0.000   0.003   0.065   0.932
B P  4IOSH                 52    0.152  21.585   0.000   0.001   0.066   0.932
E R  4IOSH                 53    0.694 158.978   0.000   0.001   0.057   0.941
E N  4IOSH                 54    0.520  76.182   0.000   0.002   0.471   0.527
E R  4IOSH                 55    0.584 133.627   0.000   0.001   0.761   0.238
B C  4IOSH                 56    0.246  34.606   0.000   0.000   0.963   0.037
E S  4IOSH                 57    0.538  63.013   0.000   0.001   0.934   0.066
B L  4IOSH                 58    0.202  36.979   0.000   0.025   0.627   0.348
E V  4IOSH                 59    0.496  76.161   0.000   0.042   0.659   0.299
E G  4IOSH                 60    0.336  26.420   0.000   0.080   0.622   0.298
E H  4IOSH                 61    0.454  82.621   0.000   0.110   0.551   0.339
E M  4IOSH                 62    0.386  77.265   0.000   0.135   0.357   0.508
E V  4IOSH                 63    0.580  89.094   0.000   0.136   0.205   0.659
E G  4IOSH                 64    0.696  54.813   0.000   0.116   0.063   0.821
E G  4IOSH                 65    0.554  43.593   0.000   0.205   0.044   0.751
E W  4IOSH                 66    0.663 159.378   0.000   0.068   0.064   0.869
E N  4IOSH                 67    0.425  62.235   0.000   0.044   0.217   0.739
E A  4IOSH                 68    0.253  27.925   0.000   0.003   0.680   0.317
B F  4IOSH                 69    0.199  39.871   0.000   0.001   0.941   0.058
E H  4IOSH                 70    0.437  79.418   0.000   0.000   0.978   0.021
B I  4IOSH                 71    0.074  13.704   0.000   0.000   0.987   0.013
E D  4IOSH                 72    0.479  69.034   0.000   0.000   0.979   0.021
B I  4IOSH                 73    0.046   8.419   0.000   0.000   0.778   0.222
E P  4IOSH                 74    0.308  43.726   0.000   0.001   0.092   0.908
E S  4IOSH                 75    0.542  63.557   0.000   0.003   0.006   0.991
E S  4IOSH                 76    0.681  79.794   0.000   0.006   0.007   0.987
B G  4IOSH                 77    0.156  12.245   0.000   0.004   0.023   0.973
E V  4IOSH                 78    0.307  47.239   0.000   0.001   0.267   0.732
B C  4IOSH                 79    0.072  10.057   0.000   0.000   0.964   0.035
E Q  4IOSH                 80    0.411  73.477   0.000   0.000   0.986   0.013
B W  4IOSH                 81    0.191  45.833   0.000   0.000   0.974   0.026
E F  4IOSH                 82    0.316  63.424   0.000   0.002   0.735   0.263
B G  4IOSH                 83    0.183  14.398   0.000   0.003   0.310   0.687
E P  4IOSH                 84    0.454  64.459   0.000   0.062   0.162   0.776
E T  4IOSH                 85    0.405  56.223   0.000   0.156   0.059   0.784
E A  4IOSH                 86    0.637  70.185   0.000   0.209   0.030   0.761
E S  4IOSH                 87    0.550  64.465   0.000   0.150   0.052   0.797
E S  4IOSH                 88    0.603  70.630   0.000   0.098   0.020   0.882
E G  4IOSH                 89    0.556  43.721   0.000   0.025   0.029   0.946
E T  4IOSH                 90    0.384  53.325   0.000   0.006   0.075   0.918
B P  4IOSH                 91    0.202  28.643   0.000   0.004   0.165   0.831
E R  4IOSH                 92    0.354  81.137   0.000   0.001   0.845   0.154
B G  4IOSH                 93    0.117   9.225   0.000   0.001   0.907   0.092
E T  4IOSH                 94    0.320  44.373   0.000   0.000   0.953   0.047
B G  4IOSH                 95    0.112   8.808   0.000   0.000   0.970   0.030
E T  4IOSH                 96    0.279  38.660   0.000   0.000   0.974   0.026
B Y  4IOSH                 97    0.191  40.778   0.000   0.000   0.968   0.032
E P  4IOSH                 98    0.323  45.866   0.000   0.001   0.943   0.056
B I  4IOSH                 99    0.239  44.298   0.000   0.009   0.311   0.679
E D  4IOSH                100    0.873 125.747   0.000   0.000   0.001   0.999
