# For publication of results, please cite:
# ...
# ... Michael Schantz Klausen, Martin Closter Jespersen, Henrik Nielsen, Kamilla Kjærgaard Jensen, 
# ... Vanessa Isabell Jurtz, Casper Kaae Sønderby, Morten Otto Alexander Sommer, Ole Winther, 
# ... Morten Nielsen, Bent Petersen, and Paolo Marcatili. 
# ... NetSurfP-2.0: Improved prediction of protein structural features by integrated deep learning.
# ... Proteins: Structure, Function, and Bioinformatics (Feb. 2019).
# ... https://doi.org/10.1002/prot.25674
# ...
#
# Column 1: Class assignment - B for buried or E for Exposed - Threshold: 25% exposure, but not based on RSA
# Column 2: Amino acid
# Column 3: Sequence name
# Column 4: Amino acid number
# Column 5: Relative Surface Accessibility - RSA
# Column 6: Absolute Surface Accessibility
# Column 7: Not used
# Column 8: Probability for Alpha-Helix
# Column 9: Probability for Beta-strand
# Column 10: Probability for Coil
E G  4AI3A                  1    0.923  72.643   0.000   0.000   0.000   1.000
E L  4AI3A                  2    0.583 106.746   0.000   0.003   0.029   0.968
E V  4AI3A                  3    0.458  70.391   0.000   0.003   0.045   0.952
E P  4AI3A                  4    0.503  71.439   0.000   0.007   0.024   0.969
E R  4AI3A                  5    0.603 138.024   0.000   0.017   0.122   0.861
E G  4AI3A                  6    0.424  33.343   0.000   0.034   0.169   0.797
E S  4AI3A                  7    0.523  61.316   0.000   0.026   0.208   0.766
E H  4AI3A                  8    0.445  80.997   0.000   0.032   0.230   0.739
E M  4AI3A                  9    0.446  89.189   0.000   0.021   0.174   0.805
E S  4AI3A                 10    0.665  77.919   0.000   0.022   0.122   0.856
E G  4AI3A                 11    0.593  46.685   0.000   0.022   0.066   0.912
E A  4AI3A                 12    0.485  53.451   0.000   0.029   0.141   0.830
E T  4AI3A                 13    0.365  50.623   0.000   0.025   0.296   0.679
E E  4AI3A                 14    0.466  81.344   0.000   0.039   0.372   0.590
B A  4AI3A                 15    0.147  16.234   0.000   0.050   0.349   0.601
B C  4AI3A                 16    0.091  12.803   0.000   0.039   0.524   0.437
E L  4AI3A                 17    0.303  55.484   0.000   0.005   0.227   0.767
B P  4AI3A                 18    0.171  24.215   0.000   0.014   0.141   0.845
E A  4AI3A                 19    0.538  59.290   0.000   0.012   0.032   0.956
E G  4AI3A                 20    0.741  58.351   0.000   0.016   0.034   0.950
E Q  4AI3A                 21    0.593 105.889   0.000   0.009   0.164   0.827
E R  4AI3A                 22    0.515 117.894   0.000   0.005   0.331   0.664
E K  4AI3A                 23    0.358  73.691   0.000   0.002   0.688   0.309
E S  4AI3A                 24    0.446  52.259   0.000   0.002   0.546   0.452
B G  4AI3A                 25    0.042   3.334   0.000   0.002   0.573   0.425
B M  4AI3A                 26    0.026   5.136   0.000   0.001   0.918   0.081
E N  4AI3A                 27    0.283  41.487   0.000   0.000   0.980   0.020
B I  4AI3A                 28    0.017   3.076   0.000   0.000   0.994   0.006
B N  4AI3A                 29    0.174  25.445   0.000   0.000   0.998   0.002
B F  4AI3A                 30    0.030   5.945   0.000   0.000   0.997   0.003
B Y  4AI3A                 31    0.049  10.422   0.000   0.000   0.987   0.013
B Q  4AI3A                 32    0.247  44.119   0.000   0.001   0.790   0.209
B Y  4AI3A                 33    0.080  17.038   0.000   0.006   0.374   0.620
E S  4AI3A                 34    0.336  39.329   0.000   0.015   0.123   0.863
B L  4AI3A                 35    0.163  29.925   0.000   0.067   0.046   0.888
E K  4AI3A                 36    0.580 119.304   0.000   0.037   0.011   0.953
E D  4AI3A                 37    0.508  73.224   0.000   0.046   0.030   0.923
E S  4AI3A                 38    0.404  47.337   0.000   0.544   0.012   0.444
E S  4AI3A                 39    0.634  74.359   0.000   0.872   0.003   0.125
B T  4AI3A                 40    0.146  20.277   0.000   0.920   0.001   0.079
B Y  4AI3A                 41    0.056  11.861   0.000   0.921   0.003   0.075
E S  4AI3A                 42    0.502  58.833   0.000   0.758   0.004   0.238
E N  4AI3A                 43    0.376  55.092   0.000   0.018   0.004   0.978
E A  4AI3A                 44    0.580  63.964   0.000   0.951   0.000   0.049
E A  4AI3A                 45    0.418  46.051   0.000   0.978   0.000   0.021
B Y  4AI3A                 46    0.038   8.059   0.000   0.992   0.001   0.008
B M  4AI3A                 47    0.094  18.806   0.000   0.976   0.002   0.022
E A  4AI3A                 48    0.465  51.281   0.000   0.916   0.001   0.083
E Y  4AI3A                 49    0.352  75.180   0.000   0.669   0.003   0.329
B G  4AI3A                 50    0.129  10.167   0.000   0.475   0.015   0.509
B Y  4AI3A                 51    0.053  11.381   0.000   0.762   0.027   0.211
E A  4AI3A                 52    0.430  47.357   0.000   0.642   0.013   0.345
E S  4AI3A                 53    0.678  79.475   0.000   0.463   0.042   0.495
E K  4AI3A                 54    0.438  90.116   0.000   0.093   0.095   0.812
E T  4AI3A                 55    0.523  72.593   0.000   0.014   0.212   0.774
E K  4AI3A                 56    0.468  96.255   0.000   0.003   0.871   0.126
B L  4AI3A                 57    0.182  33.314   0.000   0.007   0.779   0.214
B G  4AI3A                 58    0.153  12.076   0.000   0.001   0.977   0.023
E S  4AI3A                 59    0.530  62.078   0.000   0.000   0.980   0.020
B V  4AI3A                 60    0.175  26.920   0.000   0.001   0.946   0.053
E G  4AI3A                 61    0.505  39.776   0.000   0.003   0.526   0.471
E G  4AI3A                 62    0.411  32.337   0.000   0.007   0.221   0.772
E Q  4AI3A                 63    0.263  47.026   0.000   0.006   0.476   0.518
E T  4AI3A                 64    0.263  36.477   0.000   0.005   0.472   0.523
E D  4AI3A                 65    0.482  69.424   0.000   0.006   0.623   0.372
B I  4AI3A                 66    0.042   7.686   0.000   0.003   0.725   0.272
E S  4AI3A                 67    0.302  35.351   0.000   0.002   0.875   0.123
B I  4AI3A                 68    0.043   7.929   0.000   0.001   0.935   0.064
E D  4AI3A                 69    0.334  48.165   0.000   0.002   0.908   0.090
B Y  4AI3A                 70    0.096  20.599   0.000   0.003   0.793   0.205
E N  4AI3A                 71    0.467  68.297   0.000   0.004   0.568   0.427
B I  4AI3A                 72    0.078  14.454   0.000   0.006   0.412   0.582
E P  4AI3A                 73    0.275  39.044   0.000   0.017   0.352   0.631
B C  4AI3A                 74    0.160  22.433   0.000   0.025   0.518   0.457
E V  4AI3A                 75    0.271  41.697   0.000   0.028   0.609   0.363
E S  4AI3A                 76    0.332  38.855   0.000   0.026   0.280   0.694
E S  4AI3A                 77    0.690  80.841   0.000   0.023   0.061   0.916
E S  4AI3A                 78    0.688  80.610   0.000   0.023   0.057   0.921
E G  4AI3A                 79    0.447  35.190   0.000   0.007   0.099   0.895
E T  4AI3A                 80    0.554  76.840   0.000   0.006   0.248   0.746
B F  4AI3A                 81    0.182  36.443   0.000   0.002   0.417   0.582
E P  4AI3A                 82    0.365  51.740   0.000   0.002   0.268   0.730
B C  4AI3A                 83    0.163  22.920   0.000   0.003   0.179   0.818
E P  4AI3A                 84    0.330  46.813   0.000   0.051   0.168   0.780
E Q  4AI3A                 85    0.469  83.840   0.000   0.097   0.242   0.661
E E  4AI3A                 86    0.496  86.727   0.000   0.210   0.256   0.534
E D  4AI3A                 87    0.466  67.214   0.000   0.199   0.115   0.686
E S  4AI3A                 88    0.553  64.762   0.000   0.198   0.073   0.729
E Y  4AI3A                 89    0.451  96.324   0.000   0.126   0.072   0.802
E G  4AI3A                 90    0.445  35.054   0.000   0.120   0.082   0.798
E N  4AI3A                 91    0.580  84.883   0.000   0.117   0.111   0.772
E W  4AI3A                 92    0.287  68.977   0.000   0.103   0.173   0.723
E G  4AI3A                 93    0.298  23.453   0.000   0.074   0.191   0.735
B C  4AI3A                 94    0.169  23.772   0.000   0.079   0.304   0.617
E K  4AI3A                 95    0.555 114.197   0.000   0.058   0.294   0.648
E G  4AI3A                 96    0.443  34.838   0.000   0.086   0.183   0.731
E M  4AI3A                 97    0.405  81.001   0.000   0.071   0.253   0.676
E G  4AI3A                 98    0.362  28.495   0.000   0.079   0.270   0.651
E A  4AI3A                 99    0.421  46.443   0.000   0.085   0.387   0.529
B C  4AI3A                100    0.215  30.202   0.000   0.085   0.265   0.650
E S  4AI3A                101    0.573  67.165   0.000   0.078   0.184   0.738
E N  4AI3A                102    0.591  86.559   0.000   0.184   0.064   0.753
E S  4AI3A                103    0.597  70.014   0.000   0.233   0.060   0.708
E Q  4AI3A                104    0.446  79.595   0.000   0.133   0.114   0.753
B G  4AI3A                105    0.220  17.290   0.000   0.046   0.235   0.720
B I  4AI3A                106    0.180  33.269   0.000   0.026   0.529   0.445
B A  4AI3A                107    0.168  18.476   0.000   0.031   0.559   0.410
B Y  4AI3A                108    0.229  48.997   0.000   0.025   0.595   0.380
B W  4AI3A                109    0.193  46.329   0.000   0.016   0.707   0.277
E S  4AI3A                110    0.264  30.958   0.000   0.011   0.760   0.229
E T  4AI3A                111    0.255  35.393   0.000   0.023   0.498   0.478
E D  4AI3A                112    0.485  69.870   0.000   0.018   0.656   0.326
B L  4AI3A                113    0.060  10.904   0.000   0.022   0.728   0.250
B F  4AI3A                114    0.167  33.590   0.000   0.061   0.060   0.879
E G  4AI3A                115    0.373  29.338   0.000   0.003   0.082   0.915
B F  4AI3A                116    0.156  31.315   0.000   0.001   0.820   0.180
E Y  4AI3A                117    0.455  97.236   0.000   0.001   0.848   0.152
B T  4AI3A                118    0.039   5.462   0.000   0.000   0.711   0.289
E T  4AI3A                119    0.339  47.072   0.000   0.001   0.082   0.918
B P  4AI3A                120    0.084  11.932   0.000   0.244   0.062   0.694
E T  4AI3A                121    0.323  44.859   0.000   0.150   0.058   0.793
B N  4AI3A                122    0.142  20.779   0.000   0.238   0.241   0.521
B V  4AI3A                123    0.020   3.039   0.000   0.003   0.839   0.158
B T  4AI3A                124    0.020   2.786   0.000   0.000   0.972   0.028
B L  4AI3A                125    0.006   1.186   0.000   0.000   0.996   0.004
B E  4AI3A                126    0.172  29.970   0.000   0.000   0.996   0.004
B M  4AI3A                127    0.014   2.860   0.000   0.000   0.995   0.005
B T  4AI3A                128    0.175  24.299   0.000   0.000   0.984   0.016
B G  4AI3A                129    0.012   0.973   0.000   0.000   0.974   0.026
B Y  4AI3A                130    0.085  18.208   0.000   0.000   0.977   0.023
B F  4AI3A                131    0.008   1.626   0.000   0.000   0.974   0.026
B L  4AI3A                132    0.138  25.359   0.000   0.000   0.734   0.266
B P  4AI3A                133    0.018   2.604   0.000   0.000   0.093   0.907
E P  4AI3A                134    0.267  37.928   0.000   0.000   0.006   0.994
E Q  4AI3A                135    0.459  81.940   0.000   0.001   0.019   0.981
E T  4AI3A                136    0.464  64.393   0.000   0.000   0.017   0.983
B G  4AI3A                137    0.173  13.586   0.000   0.000   0.975   0.025
E S  4AI3A                138    0.423  49.569   0.000   0.000   0.995   0.005
B Y  4AI3A                139    0.029   6.204   0.000   0.000   0.997   0.003
E T  4AI3A                140    0.251  34.866   0.000   0.000   0.998   0.002
B F  4AI3A                141    0.007   1.459   0.000   0.000   0.997   0.003
B S  4AI3A                142    0.173  20.242   0.000   0.000   0.992   0.008
B F  4AI3A                143    0.012   2.437   0.000   0.001   0.899   0.101
E A  4AI3A                144    0.388  42.776   0.000   0.005   0.267   0.727
E T  4AI3A                145    0.400  55.531   0.000   0.006   0.144   0.850
B V  4AI3A                146    0.057   8.831   0.000   0.005   0.164   0.831
B D  4AI3A                147    0.162  23.404   0.000   0.004   0.173   0.824
B D  4AI3A                148    0.102  14.750   0.000   0.002   0.317   0.681
B S  4AI3A                149    0.028   3.319   0.000   0.001   0.909   0.090
B A  4AI3A                150    0.004   0.447   0.000   0.000   0.986   0.014
B I  4AI3A                151    0.041   7.565   0.000   0.000   0.994   0.005
B L  4AI3A                152    0.002   0.422   0.000   0.000   0.999   0.001
B S  4AI3A                153    0.065   7.626   0.000   0.000   0.999   0.001
B V  4AI3A                154    0.015   2.280   0.000   0.000   0.969   0.030
B G  4AI3A                155    0.098   7.693   0.000   0.006   0.119   0.875
B G  4AI3A                156    0.205  16.127   0.000   0.181   0.009   0.810
E S  4AI3A                157    0.419  49.135   0.000   0.270   0.271   0.459
E I  4AI3A                158    0.269  49.792   0.000   0.228   0.483   0.289
B A  4AI3A                159    0.018   1.965   0.000   0.465   0.308   0.227
B F  4AI3A                160    0.049   9.830   0.000   0.162   0.733   0.105
E E  4AI3A                161    0.462  80.679   0.000   0.194   0.510   0.296
B C  4AI3A                162    0.098  13.718   0.000   0.231   0.244   0.525
B C  4AI3A                163    0.113  15.818   0.000   0.284   0.232   0.484
E A  4AI3A                164    0.313  34.506   0.000   0.206   0.180   0.614
E Q  4AI3A                165    0.529  94.420   0.000   0.189   0.122   0.689
E E  4AI3A                166    0.560  97.862   0.000   0.126   0.103   0.771
E Q  4AI3A                167    0.437  78.090   0.000   0.005   0.047   0.948
E P  4AI3A                168    0.433  61.459   0.000   0.007   0.007   0.985
E P  4AI3A                169    0.509  72.298   0.000   0.017   0.037   0.946
B I  4AI3A                170    0.211  39.049   0.000   0.037   0.134   0.829
E T  4AI3A                171    0.594  82.404   0.000   0.038   0.100   0.862
E S  4AI3A                172    0.447  52.434   0.000   0.170   0.050   0.780
E T  4AI3A                173    0.661  91.644   0.000   0.154   0.027   0.819
E N  4AI3A                174    0.371  54.328   0.000   0.195   0.069   0.735
B F  4AI3A                175    0.056  11.141   0.000   0.015   0.556   0.429
E T  4AI3A                176    0.294  40.817   0.000   0.005   0.819   0.175
B I  4AI3A                177    0.055  10.177   0.000   0.004   0.927   0.068
E N  4AI3A                178    0.313  45.851   0.000   0.008   0.872   0.120
B G  4AI3A                179    0.090   7.045   0.000   0.004   0.896   0.100
B I  4AI3A                180    0.126  23.388   0.000   0.002   0.846   0.152
E K  4AI3A                181    0.320  65.780   0.000   0.002   0.662   0.336
E P  4AI3A                182    0.264  37.515   0.000   0.008   0.476   0.515
E W  4AI3A                183    0.328  78.808   0.000   0.020   0.096   0.883
E D  4AI3A                184    0.678  97.698   0.000   0.028   0.073   0.899
E G  4AI3A                185    0.575  45.287   0.000   0.017   0.024   0.960
E S  4AI3A                186    0.638  74.719   0.000   0.013   0.052   0.935
E L  4AI3A                187    0.367  67.186   0.000   0.004   0.045   0.951
E P  4AI3A                188    0.342  48.494   0.000   0.018   0.033   0.949
E D  4AI3A                189    0.639  92.117   0.000   0.039   0.141   0.820
E N  4AI3A                190    0.582  85.243   0.000   0.017   0.385   0.598
B I  4AI3A                191    0.161  29.771   0.000   0.002   0.916   0.082
E T  4AI3A                192    0.473  65.668   0.000   0.000   0.977   0.023
B G  4AI3A                193    0.097   7.596   0.000   0.000   0.993   0.007
E T  4AI3A                194    0.466  64.615   0.000   0.000   0.996   0.004
B V  4AI3A                195    0.044   6.724   0.000   0.000   0.996   0.004
E Y  4AI3A                196    0.537 114.752   0.000   0.000   0.971   0.029
B M  4AI3A                197    0.009   1.767   0.000   0.000   0.885   0.114
E Y  4AI3A                198    0.438  93.610   0.000   0.001   0.237   0.762
E A  4AI3A                199    0.275  30.314   0.000   0.000   0.005   0.994
E G  4AI3A                200    0.314  24.682   0.000   0.000   0.022   0.978
E Y  4AI3A                201    0.338  72.176   0.000   0.000   0.221   0.779
B Y  4AI3A                202    0.150  31.969   0.000   0.000   0.780   0.220
B Y  4AI3A                203    0.042   8.925   0.000   0.000   0.978   0.022
B P  4AI3A                204    0.070   9.925   0.000   0.000   0.961   0.039
B L  4AI3A                205    0.002   0.446   0.000   0.000   0.985   0.015
B K  4AI3A                206    0.143  29.517   0.000   0.000   0.995   0.005
B V  4AI3A                207    0.003   0.398   0.000   0.000   0.999   0.001
B V  4AI3A                208    0.031   4.735   0.000   0.000   0.998   0.002
B Y  4AI3A                209    0.028   5.978   0.000   0.000   0.985   0.015
B S  4AI3A                210    0.018   2.119   0.000   0.000   0.969   0.030
B N  4AI3A                211    0.142  20.832   0.000   0.000   0.703   0.297
B A  4AI3A                212    0.100  11.003   0.000   0.014   0.067   0.919
E V  4AI3A                213    0.379  58.239   0.000   0.014   0.030   0.956
B S  4AI3A                214    0.248  29.071   0.000   0.013   0.085   0.902
E W  4AI3A                215    0.307  73.762   0.000   0.006   0.073   0.921
B G  4AI3A                216    0.036   2.869   0.000   0.004   0.437   0.559
B T  4AI3A                217    0.178  24.624   0.000   0.000   0.848   0.152
B L  4AI3A                218    0.019   3.448   0.000   0.000   0.926   0.073
B P  4AI3A                219    0.237  33.635   0.000   0.000   0.862   0.138
B I  4AI3A                220    0.014   2.625   0.000   0.000   0.955   0.045
B S  4AI3A                221    0.170  19.950   0.000   0.000   0.995   0.005
B V  4AI3A                222    0.014   2.193   0.000   0.000   0.998   0.002
E E  4AI3A                223    0.333  58.127   0.000   0.000   0.992   0.008
B L  4AI3A                224    0.054   9.975   0.000   0.000   0.089   0.911
E P  4AI3A                225    0.357  50.696   0.000   0.006   0.006   0.988
E D  4AI3A                226    0.739 106.474   0.000   0.009   0.001   0.990
E G  4AI3A                227    0.575  45.263   0.000   0.009   0.028   0.963
E T  4AI3A                228    0.436  60.456   0.000   0.001   0.019   0.980
E T  4AI3A                229    0.518  71.839   0.000   0.000   0.954   0.046
B V  4AI3A                230    0.195  30.013   0.000   0.000   0.961   0.038
E S  4AI3A                231    0.330  38.688   0.000   0.001   0.935   0.064
E D  4AI3A                232    0.555  80.015   0.000   0.006   0.676   0.318
E N  4AI3A                233    0.617  90.347   0.000   0.013   0.330   0.657
B F  4AI3A                234    0.067  13.477   0.000   0.041   0.181   0.777
E E  4AI3A                235    0.648 113.168   0.000   0.037   0.214   0.749
E G  4AI3A                236    0.344  27.092   0.000   0.051   0.126   0.823
B Y  4AI3A                237    0.132  28.251   0.000   0.047   0.380   0.573
B V  4AI3A                238    0.040   6.127   0.000   0.001   0.891   0.108
B Y  4AI3A                239    0.073  15.665   0.000   0.001   0.935   0.064
B S  4AI3A                240    0.231  27.044   0.000   0.002   0.788   0.210
B F  4AI3A                241    0.107  21.544   0.000   0.063   0.299   0.637
E D  4AI3A                242    0.521  75.058   0.000   0.108   0.090   0.802
E D  4AI3A                243    0.463  66.737   0.000   0.137   0.031   0.832
E D  4AI3A                244    0.478  68.824   0.000   0.175   0.022   0.803
E L  4AI3A                245    0.390  71.411   0.000   0.347   0.009   0.645
E S  4AI3A                246    0.540  63.287   0.000   0.385   0.012   0.603
E Q  4AI3A                247    0.326  58.188   0.000   0.320   0.018   0.661
E S  4AI3A                248    0.709  83.099   0.000   0.374   0.008   0.617
E N  4AI3A                249    0.671  98.226   0.000   0.277   0.022   0.701
B C  4AI3A                250    0.089  12.538   0.000   0.048   0.075   0.877
E T  4AI3A                251    0.597  82.791   0.000   0.011   0.227   0.762
B I  4AI3A                252    0.235  43.438   0.000   0.001   0.131   0.868
E P  4AI3A                253    0.311  44.115   0.000   0.001   0.067   0.932
E D  4AI3A                254    0.564  81.342   0.000   0.002   0.018   0.980
E P  4AI3A                255    0.266  37.754   0.000   0.207   0.013   0.780
E S  4AI3A                256    0.452  52.957   0.000   0.354   0.054   0.592
E I  4AI3A                257    0.513  94.965   0.000   0.267   0.073   0.660
E H  4AI3A                258    0.563 102.443   0.000   0.003   0.001   0.996
