# For publication of results, please cite:
# ...
# ... Michael Schantz Klausen, Martin Closter Jespersen, Henrik Nielsen, Kamilla Kjærgaard Jensen, 
# ... Vanessa Isabell Jurtz, Casper Kaae Sønderby, Morten Otto Alexander Sommer, Ole Winther, 
# ... Morten Nielsen, Bent Petersen, and Paolo Marcatili. 
# ... NetSurfP-2.0: Improved prediction of protein structural features by integrated deep learning.
# ... Proteins: Structure, Function, and Bioinformatics (Feb. 2019).
# ... https://doi.org/10.1002/prot.25674
# ...
#
# Column 1: Class assignment - B for buried or E for Exposed - Threshold: 25% exposure, but not based on RSA
# Column 2: Amino acid
# Column 3: Sequence name
# Column 4: Amino acid number
# Column 5: Relative Surface Accessibility - RSA
# Column 6: Absolute Surface Accessibility
# Column 7: Not used
# Column 8: Probability for Alpha-Helix
# Column 9: Probability for Beta-strand
# Column 10: Probability for Coil
E A  2J1KQ                  1    0.906  99.849   0.000   0.000   0.000   1.000
E P  2J1KQ                  2    0.546  77.459   0.000   0.001   0.043   0.956
E I  2J1KQ                  3    0.436  80.586   0.000   0.001   0.450   0.549
E T  2J1KQ                  4    0.365  50.581   0.000   0.001   0.742   0.257
E L  2J1KQ                  5    0.294  53.852   0.000   0.006   0.698   0.297
E W  2J1KQ                  6    0.267  64.241   0.000   0.003   0.777   0.220
E T  2J1KQ                  7    0.324  44.877   0.000   0.002   0.511   0.487
B G  2J1KQ                  8    0.226  17.809   0.000   0.001   0.210   0.789
E P  2J1KQ                  9    0.518  73.455   0.000   0.002   0.080   0.918
E G  2J1KQ                 10    0.480  37.805   0.000   0.009   0.084   0.907
E P  2J1KQ                 11    0.359  50.976   0.000   0.063   0.040   0.896
E S  2J1KQ                 12    0.528  61.935   0.000   0.058   0.178   0.764
E I  2J1KQ                 13    0.448  82.822   0.000   0.096   0.190   0.714
E N  2J1KQ                 14    0.423  61.949   0.000   0.060   0.191   0.749
B G  2J1KQ                 15    0.124   9.747   0.000   0.011   0.744   0.245
E F  2J1KQ                 16    0.410  82.304   0.000   0.001   0.950   0.049
B I  2J1KQ                 17    0.156  28.775   0.000   0.005   0.779   0.217
E N  2J1KQ                 18    0.467  68.441   0.000   0.006   0.173   0.820
E D  2J1KQ                 19    0.818 117.893   0.000   0.003   0.030   0.966
E T  2J1KQ                 20    0.499  69.216   0.000   0.002   0.131   0.867
E P  2J1KQ                 21    0.353  50.114   0.000   0.004   0.117   0.879
E V  2J1KQ                 22    0.261  40.087   0.000   0.004   0.442   0.554
B I  2J1KQ                 23    0.022   4.140   0.000   0.001   0.926   0.073
E R  2J1KQ                 24    0.292  66.836   0.000   0.001   0.955   0.044
B C  2J1KQ                 25    0.007   1.002   0.000   0.000   0.996   0.004
B F  2J1KQ                 26    0.187  37.479   0.000   0.000   0.996   0.004
B I  2J1KQ                 27    0.008   1.496   0.000   0.000   0.999   0.001
B C  2J1KQ                 28    0.118  16.569   0.000   0.000   0.998   0.001
B L  2J1KQ                 29    0.028   5.182   0.000   0.000   0.997   0.003
B T  2J1KQ                 30    0.212  29.433   0.000   0.000   0.995   0.005
E R  2J1KQ                 31    0.273  62.621   0.000   0.000   0.977   0.023
E D  2J1KQ                 32    0.469  67.623   0.000   0.001   0.739   0.260
E S  2J1KQ                 33    0.707  82.904   0.000   0.005   0.005   0.990
E N  2J1KQ                 34    0.668  97.767   0.000   0.004   0.001   0.995
E L  2J1KQ                 35    0.404  74.020   0.000   0.001   0.872   0.128
B V  2J1KQ                 36    0.029   4.462   0.000   0.000   0.992   0.008
E T  2J1KQ                 37    0.328  45.468   0.000   0.000   0.996   0.004
B V  2J1KQ                 38    0.021   3.204   0.000   0.000   0.998   0.002
E N  2J1KQ                 39    0.424  62.108   0.000   0.000   0.993   0.006
B A  2J1KQ                 40    0.012   1.288   0.000   0.000   0.998   0.002
B S  2J1KQ                 41    0.174  20.424   0.000   0.000   0.998   0.002
B F  2J1KQ                 42    0.033   6.583   0.000   0.000   0.991   0.009
E V  2J1KQ                 43    0.252  38.661   0.000   0.000   0.980   0.019
B G  2J1KQ                 44    0.105   8.251   0.000   0.002   0.810   0.188
E E  2J1KQ                 45    0.613 107.067   0.000   0.024   0.188   0.788
E G  2J1KQ                 46    0.603  47.418   0.000   0.035   0.201   0.764
E G  2J1KQ                 47    0.485  38.162   0.000   0.045   0.193   0.762
E Y  2J1KQ                 48    0.444  94.858   0.000   0.029   0.317   0.653
E R  2J1KQ                 49    0.562 128.755   0.000   0.016   0.641   0.343
E I  2J1KQ                 50    0.456  84.335   0.000   0.006   0.696   0.298
B V  2J1KQ                 51    0.153  23.492   0.000   0.003   0.170   0.827
E S  2J1KQ                 52    0.432  50.652   0.000   0.006   0.047   0.947
E P  2J1KQ                 53    0.501  71.096   0.000   0.072   0.024   0.904
E T  2J1KQ                 54    0.701  97.272   0.000   0.055   0.023   0.922
E Q  2J1KQ                 55    0.481  85.878   0.000   0.071   0.068   0.861
E S  2J1KQ                 56    0.512  60.013   0.000   0.009   0.083   0.907
E Q  2J1KQ                 57    0.563 100.466   0.000   0.007   0.547   0.446
B F  2J1KQ                 58    0.048   9.616   0.000   0.000   0.964   0.036
E S  2J1KQ                 59    0.280  32.769   0.000   0.000   0.983   0.017
B L  2J1KQ                 60    0.011   1.940   0.000   0.000   0.994   0.006
B I  2J1KQ                 61    0.164  30.351   0.000   0.000   0.996   0.004
B M  2J1KQ                 62    0.008   1.610   0.000   0.000   0.995   0.005
B E  2J1KQ                 63    0.234  40.931   0.000   0.000   0.976   0.023
B F  2J1KQ                 64    0.025   5.045   0.000   0.000   0.990   0.010
B D  2J1KQ                 65    0.233  33.536   0.000   0.000   0.100   0.900
E Q  2J1KQ                 66    0.591 105.489   0.000   0.000   0.000   1.000
E F  2J1KQ                 67    0.582 116.842   0.000   0.000   0.000   0.999
B G  2J1KQ                 68    0.076   6.006   0.000   0.001   0.001   0.998
E Q  2J1KQ                 69    0.460  82.172   0.000   0.001   0.129   0.870
B L  2J1KQ                 70    0.152  27.747   0.000   0.000   0.995   0.005
E M  2J1KQ                 71    0.322  64.367   0.000   0.002   0.405   0.593
E S  2J1KQ                 72    0.447  52.439   0.000   0.013   0.225   0.762
E T  2J1KQ                 73    0.525  72.821   0.000   0.046   0.128   0.826
E G  2J1KQ                 74    0.402  31.628   0.000   0.086   0.098   0.817
E N  2J1KQ                 75    0.486  71.214   0.000   0.067   0.131   0.802
B I  2J1KQ                 76    0.243  44.977   0.000   0.165   0.048   0.787
E N  2J1KQ                 77    0.600  87.872   0.000   0.144   0.034   0.822
E S  2J1KQ                 78    0.460  53.927   0.000   0.149   0.034   0.817
E T  2J1KQ                 79    0.618  85.712   0.000   0.181   0.046   0.773
E T  2J1KQ                 80    0.478  66.276   0.000   0.122   0.049   0.829
E T  2J1KQ                 81    0.379  52.536   0.000   0.114   0.260   0.627
B W  2J1KQ                 82    0.157  37.691   0.000   0.050   0.332   0.618
B G  2J1KQ                 83    0.171  13.475   0.000   0.009   0.486   0.506
E E  2J1KQ                 84    0.400  69.914   0.000   0.008   0.578   0.413
E K  2J1KQ                 85    0.313  64.383   0.000   0.004   0.608   0.387
E P  2J1KQ                 86    0.446  63.281   0.000   0.022   0.501   0.477
E W  2J1KQ                 87    0.457 110.028   0.000   0.041   0.168   0.791
E G  2J1KQ                 88    0.628  49.424   0.000   0.093   0.056   0.851
E N  2J1KQ                 89    0.781 114.409   0.000   0.082   0.025   0.893
E N  2J1KQ                 90    0.573  83.868   0.000   0.058   0.137   0.805
E T  2J1KQ                 91    0.529  73.386   0.000   0.023   0.294   0.683
E V  2J1KQ                 92    0.385  59.227   0.000   0.007   0.380   0.612
E Q  2J1KQ                 93    0.522  93.164   0.000   0.003   0.240   0.757
E P  2J1KQ                 94    0.449  63.699   0.000   0.010   0.201   0.789
E R  2J1KQ                 95    0.557 127.551   0.000   0.007   0.164   0.829
E P  2J1KQ                 96    0.410  58.232   0.000   0.145   0.171   0.684
E S  2J1KQ                 97    0.302  35.441   0.000   0.163   0.236   0.601
E H  2J1KQ                 98    0.492  89.535   0.000   0.193   0.191   0.616
E T  2J1KQ                 99    0.311  43.175   0.000   0.182   0.183   0.636
B W  2J1KQ                100    0.153  36.723   0.000   0.740   0.042   0.218
E K  2J1KQ                101    0.331  68.004   0.000   0.848   0.075   0.077
E L  2J1KQ                102    0.334  61.065   0.000   0.789   0.082   0.130
B C  2J1KQ                103    0.087  12.188   0.000   0.681   0.072   0.247
B M  2J1KQ                104    0.094  18.772   0.000   0.005   0.124   0.871
B P  2J1KQ                105    0.158  22.375   0.000   0.004   0.298   0.699
E N  2J1KQ                106    0.251  36.758   0.000   0.009   0.225   0.766
E R  2J1KQ                107    0.486 111.302   0.000   0.408   0.035   0.557
E E  2J1KQ                108    0.680 118.785   0.000   0.410   0.045   0.545
E V  2J1KQ                109    0.254  38.991   0.000   0.509   0.039   0.453
B Y  2J1KQ                110    0.152  32.399   0.000   0.061   0.057   0.882
E S  2J1KQ                111    0.489  57.261   0.000   0.008   0.075   0.917
E T  2J1KQ                112    0.500  69.300   0.000   0.003   0.060   0.936
E P  2J1KQ                113    0.462  65.627   0.000   0.054   0.059   0.887
E A  2J1KQ                114    0.538  59.266   0.000   0.331   0.044   0.625
E A  2J1KQ                115    0.607  66.896   0.000   0.412   0.039   0.549
E T  2J1KQ                116    0.469  65.005   0.000   0.400   0.072   0.528
E I  2J1KQ                117    0.273  50.596   0.000   0.517   0.086   0.397
E S  2J1KQ                118    0.592  69.391   0.000   0.479   0.090   0.432
E R  2J1KQ                119    0.621 142.252   0.000   0.403   0.101   0.496
B C  2J1KQ                120    0.238  33.416   0.000   0.200   0.101   0.699
E G  2J1KQ                121    0.346  27.198   0.000   0.056   0.196   0.748
E L  2J1KQ                122    0.331  60.590   0.000   0.045   0.443   0.512
E D  2J1KQ                123    0.468  67.446   0.000   0.052   0.362   0.586
E S  2J1KQ                124    0.370  43.363   0.000   0.067   0.438   0.495
B I  2J1KQ                125    0.239  44.123   0.000   0.034   0.668   0.298
E A  2J1KQ                126    0.254  27.997   0.000   0.052   0.653   0.294
B V  2J1KQ                127    0.229  35.138   0.000   0.029   0.614   0.357
E D  2J1KQ                128    0.656  94.481   0.000   0.027   0.204   0.769
E G  2J1KQ                129    0.542  42.657   0.000   0.008   0.033   0.959
E A  2J1KQ                130    0.416  45.805   0.000   0.005   0.424   0.571
E P  2J1KQ                131    0.513  72.839   0.000   0.035   0.378   0.587
E S  2J1KQ                132    0.437  51.166   0.000   0.038   0.241   0.720
E R  2J1KQ                133    0.426  97.469   0.000   0.022   0.265   0.713
E S  2J1KQ                134    0.354  41.432   0.000   0.001   0.436   0.563
B I  2J1KQ                135    0.024   4.398   0.000   0.000   0.938   0.061
E D  2J1KQ                136    0.381  54.965   0.000   0.000   0.968   0.032
B C  2J1KQ                137    0.008   1.136   0.000   0.000   0.996   0.004
B M  2J1KQ                138    0.230  46.056   0.000   0.000   0.998   0.002
B L  2J1KQ                139    0.011   1.992   0.000   0.000   0.997   0.003
B I  2J1KQ                140    0.198  36.549   0.000   0.000   0.983   0.016
B I  2J1KQ                141    0.062  11.547   0.000   0.000   0.888   0.112
E N  2J1KQ                142    0.275  40.298   0.000   0.001   0.192   0.807
E K  2J1KQ                143    0.451  92.707   0.000   0.003   0.162   0.835
E P  2J1KQ                144    0.396  56.226   0.000   0.016   0.137   0.847
E K  2J1KQ                145    0.607 124.959   0.000   0.025   0.058   0.918
E G  2J1KQ                146    0.690  54.316   0.000   0.033   0.032   0.935
E V  2J1KQ                147    0.593  91.076   0.000   0.027   0.038   0.935
B A  2J1KQ                148    0.164  18.099   0.000   0.016   0.197   0.787
B T  2J1KQ                149    0.239  33.195   0.000   0.003   0.425   0.572
B Y  2J1KQ                150    0.096  20.421   0.000   0.002   0.879   0.119
B T  2J1KQ                151    0.133  18.476   0.000   0.000   0.971   0.029
B L  2J1KQ                152    0.012   2.287   0.000   0.000   0.996   0.004
B T  2J1KQ                153    0.192  26.652   0.000   0.000   0.999   0.001
B F  2J1KQ                154    0.013   2.566   0.000   0.000   0.998   0.002
E R  2J1KQ                155    0.366  83.731   0.000   0.000   0.992   0.007
B F  2J1KQ                156    0.035   7.090   0.000   0.001   0.969   0.030
E L  2J1KQ                157    0.266  48.656   0.000   0.031   0.665   0.304
E N  2J1KQ                158    0.367  53.671   0.000   0.025   0.356   0.619
B F  2J1KQ                159    0.233  46.764   0.000   0.194   0.131   0.676
E N  2J1KQ                160    0.610  89.270   0.000   0.312   0.048   0.640
E R  2J1KQ                161    0.598 137.019   0.000   0.330   0.099   0.571
E L  2J1KQ                162    0.268  49.103   0.000   0.286   0.082   0.632
E S  2J1KQ                163    0.631  73.980   0.000   0.189   0.063   0.748
E G  2J1KQ                164    0.609  47.914   0.000   0.064   0.034   0.902
E G  2J1KQ                165    0.483  38.049   0.000   0.031   0.058   0.911
E T  2J1KQ                166    0.400  55.543   0.000   0.007   0.264   0.729
E L  2J1KQ                167    0.448  81.998   0.000   0.002   0.677   0.321
B F  2J1KQ                168    0.071  14.218   0.000   0.001   0.878   0.121
E K  2J1KQ                169    0.571 117.442   0.000   0.000   0.930   0.070
B T  2J1KQ                170    0.056   7.824   0.000   0.002   0.650   0.347
E D  2J1KQ                171    0.534  76.886   0.000   0.002   0.284   0.714
E V  2J1KQ                172    0.286  43.898   0.000   0.003   0.291   0.706
B L  2J1KQ                173    0.076  13.954   0.000   0.001   0.932   0.068
E T  2J1KQ                174    0.329  45.682   0.000   0.000   0.980   0.020
B F  2J1KQ                175    0.039   7.800   0.000   0.000   0.992   0.008
B T  2J1KQ                176    0.235  32.617   0.000   0.000   0.991   0.009
B Y  2J1KQ                177    0.128  27.380   0.000   0.001   0.959   0.041
E V  2J1KQ                178    0.277  42.552   0.000   0.002   0.848   0.150
B G  2J1KQ                179    0.180  14.170   0.000   0.003   0.688   0.309
E E  2J1KQ                180    0.426  74.343   0.000   0.007   0.501   0.492
E N  2J1KQ                181    0.599  87.727   0.000   0.004   0.190   0.806
E Q  2J1KQ                182    0.812 144.964   0.000   0.000   0.000   0.999
