# For publication of results, please cite:
# ...
# ... Michael Schantz Klausen, Martin Closter Jespersen, Henrik Nielsen, Kamilla Kjærgaard Jensen, 
# ... Vanessa Isabell Jurtz, Casper Kaae Sønderby, Morten Otto Alexander Sommer, Ole Winther, 
# ... Morten Nielsen, Bent Petersen, and Paolo Marcatili. 
# ... NetSurfP-2.0: Improved prediction of protein structural features by integrated deep learning.
# ... Proteins: Structure, Function, and Bioinformatics (Feb. 2019).
# ... https://doi.org/10.1002/prot.25674
# ...
#
# Column 1: Class assignment - B for buried or E for Exposed - Threshold: 25% exposure, but not based on RSA
# Column 2: Amino acid
# Column 3: Sequence name
# Column 4: Amino acid number
# Column 5: Relative Surface Accessibility - RSA
# Column 6: Absolute Surface Accessibility
# Column 7: Not used
# Column 8: Probability for Alpha-Helix
# Column 9: Probability for Beta-strand
# Column 10: Probability for Coil
E M  1S68A                  1    0.801 160.328   0.000   0.001   0.001   0.998
E F  1S68A                  2    0.340  68.309   0.000   0.004   0.081   0.915
E K  1S68A                  3    0.596 122.539   0.000   0.007   0.249   0.744
E K  1S68A                  4    0.549 112.946   0.000   0.006   0.136   0.858
E Y  1S68A                  5    0.260  55.549   0.000   0.016   0.082   0.903
E S  1S68A                  6    0.563  65.935   0.000   0.016   0.031   0.953
E S  1S68A                  7    0.442  51.797   0.000   0.040   0.235   0.725
B L  1S68A                  8    0.141  25.799   0.000   0.064   0.176   0.760
E E  1S68A                  9    0.512  89.525   0.000   0.086   0.085   0.828
E N  1S68A                 10    0.349  51.151   0.000   0.108   0.100   0.791
B H  1S68A                 11    0.177  32.126   0.000   0.300   0.034   0.666
E Y  1S68A                 12    0.396  84.725   0.000   0.205   0.025   0.770
E N  1S68A                 13    0.419  61.410   0.000   0.133   0.011   0.856
E S  1S68A                 14    0.382  44.812   0.000   0.554   0.006   0.440
E K  1S68A                 15    0.623 128.120   0.000   0.940   0.002   0.058
B F  1S68A                 16    0.111  22.363   0.000   0.966   0.002   0.032
B I  1S68A                 17    0.054   9.913   0.000   0.988   0.001   0.011
E E  1S68A                 18    0.528  92.271   0.000   0.993   0.000   0.007
E K  1S68A                 19    0.435  89.386   0.000   0.989   0.000   0.011
B L  1S68A                 20    0.022   4.066   0.000   0.990   0.000   0.009
E Y  1S68A                 21    0.335  71.526   0.000   0.982   0.001   0.018
E S  1S68A                 22    0.734  86.006   0.000   0.929   0.000   0.071
E L  1S68A                 23    0.378  69.210   0.000   0.253   0.000   0.746
E G  1S68A                 24    0.484  38.084   0.000   0.038   0.001   0.961
B L  1S68A                 25    0.071  13.000   0.000   0.051   0.007   0.943
E T  1S68A                 26    0.567  78.574   0.000   0.025   0.022   0.953
E G  1S68A                 27    0.543  42.729   0.000   0.030   0.019   0.952
E G  1S68A                 28    0.314  24.750   0.000   0.020   0.086   0.894
E E  1S68A                 29    0.454  79.235   0.000   0.008   0.556   0.436
B W  1S68A                 30    0.034   8.134   0.000   0.001   0.969   0.030
B V  1S68A                 31    0.068  10.510   0.000   0.000   0.995   0.004
B A  1S68A                 32    0.007   0.817   0.000   0.000   0.995   0.004
B R  1S68A                 33    0.204  46.783   0.000   0.001   0.990   0.009
B E  1S68A                 34    0.036   6.296   0.000   0.000   0.987   0.012
B K  1S68A                 35    0.167  34.268   0.000   0.005   0.856   0.138
B I  1S68A                 36    0.039   7.199   0.000   0.046   0.422   0.532
B H  1S68A                 37    0.174  31.710   0.000   0.039   0.203   0.758
B G  1S68A                 38    0.147  11.536   0.000   0.326   0.032   0.643
B T  1S68A                 39    0.132  18.318   0.000   0.200   0.324   0.476
B N  1S68A                 40    0.137  20.071   0.000   0.081   0.732   0.187
B F  1S68A                 41    0.014   2.780   0.000   0.000   0.958   0.042
B S  1S68A                 42    0.033   3.875   0.000   0.000   0.997   0.003
B L  1S68A                 43    0.016   2.872   0.000   0.000   0.999   0.001
B I  1S68A                 44    0.056  10.414   0.000   0.000   1.000   0.000
B I  1S68A                 45    0.103  19.044   0.000   0.000   0.997   0.003
E E  1S68A                 46    0.353  61.755   0.000   0.001   0.928   0.072
E R  1S68A                 47    0.767 175.535   0.000   0.002   0.001   0.997
E D  1S68A                 48    0.687  99.029   0.000   0.001   0.000   0.998
E K  1S68A                 49    0.459  94.363   0.000   0.000   0.960   0.040
B V  1S68A                 50    0.054   8.267   0.000   0.000   0.997   0.003
B T  1S68A                 51    0.154  21.331   0.000   0.000   0.999   0.001
B C  1S68A                 52    0.057   7.976   0.000   0.000   0.998   0.002
B A  1S68A                 53    0.055   6.091   0.000   0.000   0.964   0.036
E K  1S68A                 54    0.280  57.533   0.000   0.000   0.770   0.229
E R  1S68A                 55    0.253  57.935   0.000   0.002   0.029   0.969
E T  1S68A                 56    0.567  78.669   0.000   0.003   0.019   0.978
B G  1S68A                 57    0.189  14.894   0.000   0.004   0.317   0.679
E P  1S68A                 58    0.446  63.220   0.000   0.001   0.645   0.354
B I  1S68A                 59    0.108  19.903   0.000   0.003   0.275   0.722
E L  1S68A                 60    0.276  50.464   0.000   0.004   0.095   0.901
E P  1S68A                 61    0.393  55.736   0.000   0.164   0.033   0.803
E A  1S68A                 62    0.549  60.537   0.000   0.320   0.011   0.669
E E  1S68A                 63    0.656 114.584   0.000   0.256   0.012   0.732
E D  1S68A                 64    0.502  72.295   0.000   0.211   0.025   0.764
B F  1S68A                 65    0.211  42.257   0.000   0.127   0.055   0.818
B F  1S68A                 66    0.218  43.677   0.000   0.168   0.035   0.797
B G  1S68A                 67    0.050   3.962   0.000   0.697   0.009   0.294
B Y  1S68A                 68    0.041   8.841   0.000   0.944   0.004   0.052
E E  1S68A                 69    0.359  62.763   0.000   0.994   0.001   0.005
B I  1S68A                 70    0.189  34.957   0.000   0.998   0.000   0.002
B I  1S68A                 71    0.017   3.156   0.000   0.998   0.000   0.002
B L  1S68A                 72    0.100  18.384   0.000   0.990   0.001   0.009
E K  1S68A                 73    0.630 129.647   0.000   0.976   0.000   0.024
E N  1S68A                 74    0.537  78.601   0.000   0.892   0.000   0.108
B Y  1S68A                 75    0.154  32.961   0.000   0.334   0.003   0.662
E A  1S68A                 76    0.359  39.551   0.000   0.919   0.001   0.080
E D  1S68A                 77    0.780 112.410   0.000   0.956   0.000   0.044
B S  1S68A                 78    0.145  17.049   0.000   0.957   0.000   0.043
B I  1S68A                 79    0.050   9.319   0.000   0.981   0.002   0.017
E K  1S68A                 80    0.544 111.801   0.000   0.992   0.001   0.007
E A  1S68A                 81    0.333  36.655   0.000   0.986   0.002   0.012
B V  1S68A                 82    0.012   1.901   0.000   0.991   0.000   0.009
B Q  1S68A                 83    0.245  43.722   0.000   0.992   0.000   0.007
E D  1S68A                 84    0.618  89.123   0.000   0.986   0.000   0.014
B I  1S68A                 85    0.153  28.258   0.000   0.983   0.000   0.017
B M  1S68A                 86    0.042   8.468   0.000   0.898   0.001   0.100
E E  1S68A                 87    0.628 109.798   0.000   0.705   0.002   0.293
E T  1S68A                 88    0.624  86.493   0.000   0.443   0.002   0.555
E S  1S68A                 89    0.479  56.105   0.000   0.217   0.004   0.779
E A  1S68A                 90    0.605  66.709   0.000   0.048   0.006   0.946
B V  1S68A                 91    0.161  24.708   0.000   0.036   0.057   0.906
E V  1S68A                 92    0.476  73.151   0.000   0.014   0.099   0.887
E S  1S68A                 93    0.330  38.691   0.000   0.012   0.420   0.568
B Y  1S68A                 94    0.068  14.459   0.000   0.001   0.906   0.093
B Q  1S68A                 95    0.191  34.169   0.000   0.000   0.988   0.012
B V  1S68A                 96    0.023   3.583   0.000   0.000   0.993   0.007
B F  1S68A                 97    0.075  15.084   0.000   0.000   0.993   0.007
B G  1S68A                 98    0.018   1.455   0.000   0.000   0.992   0.008
B E  1S68A                 99    0.084  14.728   0.000   0.001   0.970   0.029
B F  1S68A                100    0.034   6.865   0.000   0.001   0.943   0.056
B A  1S68A                101    0.024   2.690   0.000   0.002   0.862   0.136
B G  1S68A                102    0.030   2.332   0.000   0.007   0.176   0.817
E P  1S68A                103    0.287  40.722   0.000   0.093   0.037   0.870
E G  1S68A                104    0.493  38.773   0.000   0.141   0.014   0.845
B I  1S68A                105    0.159  29.362   0.000   0.201   0.070   0.730
B Q  1S68A                106    0.230  41.069   0.000   0.141   0.071   0.788
E K  1S68A                107    0.554 113.920   0.000   0.068   0.030   0.901
E N  1S68A                108    0.518  75.772   0.000   0.052   0.064   0.885
B V  1S68A                109    0.178  27.308   0.000   0.094   0.168   0.738
E D  1S68A                110    0.570  82.187   0.000   0.103   0.116   0.781
E Y  1S68A                111    0.263  56.259   0.000   0.135   0.105   0.761
E C  1S68A                112    0.260  36.510   0.000   0.073   0.073   0.855
E D  1S68A                113    0.725 104.510   0.000   0.069   0.022   0.910
E K  1S68A                114    0.399  82.154   0.000   0.043   0.086   0.871
E D  1S68A                115    0.283  40.806   0.000   0.023   0.269   0.708
B F  1S68A                116    0.045   9.118   0.000   0.001   0.884   0.115
B Y  1S68A                117    0.059  12.631   0.000   0.000   0.988   0.012
B V  1S68A                118    0.010   1.608   0.000   0.000   0.991   0.009
B F  1S68A                119    0.023   4.610   0.000   0.001   0.980   0.019
B D  1S68A                120    0.073  10.456   0.000   0.001   0.963   0.036
B I  1S68A                121    0.009   1.629   0.000   0.000   0.982   0.017
B I  1S68A                122    0.100  18.582   0.000   0.000   0.987   0.012
B V  1S68A                123    0.072  11.065   0.000   0.000   0.959   0.041
E T  1S68A                124    0.297  41.177   0.000   0.000   0.974   0.026
B T  1S68A                125    0.236  32.797   0.000   0.001   0.225   0.774
E E  1S68A                126    0.863 150.791   0.000   0.003   0.003   0.994
E S  1S68A                127    0.815  95.533   0.000   0.004   0.001   0.995
E G  1S68A                128    0.525  41.301   0.000   0.006   0.032   0.962
E D  1S68A                129    0.638  91.988   0.000   0.001   0.027   0.972
E V  1S68A                130    0.405  62.247   0.000   0.000   0.920   0.080
E T  1S68A                131    0.373  51.731   0.000   0.000   0.949   0.051
E Y  1S68A                132    0.307  65.609   0.000   0.000   0.969   0.031
B V  1S68A                133    0.066  10.136   0.000   0.001   0.420   0.579
E D  1S68A                134    0.455  65.541   0.000   0.004   0.071   0.925
E D  1S68A                135    0.384  55.384   0.000   0.922   0.001   0.078
E Y  1S68A                136    0.630 134.723   0.000   0.979   0.001   0.020
E M  1S68A                137    0.292  58.406   0.000   0.992   0.000   0.008
B M  1S68A                138    0.031   6.125   0.000   0.995   0.000   0.005
E E  1S68A                139    0.373  65.091   0.000   0.996   0.000   0.004
E S  1S68A                140    0.454  53.184   0.000   0.995   0.000   0.005
B F  1S68A                141    0.093  18.711   0.000   0.996   0.000   0.004
B C  1S68A                142    0.017   2.446   0.000   0.990   0.000   0.010
E N  1S68A                143    0.679  99.472   0.000   0.951   0.000   0.048
E T  1S68A                144    0.580  80.381   0.000   0.889   0.000   0.110
B F  1S68A                145    0.150  30.177   0.000   0.240   0.001   0.759
E K  1S68A                146    0.764 157.143   0.000   0.006   0.006   0.988
B F  1S68A                147    0.061  12.333   0.000   0.002   0.035   0.963
E K  1S68A                148    0.525 107.906   0.000   0.001   0.621   0.377
E M  1S68A                149    0.258  51.661   0.000   0.000   0.808   0.192
B A  1S68A                150    0.079   8.662   0.000   0.000   0.081   0.919
E P  1S68A                151    0.350  49.657   0.000   0.000   0.035   0.965
E L  1S68A                152    0.320  58.513   0.000   0.000   0.965   0.034
B L  1S68A                153    0.222  40.625   0.000   0.000   0.981   0.019
B G  1S68A                154    0.112   8.786   0.000   0.000   0.997   0.003
E R  1S68A                155    0.453 103.778   0.000   0.000   0.997   0.003
B G  1S68A                156    0.136  10.691   0.000   0.000   0.971   0.029
E K  1S68A                157    0.471  96.789   0.000   0.001   0.925   0.074
B F  1S68A                158    0.079  15.832   0.000   0.644   0.051   0.305
E E  1S68A                159    0.569  99.360   0.000   0.778   0.014   0.209
E E  1S68A                160    0.655 114.376   0.000   0.841   0.008   0.151
B L  1S68A                161    0.209  38.202   0.000   0.659   0.014   0.326
B I  1S68A                162    0.183  33.845   0.000   0.280   0.077   0.643
E K  1S68A                163    0.709 145.747   0.000   0.175   0.025   0.800
B L  1S68A                164    0.248  45.499   0.000   0.028   0.005   0.967
E P  1S68A                165    0.315  44.711   0.000   0.059   0.006   0.935
E N  1S68A                166    0.742 108.601   0.000   0.083   0.008   0.909
E D  1S68A                167    0.528  76.134   0.000   0.051   0.034   0.915
B L  1S68A                168    0.079  14.498   0.000   0.927   0.001   0.071
E D  1S68A                169    0.561  80.902   0.000   0.971   0.001   0.028
E S  1S68A                170    0.348  40.791   0.000   0.972   0.001   0.027
B V  1S68A                171    0.039   6.041   0.000   0.980   0.001   0.019
B V  1S68A                172    0.051   7.898   0.000   0.966   0.003   0.031
E Q  1S68A                173    0.662 118.297   0.000   0.925   0.002   0.073
E D  1S68A                174    0.614  88.454   0.000   0.873   0.002   0.125
B Y  1S68A                175    0.186  39.762   0.000   0.340   0.024   0.637
E N  1S68A                176    0.543  79.557   0.000   0.105   0.070   0.825
B F  1S68A                177    0.156  31.260   0.000   0.057   0.178   0.765
E T  1S68A                178    0.472  65.468   0.000   0.054   0.349   0.597
E V  1S68A                179    0.250  38.501   0.000   0.164   0.248   0.588
E D  1S68A                180    0.709 102.135   0.000   0.223   0.076   0.701
E H  1S68A                181    0.621 112.996   0.000   0.279   0.062   0.660
E A  1S68A                182    0.338  37.269   0.000   0.176   0.084   0.740
E G  1S68A                183    0.368  28.966   0.000   0.080   0.131   0.789
E L  1S68A                184    0.289  52.982   0.000   0.088   0.253   0.659
E V  1S68A                185    0.271  41.652   0.000   0.050   0.431   0.519
E D  1S68A                186    0.507  73.037   0.000   0.066   0.270   0.664
E A  1S68A                187    0.350  38.558   0.000   0.253   0.106   0.641
E N  1S68A                188    0.617  90.260   0.000   0.292   0.094   0.614
E K  1S68A                189    0.475  97.679   0.000   0.315   0.258   0.428
B C  1S68A                190    0.089  12.494   0.000   0.057   0.298   0.645
E V  1S68A                191    0.275  42.238   0.000   0.097   0.348   0.555
B W  1S68A                192    0.181  43.459   0.000   0.092   0.494   0.414
E N  1S68A                193    0.274  40.065   0.000   0.074   0.412   0.514
E A  1S68A                194    0.275  30.347   0.000   0.336   0.050   0.615
E E  1S68A                195    0.754 131.766   0.000   0.462   0.026   0.512
E A  1S68A                196    0.508  55.974   0.000   0.433   0.040   0.527
E K  1S68A                197    0.491 101.072   0.000   0.303   0.026   0.672
E G  1S68A                198    0.621  48.851   0.000   0.036   0.044   0.920
E E  1S68A                199    0.455  79.417   0.000   0.023   0.433   0.545
E V  1S68A                200    0.362  55.632   0.000   0.011   0.765   0.224
B F  1S68A                201    0.151  30.290   0.000   0.011   0.683   0.306
B T  1S68A                202    0.243  33.715   0.000   0.011   0.525   0.464
B A  1S68A                203    0.035   3.836   0.000   0.002   0.504   0.493
B E  1S68A                204    0.085  14.867   0.000   0.006   0.447   0.548
B G  1S68A                205    0.010   0.818   0.000   0.001   0.772   0.227
B Y  1S68A                206    0.019   4.143   0.000   0.000   0.973   0.027
B V  1S68A                207    0.009   1.423   0.000   0.000   0.996   0.004
B L  1S68A                208    0.009   1.738   0.000   0.000   0.994   0.006
B K  1S68A                209    0.152  31.251   0.000   0.000   0.963   0.037
B P  1S68A                210    0.119  16.916   0.000   0.000   0.928   0.071
B C  1S68A                211    0.204  28.688   0.000   0.003   0.229   0.767
E Y  1S68A                212    0.466  99.674   0.000   0.005   0.306   0.689
E P  1S68A                213    0.502  71.198   0.000   0.056   0.217   0.727
E S  1S68A                214    0.406  47.639   0.000   0.065   0.464   0.472
E W  1S68A                215    0.379  91.059   0.000   0.088   0.465   0.447
B L  1S68A                216    0.233  42.590   0.000   0.054   0.115   0.831
E R  1S68A                217    0.633 144.992   0.000   0.129   0.063   0.808
E N  1S68A                218    0.734 107.413   0.000   0.099   0.007   0.893
E G  1S68A                219    0.524  41.264   0.000   0.091   0.037   0.872
E N  1S68A                220    0.408  59.796   0.000   0.016   0.140   0.844
E R  1S68A                221    0.352  80.513   0.000   0.005   0.673   0.322
B V  1S68A                222    0.068  10.515   0.000   0.001   0.812   0.187
B A  1S68A                223    0.049   5.380   0.000   0.000   0.935   0.065
B I  1S68A                224    0.020   3.630   0.000   0.000   0.985   0.014
B K  1S68A                225    0.112  23.131   0.000   0.000   0.982   0.017
B C  1S68A                226    0.047   6.644   0.000   0.001   0.952   0.047
E K  1S68A                227    0.286  58.792   0.000   0.003   0.746   0.251
B N  1S68A                228    0.190  27.807   0.000   0.006   0.245   0.749
E S  1S68A                229    0.624  73.077   0.000   0.421   0.005   0.574
E K  1S68A                230    0.657 135.214   0.000   0.431   0.005   0.564
B F  1S68A                231    0.190  38.132   0.000   0.518   0.030   0.452
E S  1S68A                232    0.455  53.273   0.000   0.395   0.070   0.534
E E  1S68A                233    0.660 115.292   0.000   0.398   0.083   0.519
E K  1S68A                234    0.626 128.787   0.000   0.298   0.049   0.654
E K  1S68A                235    0.531 109.133   0.000   0.222   0.027   0.751
E K  1S68A                236    0.650 133.673   0.000   0.191   0.023   0.786
E S  1S68A                237    0.654  76.671   0.000   0.163   0.007   0.830
E D  1S68A                238    0.793 114.273   0.000   0.070   0.002   0.928
E K  1S68A                239    0.628 129.102   0.000   0.002   0.002   0.996
E P  1S68A                240    0.627  88.965   0.000   0.003   0.003   0.994
E I  1S68A                241    0.618 114.328   0.000   0.005   0.017   0.979
E K  1S68A                242    0.699 143.701   0.000   0.003   0.016   0.981
E A  1S68A                243    0.550  60.616   0.000   0.004   0.021   0.975
E K  1S68A                244    0.705 145.074   0.000   0.002   0.014   0.984
E V  1S68A                245    0.597  91.825   0.000   0.002   0.017   0.981
E E  1S68A                246    0.765 133.576   0.000   0.003   0.022   0.976
E L  1S68A                247    0.662 121.296   0.000   0.003   0.004   0.993
E S  1S68A                248    0.760  89.049   0.000   0.003   0.003   0.994
E E  1S68A                249    0.942 164.513   0.000   0.000   0.000   0.999
