# For publication of results, please cite:
# ...
# ... Michael Schantz Klausen, Martin Closter Jespersen, Henrik Nielsen, Kamilla Kjærgaard Jensen, 
# ... Vanessa Isabell Jurtz, Casper Kaae Sønderby, Morten Otto Alexander Sommer, Ole Winther, 
# ... Morten Nielsen, Bent Petersen, and Paolo Marcatili. 
# ... NetSurfP-2.0: Improved prediction of protein structural features by integrated deep learning.
# ... Proteins: Structure, Function, and Bioinformatics (Feb. 2019).
# ... https://doi.org/10.1002/prot.25674
# ...
#
# Column 1: Class assignment - B for buried or E for Exposed - Threshold: 25% exposure, but not based on RSA
# Column 2: Amino acid
# Column 3: Sequence name
# Column 4: Amino acid number
# Column 5: Relative Surface Accessibility - RSA
# Column 6: Absolute Surface Accessibility
# Column 7: Not used
# Column 8: Probability for Alpha-Helix
# Column 9: Probability for Beta-strand
# Column 10: Probability for Coil
E M  1W9GB                  1    0.795 159.009   0.000   0.000   0.000   0.999
E S  1W9GB                  2    0.622  72.840   0.000   0.000   0.037   0.963
E H  1W9GB                  3    0.288  52.410   0.000   0.001   0.594   0.405
B T  1W9GB                  4    0.112  15.595   0.000   0.000   0.974   0.025
B I  1W9GB                  5    0.037   6.868   0.000   0.000   0.997   0.003
B L  1W9GB                  6    0.045   8.218   0.000   0.000   0.999   0.001
B L  1W9GB                  7    0.023   4.245   0.000   0.000   0.997   0.003
B V  1W9GB                  8    0.059   9.064   0.000   0.000   0.990   0.010
B Q  1W9GB                  9    0.099  17.609   0.000   0.000   0.803   0.197
E P  1W9GB                 10    0.257  36.489   0.000   0.002   0.482   0.516
E T  1W9GB                 11    0.291  40.396   0.000   0.006   0.073   0.920
E K  1W9GB                 12    0.745 153.222   0.000   0.009   0.013   0.978
E R  1W9GB                 13    0.543 124.460   0.000   0.004   0.026   0.970
E P  1W9GB                 14    0.547  77.553   0.000   0.374   0.003   0.623
E E  1W9GB                 15    0.853 149.093   0.000   0.310   0.002   0.689
E G  1W9GB                 16    0.482  37.963   0.000   0.345   0.014   0.641
E R  1W9GB                 17    0.605 138.612   0.000   0.011   0.027   0.963
E T  1W9GB                 18    0.528  73.217   0.000   0.007   0.364   0.629
E Y  1W9GB                 19    0.583 124.666   0.000   0.013   0.665   0.322
E A  1W9GB                 20    0.436  48.001   0.000   0.017   0.892   0.091
E D  1W9GB                 21    0.576  83.045   0.000   0.029   0.804   0.167
B Y  1W9GB                 22    0.201  42.938   0.000   0.007   0.673   0.320
E E  1W9GB                 23    0.769 134.264   0.000   0.006   0.010   0.984
E S  1W9GB                 24    0.361  42.270   0.000   0.018   0.045   0.937
B V  1W9GB                 25    0.200  30.707   0.000   0.981   0.000   0.019
E N  1W9GB                 26    0.583  85.288   0.000   0.993   0.000   0.007
E E  1W9GB                 27    0.506  88.475   0.000   0.993   0.000   0.006
B C  1W9GB                 28    0.031   4.380   0.000   0.993   0.000   0.007
B M  1W9GB                 29    0.134  26.865   0.000   0.987   0.000   0.013
E E  1W9GB                 30    0.522  91.219   0.000   0.996   0.000   0.004
B G  1W9GB                 31    0.206  16.225   0.000   0.998   0.000   0.002
B V  1W9GB                 32    0.055   8.487   0.000   0.999   0.000   0.001
B C  1W9GB                 33    0.060   8.424   0.000   0.999   0.000   0.001
E K  1W9GB                 34    0.547 112.471   0.000   0.999   0.000   0.001
E M  1W9GB                 35    0.279  55.896   0.000   0.999   0.000   0.001
B Y  1W9GB                 36    0.137  29.280   0.000   0.998   0.000   0.002
E E  1W9GB                 37    0.267  46.575   0.000   1.000   0.000   0.000
E E  1W9GB                 38    0.563  98.405   0.000   0.999   0.000   0.001
E H  1W9GB                 39    0.315  57.335   0.000   0.997   0.000   0.003
B L  1W9GB                 40    0.085  15.539   0.000   0.993   0.000   0.007
E K  1W9GB                 41    0.537 110.553   0.000   0.987   0.000   0.013
E R  1W9GB                 42    0.808 185.092   0.000   0.977   0.000   0.023
E M  1W9GB                 43    0.533 106.608   0.000   0.958   0.000   0.042
E N  1W9GB                 44    0.345  50.524   0.000   0.001   0.000   0.998
E P  1W9GB                 45    0.724 102.762   0.000   0.001   0.000   0.999
E N  1W9GB                 46    0.948 138.716   0.000   0.000   0.000   1.000
E S  1W9GB                 47    0.322  37.688   0.000   0.002   0.005   0.993
E T  1W9GB                 48    0.799 110.819   0.000   0.001   0.044   0.955
E Y  1W9GB                 49    0.394  84.193   0.000   0.003   0.071   0.926
E D  1W9GB                 50    0.556  80.098   0.000   0.003   0.063   0.934
E I  1W9GB                 51    0.377  69.763   0.000   0.782   0.003   0.215
E S  1W9GB                 52    0.546  63.977   0.000   0.944   0.000   0.055
E Q  1W9GB                 53    0.473  84.436   0.000   0.966   0.001   0.033
B L  1W9GB                 54    0.135  24.647   0.000   0.973   0.000   0.026
E F  1W9GB                 55    0.391  78.537   0.000   0.974   0.001   0.025
E D  1W9GB                 56    0.607  87.427   0.000   0.983   0.000   0.017
E F  1W9GB                 57    0.308  61.800   0.000   0.983   0.000   0.017
B I  1W9GB                 58    0.071  13.124   0.000   0.983   0.001   0.016
E D  1W9GB                 59    0.478  68.863   0.000   0.949   0.000   0.051
E D  1W9GB                 60    0.736 106.077   0.000   0.721   0.000   0.278
B L  1W9GB                 61    0.195  35.639   0.000   0.205   0.005   0.790
E A  1W9GB                 62    0.383  42.226   0.000   0.069   0.014   0.917
E D  1W9GB                 63    0.526  75.866   0.000   0.048   0.058   0.893
B L  1W9GB                 64    0.132  24.155   0.000   0.020   0.594   0.386
B S  1W9GB                 65    0.119  13.956   0.000   0.001   0.942   0.057
B C  1W9GB                 66    0.064   8.978   0.000   0.000   0.986   0.014
B L  1W9GB                 67    0.107  19.505   0.000   0.000   0.995   0.005
B V  1W9GB                 68    0.082  12.637   0.000   0.000   0.995   0.005
E Y  1W9GB                 69    0.283  60.440   0.000   0.000   0.995   0.005
E R  1W9GB                 70    0.309  70.738   0.000   0.000   0.891   0.109
E A  1W9GB                 71    0.573  63.124   0.000   0.007   0.001   0.992
E D  1W9GB                 72    0.911 131.333   0.000   0.009   0.000   0.990
E T  1W9GB                 73    0.475  65.830   0.000   0.032   0.002   0.966
E Q  1W9GB                 74    0.745 133.059   0.000   0.000   0.002   0.997
E T  1W9GB                 75    0.402  55.819   0.000   0.000   0.931   0.069
E Y  1W9GB                 76    0.323  69.003   0.000   0.000   0.998   0.002
E Q  1W9GB                 77    0.442  79.027   0.000   0.000   0.984   0.016
E P  1W9GB                 78    0.420  59.621   0.000   0.000   0.973   0.027
B Y  1W9GB                 79    0.237  50.630   0.000   0.002   0.380   0.618
E N  1W9GB                 80    0.467  68.432   0.000   0.003   0.064   0.933
E K  1W9GB                 81    0.376  77.420   0.000   0.960   0.001   0.039
E D  1W9GB                 82    0.693  99.882   0.000   0.994   0.000   0.006
E W  1W9GB                 83    0.309  74.237   0.000   0.999   0.000   0.001
B I  1W9GB                 84    0.022   4.159   0.000   1.000   0.000   0.000
E K  1W9GB                 85    0.294  60.555   0.000   0.999   0.000   0.000
E E  1W9GB                 86    0.575 100.413   0.000   0.999   0.000   0.001
E K  1W9GB                 87    0.352  72.402   0.000   0.999   0.000   0.001
B I  1W9GB                 88    0.035   6.415   0.000   0.999   0.000   0.001
E Y  1W9GB                 89    0.339  72.453   0.000   0.999   0.000   0.001
E V  1W9GB                 90    0.439  67.430   0.000   0.999   0.000   0.001
B L  1W9GB                 91    0.214  39.136   0.000   0.999   0.000   0.001
B L  1W9GB                 92    0.074  13.502   0.000   0.996   0.000   0.004
E R  1W9GB                 93    0.490 112.190   0.000   0.983   0.000   0.017
E R  1W9GB                 94    0.591 135.333   0.000   0.965   0.000   0.034
E Q  1W9GB                 95    0.365  65.243   0.000   0.926   0.000   0.074
E A  1W9GB                 96    0.312  34.335   0.000   0.763   0.001   0.236
E Q  1W9GB                 97    0.784 140.000   0.000   0.460   0.003   0.538
E Q  1W9GB                 98    0.790 141.102   0.000   0.249   0.002   0.750
E A  1W9GB                 99    0.898  99.002   0.000   0.004   0.000   0.996
