# For publication of results, please cite:
# ...
# ... Michael Schantz Klausen, Martin Closter Jespersen, Henrik Nielsen, Kamilla Kjærgaard Jensen, 
# ... Vanessa Isabell Jurtz, Casper Kaae Sønderby, Morten Otto Alexander Sommer, Ole Winther, 
# ... Morten Nielsen, Bent Petersen, and Paolo Marcatili. 
# ... NetSurfP-2.0: Improved prediction of protein structural features by integrated deep learning.
# ... Proteins: Structure, Function, and Bioinformatics (Feb. 2019).
# ... https://doi.org/10.1002/prot.25674
# ...
#
# Column 1: Class assignment - B for buried or E for Exposed - Threshold: 25% exposure, but not based on RSA
# Column 2: Amino acid
# Column 3: Sequence name
# Column 4: Amino acid number
# Column 5: Relative Surface Accessibility - RSA
# Column 6: Absolute Surface Accessibility
# Column 7: Not used
# Column 8: Probability for Alpha-Helix
# Column 9: Probability for Beta-strand
# Column 10: Probability for Coil
E K  2Y9PB                  1    0.922 189.666   0.000   0.000   0.000   1.000
E A  2Y9PB                  2    0.828  91.199   0.000   0.004   0.001   0.995
E R  2Y9PB                  3    0.690 157.932   0.000   0.009   0.013   0.978
E K  2Y9PB                  4    0.556 114.346   0.000   0.008   0.113   0.879
B S  2Y9PB                  5    0.191  22.418   0.000   0.001   0.385   0.613
E K  2Y9PB                  6    0.313  64.405   0.000   0.001   0.801   0.198
B C  2Y9PB                  7    0.056   7.930   0.000   0.000   0.970   0.030
B I  2Y9PB                  8    0.058  10.676   0.000   0.000   0.992   0.008
B I  2Y9PB                  9    0.111  20.559   0.000   0.000   0.994   0.006
B M  2Y9PB                 10    0.048   9.617   0.000   0.000   0.927   0.072
B S  2Y9PB                 11    0.078   9.115   0.000   0.001   0.413   0.587
E K  2Y9PB                 12    0.538 110.579   0.000   0.963   0.001   0.036
E S  2Y9PB                 13    0.427  50.079   0.000   0.979   0.000   0.020
B I  2Y9PB                 14    0.021   3.814   0.000   0.971   0.000   0.028
E Q  2Y9PB                 15    0.405  72.365   0.000   0.780   0.001   0.219
E G  2Y9PB                 16    0.851  66.999   0.000   0.317   0.000   0.683
B L  2Y9PB                 17    0.225  41.205   0.000   0.002   0.000   0.998
E P  2Y9PB                 18    0.786 111.568   0.000   0.000   0.001   0.999
B I  2Y9PB                 19    0.241  44.627   0.000   0.002   0.006   0.992
E K  2Y9PB                 20    0.572 117.658   0.000   0.002   0.013   0.985
B W  2Y9PB                 21    0.118  28.442   0.000   0.926   0.000   0.074
E E  2Y9PB                 22    0.630 110.137   0.000   0.967   0.000   0.032
E E  2Y9PB                 23    0.604 105.588   0.000   0.966   0.000   0.034
B Y  2Y9PB                 24    0.135  28.893   0.000   0.860   0.002   0.139
B A  2Y9PB                 25    0.118  13.056   0.000   0.125   0.240   0.635
E A  2Y9PB                 26    0.254  27.978   0.000   0.082   0.410   0.508
E D  2Y9PB                 27    0.723 104.207   0.000   0.061   0.112   0.827
E E  2Y9PB                 28    0.496  86.659   0.000   0.022   0.125   0.853
B V  2Y9PB                 29    0.034   5.207   0.000   0.000   0.829   0.171
B V  2Y9PB                 30    0.093  14.240   0.000   0.000   0.991   0.009
B L  2Y9PB                 31    0.028   5.111   0.000   0.000   0.998   0.002
B L  2Y9PB                 32    0.091  16.650   0.000   0.000   0.994   0.006
B V  2Y9PB                 33    0.026   3.990   0.000   0.000   0.859   0.141
B P  2Y9PB                 34    0.083  11.834   0.000   0.000   0.316   0.684
E T  2Y9PB                 35    0.272  37.765   0.000   0.005   0.006   0.989
E S  2Y9PB                 36    0.645  75.620   0.000   0.013   0.008   0.979
E H  2Y9PB                 37    0.266  48.447   0.000   0.014   0.024   0.962
E T  2Y9PB                 38    0.538  74.663   0.000   0.012   0.015   0.973
E D  2Y9PB                 39    0.680  98.014   0.000   0.637   0.001   0.362
E G  2Y9PB                 40    0.615  48.401   0.000   0.722   0.001   0.277
E S  2Y9PB                 41    0.363  42.518   0.000   0.856   0.003   0.142
B M  2Y9PB                 42    0.075  15.076   0.000   0.940   0.001   0.058
E K  2Y9PB                 43    0.524 107.687   0.000   0.909   0.002   0.089
E Q  2Y9PB                 44    0.752 134.223   0.000   0.924   0.001   0.075
E A  2Y9PB                 45    0.294  32.361   0.000   0.915   0.003   0.083
B I  2Y9PB                 46    0.153  28.284   0.000   0.824   0.006   0.170
E G  2Y9PB                 47    0.351  27.595   0.000   0.667   0.001   0.332
E D  2Y9PB                 48    0.762 109.751   0.000   0.838   0.001   0.162
E A  2Y9PB                 49    0.320  35.241   0.000   0.849   0.002   0.149
B F  2Y9PB                 50    0.185  37.085   0.000   0.782   0.010   0.208
E R  2Y9PB                 51    0.577 132.035   0.000   0.648   0.023   0.330
E K  2Y9PB                 52    0.686 141.168   0.000   0.469   0.008   0.522
E T  2Y9PB                 53    0.442  61.365   0.000   0.219   0.008   0.774
E K  2Y9PB                 54    0.706 145.262   0.000   0.102   0.009   0.890
E N  2Y9PB                 55    0.459  67.223   0.000   0.089   0.020   0.892
E E  2Y9PB                 56    0.592 103.336   0.000   0.072   0.072   0.856
E H  2Y9PB                 57    0.261  47.541   0.000   0.007   0.408   0.585
E K  2Y9PB                 58    0.367  75.433   0.000   0.002   0.899   0.099
B I  2Y9PB                 59    0.205  37.981   0.000   0.000   0.982   0.018
B I  2Y9PB                 60    0.107  19.773   0.000   0.000   0.976   0.024
E Y  2Y9PB                 61    0.471 100.620   0.000   0.000   0.950   0.050
B C  2Y9PB                 62    0.037   5.213   0.000   0.000   0.319   0.680
E D  2Y9PB                 63    0.626  90.278   0.000   0.000   0.001   0.999
E S  2Y9PB                 64    0.324  37.953   0.000   0.002   0.005   0.993
E M  2Y9PB                 65    0.283  56.552   0.000   0.990   0.000   0.010
E D  2Y9PB                 66    0.602  86.781   0.000   0.997   0.000   0.003
B G  2Y9PB                 67    0.049   3.864   0.000   0.999   0.000   0.001
B L  2Y9PB                 68    0.022   4.068   0.000   0.999   0.000   0.001
B W  2Y9PB                 69    0.227  54.656   0.000   0.999   0.000   0.001
E S  2Y9PB                 70    0.289  33.872   0.000   0.999   0.000   0.001
B C  2Y9PB                 71    0.030   4.252   0.000   0.998   0.000   0.002
B V  2Y9PB                 72    0.049   7.531   0.000   0.994   0.000   0.006
E R  2Y9PB                 73    0.570 130.491   0.000   0.973   0.000   0.026
E R  2Y9PB                 74    0.543 124.288   0.000   0.904   0.000   0.096
B L  2Y9PB                 75    0.143  26.106   0.000   0.506   0.003   0.491
E G  2Y9PB                 76    0.412  32.408   0.000   0.014   0.011   0.976
E K  2Y9PB                 77    0.476  97.837   0.000   0.032   0.009   0.959
E F  2Y9PB                 78    0.455  91.329   0.000   0.084   0.036   0.881
B Q  2Y9PB                 79    0.244  43.490   0.000   0.123   0.504   0.373
B C  2Y9PB                 80    0.044   6.152   0.000   0.001   0.971   0.028
B I  2Y9PB                 81    0.110  20.329   0.000   0.000   0.993   0.007
B L  2Y9PB                 82    0.036   6.512   0.000   0.000   0.985   0.015
B N  2Y9PB                 83    0.136  19.957   0.000   0.001   0.791   0.208
E S  2Y9PB                 84    0.252  29.529   0.000   0.949   0.003   0.048
E R  2Y9PB                 85    0.655 149.934   0.000   0.949   0.001   0.050
E D  2Y9PB                 86    0.272  39.132   0.000   0.961   0.002   0.037
B F  2Y9PB                 87    0.105  20.991   0.000   0.694   0.039   0.268
E T  2Y9PB                 88    0.603  83.704   0.000   0.435   0.024   0.541
E S  2Y9PB                 89    0.685  80.226   0.000   0.285   0.013   0.702
E S  2Y9PB                 90    0.637  74.637   0.000   0.171   0.005   0.825
E G  2Y9PB                 91    0.685  53.945   0.000   0.036   0.004   0.960
E G  2Y9PB                 92    0.446  35.069   0.000   0.092   0.015   0.893
E S  2Y9PB                 93    0.571  66.953   0.000   0.140   0.029   0.831
E D  2Y9PB                 94    0.523  75.424   0.000   0.225   0.019   0.755
E A  2Y9PB                 95    0.303  33.417   0.000   0.650   0.007   0.343
E A  2Y9PB                 96    0.632  69.658   0.000   0.562   0.008   0.430
E V  2Y9PB                 97    0.459  70.480   0.000   0.457   0.015   0.528
B V  2Y9PB                 98    0.126  19.308   0.000   0.008   0.014   0.979
B P  2Y9PB                 99    0.184  26.161   0.000   0.012   0.014   0.974
E E  2Y9PB                100    0.829 144.908   0.000   0.358   0.004   0.639
E D  2Y9PB                101    0.524  75.552   0.000   0.237   0.004   0.759
B I  2Y9PB                102    0.053   9.812   0.000   0.787   0.002   0.211
E G  2Y9PB                103    0.386  30.403   0.000   0.872   0.001   0.127
E R  2Y9PB                104    0.649 148.537   0.000   0.729   0.001   0.270
B F  2Y9PB                105    0.193  38.684   0.000   0.556   0.010   0.434
B V  2Y9PB                106    0.098  15.095   0.000   0.002   0.701   0.297
E K  2Y9PB                107    0.555 114.189   0.000   0.001   0.759   0.241
E F  2Y9PB                108    0.426  85.477   0.000   0.001   0.966   0.033
E V  2Y9PB                109    0.292  44.849   0.000   0.001   0.978   0.021
B V  2Y9PB                110    0.246  37.792   0.000   0.001   0.986   0.013
E D  2Y9PB                111    0.614  88.500   0.000   0.002   0.952   0.047
B S  2Y9PB                112    0.209  24.533   0.000   0.023   0.185   0.793
E D  2Y9PB                113    0.691  99.626   0.000   0.041   0.050   0.909
E V  2Y9PB                114    0.478  73.532   0.000   0.173   0.026   0.801
E E  2Y9PB                115    0.774 135.303   0.000   0.184   0.014   0.802
E D  2Y9PB                116    0.585  84.233   0.000   0.278   0.043   0.679
E V  2Y9PB                117    0.371  57.091   0.000   0.223   0.240   0.537
E L  2Y9PB                118    0.317  57.959   0.000   0.218   0.385   0.397
E I  2Y9PB                119    0.391  72.361   0.000   0.159   0.412   0.429
E D  2Y9PB                120    0.401  57.832   0.000   0.105   0.242   0.653
E T  2Y9PB                121    0.592  82.171   0.000   0.211   0.046   0.743
E L  2Y9PB                122    0.644 117.875   0.000   0.111   0.026   0.862
E C  2Y9PB                123    0.545  76.523   0.000   0.101   0.015   0.884
E N  2Y9PB                124    0.915 133.883   0.000   0.001   0.000   0.999
