# For publication of results, please cite:
# ...
# ... Michael Schantz Klausen, Martin Closter Jespersen, Henrik Nielsen, Kamilla Kjærgaard Jensen, 
# ... Vanessa Isabell Jurtz, Casper Kaae Sønderby, Morten Otto Alexander Sommer, Ole Winther, 
# ... Morten Nielsen, Bent Petersen, and Paolo Marcatili. 
# ... NetSurfP-2.0: Improved prediction of protein structural features by integrated deep learning.
# ... Proteins: Structure, Function, and Bioinformatics (Feb. 2019).
# ... https://doi.org/10.1002/prot.25674
# ...
#
# Column 1: Class assignment - B for buried or E for Exposed - Threshold: 25% exposure, but not based on RSA
# Column 2: Amino acid
# Column 3: Sequence name
# Column 4: Amino acid number
# Column 5: Relative Surface Accessibility - RSA
# Column 6: Absolute Surface Accessibility
# Column 7: Not used
# Column 8: Probability for Alpha-Helix
# Column 9: Probability for Beta-strand
# Column 10: Probability for Coil
E S  1KQPA                  1    0.780  91.396   0.000   0.006   0.000   0.994
B M  1KQPA                  2    0.233  46.592   0.000   0.883   0.000   0.117
B Q  1KQPA                  3    0.246  43.918   0.000   0.913   0.000   0.087
E E  1KQPA                  4    0.557  97.292   0.000   0.923   0.000   0.077
E K  1KQPA                  5    0.441  90.772   0.000   0.921   0.001   0.078
B I  1KQPA                  6    0.034   6.282   0.000   0.932   0.001   0.067
B M  1KQPA                  7    0.108  21.588   0.000   0.952   0.000   0.047
E R  1KQPA                  8    0.682 156.244   0.000   0.937   0.001   0.062
E E  1KQPA                  9    0.434  75.739   0.000   0.892   0.001   0.107
B L  1KQPA                 10    0.128  23.516   0.000   0.302   0.001   0.697
E H  1KQPA                 11    0.763 138.775   0.000   0.010   0.001   0.989
B V  1KQPA                 12    0.214  32.889   0.000   0.006   0.012   0.982
E K  1KQPA                 13    0.664 136.520   0.000   0.002   0.008   0.990
E P  1KQPA                 14    0.383  54.295   0.000   0.001   0.004   0.995
E S  1KQPA                 15    0.711  83.339   0.000   0.002   0.008   0.990
E I  1KQPA                 16    0.283  52.419   0.000   0.002   0.011   0.987
E D  1KQPA                 17    0.582  83.814   0.000   0.001   0.001   0.998
B P  1KQPA                 18    0.214  30.297   0.000   0.943   0.000   0.057
E K  1KQPA                 19    0.591 121.531   0.000   0.974   0.000   0.026
E Q  1KQPA                 20    0.569 101.554   0.000   0.985   0.000   0.015
B E  1KQPA                 21    0.159  27.742   0.000   0.990   0.000   0.010
B I  1KQPA                 22    0.072  13.395   0.000   0.995   0.000   0.005
E E  1KQPA                 23    0.523  91.322   0.000   0.998   0.000   0.002
E D  1KQPA                 24    0.463  66.658   0.000   0.997   0.000   0.003
B R  1KQPA                 25    0.083  18.976   0.000   0.997   0.000   0.003
B V  1KQPA                 26    0.047   7.286   0.000   0.998   0.000   0.002
E N  1KQPA                 27    0.491  71.919   0.000   0.998   0.000   0.002
B F  1KQPA                 28    0.200  40.154   0.000   0.999   0.000   0.001
B L  1KQPA                 29    0.005   0.940   0.000   0.999   0.000   0.001
E K  1KQPA                 30    0.279  57.344   0.000   0.999   0.000   0.001
E Q  1KQPA                 31    0.507  90.574   0.000   0.999   0.000   0.001
B Y  1KQPA                 32    0.178  38.093   0.000   0.999   0.000   0.001
B V  1KQPA                 33    0.010   1.524   0.000   0.999   0.000   0.001
E K  1KQPA                 34    0.570 117.149   0.000   0.994   0.000   0.006
E K  1KQPA                 35    0.689 141.817   0.000   0.945   0.000   0.055
E T  1KQPA                 36    0.298  41.385   0.000   0.492   0.000   0.508
E G  1KQPA                 37    0.626  49.238   0.000   0.001   0.000   0.999
B A  1KQPA                 38    0.083   9.110   0.000   0.001   0.003   0.996
E K  1KQPA                 39    0.629 129.373   0.000   0.001   0.016   0.983
B G  1KQPA                 40    0.112   8.853   0.000   0.001   0.320   0.679
B F  1KQPA                 41    0.019   3.770   0.000   0.000   0.950   0.050
B V  1KQPA                 42    0.013   1.983   0.000   0.000   0.993   0.007
B L  1KQPA                 43    0.004   0.772   0.000   0.000   0.992   0.008
B G  1KQPA                 44    0.023   1.827   0.000   0.000   0.675   0.324
B I  1KQPA                 45    0.030   5.580   0.000   0.000   0.063   0.936
B S  1KQPA                 46    0.248  29.093   0.000   0.001   0.003   0.996
B G  1KQPA                 47    0.085   6.706   0.000   0.003   0.002   0.994
B G  1KQPA                 48    0.199  15.627   0.000   0.090   0.093   0.817
B Q  1KQPA                 49    0.150  26.799   0.000   0.995   0.000   0.005
B D  1KQPA                 50    0.112  16.192   0.000   0.997   0.000   0.003
B S  1KQPA                 51    0.038   4.459   0.000   0.998   0.000   0.002
B T  1KQPA                 52    0.026   3.626   0.000   0.999   0.000   0.001
B L  1KQPA                 53    0.021   3.783   0.000   1.000   0.000   0.000
B A  1KQPA                 54    0.002   0.186   0.000   1.000   0.000   0.000
B G  1KQPA                 55    0.003   0.248   0.000   1.000   0.000   0.000
B R  1KQPA                 56    0.141  32.251   0.000   0.999   0.000   0.000
B L  1KQPA                 57    0.019   3.477   0.000   1.000   0.000   0.000
B A  1KQPA                 58    0.002   0.169   0.000   0.999   0.000   0.001
B Q  1KQPA                 59    0.234  41.759   0.000   0.999   0.000   0.001
E L  1KQPA                 60    0.252  46.105   0.000   0.999   0.000   0.001
B A  1KQPA                 61    0.021   2.316   0.000   0.998   0.000   0.002
B V  1KQPA                 62    0.034   5.165   0.000   0.997   0.000   0.003
E E  1KQPA                 63    0.473  82.699   0.000   0.998   0.000   0.002
B S  1KQPA                 64    0.240  28.072   0.000   0.997   0.000   0.003
B I  1KQPA                 65    0.038   6.955   0.000   0.993   0.000   0.007
E R  1KQPA                 66    0.433  99.222   0.000   0.992   0.000   0.008
E E  1KQPA                 67    0.838 146.453   0.000   0.971   0.000   0.029
E E  1KQPA                 68    0.637 111.271   0.000   0.408   0.000   0.592
E G  1KQPA                 69    0.794  62.508   0.000   0.029   0.000   0.971
E G  1KQPA                 70    0.367  28.895   0.000   0.061   0.001   0.938
E D  1KQPA                 71    0.769 110.802   0.000   0.054   0.010   0.935
B A  1KQPA                 72    0.177  19.557   0.000   0.094   0.166   0.740
E Q  1KQPA                 73    0.401  71.584   0.000   0.033   0.697   0.271
B F  1KQPA                 74    0.034   6.863   0.000   0.000   0.968   0.031
B I  1KQPA                 75    0.059  10.902   0.000   0.000   0.998   0.002
B A  1KQPA                 76    0.005   0.583   0.000   0.000   0.998   0.002
B V  1KQPA                 77    0.005   0.801   0.000   0.000   0.996   0.004
B R  1KQPA                 78    0.091  20.832   0.000   0.000   0.984   0.016
B L  1KQPA                 79    0.019   3.545   0.000   0.000   0.630   0.370
B P  1KQPA                 80    0.159  22.510   0.000   0.002   0.200   0.798
E H  1KQPA                 81    0.272  49.492   0.000   0.009   0.053   0.939
E G  1KQPA                 82    0.446  35.107   0.000   0.012   0.010   0.978
E T  1KQPA                 83    0.426  59.041   0.000   0.031   0.009   0.960
E Q  1KQPA                 84    0.657 117.282   0.000   0.516   0.003   0.481
E Q  1KQPA                 85    0.572 102.100   0.000   0.458   0.002   0.540
B D  1KQPA                 86    0.203  29.266   0.000   0.592   0.001   0.407
E E  1KQPA                 87    0.368  64.238   0.000   0.972   0.000   0.028
E D  1KQPA                 88    0.646  93.141   0.000   0.989   0.000   0.011
B D  1KQPA                 89    0.136  19.537   0.000   0.996   0.000   0.004
B A  1KQPA                 90    0.004   0.415   0.000   0.999   0.000   0.001
E Q  1KQPA                 91    0.427  76.181   0.000   0.999   0.000   0.001
E L  1KQPA                 92    0.306  55.981   0.000   0.999   0.000   0.001
B A  1KQPA                 93    0.007   0.809   0.000   0.998   0.000   0.002
B L  1KQPA                 94    0.049   8.998   0.000   0.993   0.000   0.007
E K  1KQPA                 95    0.654 134.521   0.000   0.969   0.000   0.030
E F  1KQPA                 96    0.320  64.125   0.000   0.946   0.000   0.054
B I  1KQPA                 97    0.047   8.671   0.000   0.803   0.001   0.196
E K  1KQPA                 98    0.581 119.479   0.000   0.003   0.002   0.996
B P  1KQPA                 99    0.212  30.036   0.000   0.113   0.005   0.883
E D  1KQPA                100    0.805 115.959   0.000   0.078   0.008   0.914
E K  1KQPA                101    0.430  88.401   0.000   0.071   0.489   0.440
E S  1KQPA                102    0.253  29.689   0.000   0.001   0.938   0.061
E W  1KQPA                103    0.280  67.432   0.000   0.001   0.988   0.011
E K  1KQPA                104    0.480  98.735   0.000   0.000   0.991   0.009
B F  1KQPA                105    0.115  23.150   0.000   0.000   0.832   0.168
E D  1KQPA                106    0.445  64.175   0.000   0.000   0.678   0.322
B I  1KQPA                107    0.036   6.588   0.000   0.490   0.001   0.509
E K  1KQPA                108    0.463  95.331   0.000   0.955   0.000   0.045
E S  1KQPA                109    0.661  77.521   0.000   0.967   0.000   0.032
B T  1KQPA                110    0.207  28.683   0.000   0.948   0.000   0.052
B V  1KQPA                111    0.067  10.229   0.000   0.971   0.000   0.029
E S  1KQPA                112    0.475  55.696   0.000   0.974   0.000   0.026
E A  1KQPA                113    0.429  47.245   0.000   0.976   0.000   0.024
B F  1KQPA                114    0.114  22.834   0.000   0.973   0.000   0.027
B S  1KQPA                115    0.153  17.878   0.000   0.977   0.000   0.023
E D  1KQPA                116    0.624  89.957   0.000   0.970   0.000   0.029
E Q  1KQPA                117    0.442  79.011   0.000   0.962   0.000   0.038
B Y  1KQPA                118    0.120  25.640   0.000   0.959   0.001   0.040
E Q  1KQPA                119    0.479  85.604   0.000   0.946   0.001   0.053
E Q  1KQPA                120    0.800 142.886   0.000   0.922   0.001   0.077
E E  1KQPA                121    0.569  99.390   0.000   0.868   0.001   0.131
E T  1KQPA                122    0.334  46.276   0.000   0.726   0.001   0.273
E G  1KQPA                123    0.678  53.346   0.000   0.036   0.001   0.963
E D  1KQPA                124    0.659  95.021   0.000   0.056   0.003   0.941
E Q  1KQPA                125    0.702 125.361   0.000   0.104   0.009   0.886
E L  1KQPA                126    0.391  71.566   0.000   0.148   0.017   0.836
E T  1KQPA                127    0.515  71.412   0.000   0.175   0.019   0.807
E D  1KQPA                128    0.635  91.480   0.000   0.495   0.008   0.497
E F  1KQPA                129    0.314  63.058   0.000   0.418   0.025   0.557
E N  1KQPA                130    0.372  54.482   0.000   0.463   0.022   0.515
E K  1KQPA                131    0.458  94.296   0.000   0.846   0.006   0.147
E G  1KQPA                132    0.275  21.673   0.000   0.783   0.008   0.209
E N  1KQPA                133    0.293  42.902   0.000   0.840   0.008   0.152
B V  1KQPA                134    0.114  17.574   0.000   0.971   0.001   0.028
E K  1KQPA                135    0.279  57.437   0.000   0.975   0.001   0.024
B A  1KQPA                136    0.109  12.066   0.000   0.990   0.000   0.010
E R  1KQPA                137    0.260  59.568   0.000   0.993   0.000   0.007
B T  1KQPA                138    0.082  11.366   0.000   0.995   0.000   0.005
B R  1KQPA                139    0.172  39.416   0.000   0.997   0.000   0.003
B M  1KQPA                140    0.125  24.999   0.000   0.996   0.000   0.004
B I  1KQPA                141    0.186  34.418   0.000   0.998   0.000   0.002
B A  1KQPA                142    0.071   7.869   0.000   0.998   0.000   0.002
B Q  1KQPA                143    0.066  11.710   0.000   0.996   0.000   0.004
B Y  1KQPA                144    0.242  51.622   0.000   0.997   0.000   0.003
E A  1KQPA                145    0.252  27.766   0.000   0.997   0.000   0.003
B I  1KQPA                146    0.117  21.700   0.000   0.984   0.000   0.016
B G  1KQPA                147    0.024   1.902   0.000   0.966   0.000   0.034
E G  1KQPA                148    0.429  33.767   0.000   0.954   0.000   0.046
E Q  1KQPA                149    0.724 129.355   0.000   0.896   0.000   0.104
E E  1KQPA                150    0.409  71.405   0.000   0.632   0.001   0.367
E G  1KQPA                151    0.395  31.099   0.000   0.007   0.006   0.988
B L  1KQPA                152    0.062  11.427   0.000   0.001   0.127   0.872
B L  1KQPA                153    0.086  15.656   0.000   0.000   0.925   0.075
B V  1KQPA                154    0.017   2.601   0.000   0.000   0.990   0.010
B L  1KQPA                155    0.016   2.844   0.000   0.000   0.944   0.056
B G  1KQPA                156    0.020   1.585   0.000   0.000   0.559   0.441
B T  1KQPA                157    0.030   4.140   0.000   0.000   0.123   0.876
B D  1KQPA                158    0.136  19.623   0.000   0.005   0.020   0.975
B H  1KQPA                159    0.146  26.485   0.000   0.085   0.025   0.890
B A  1KQPA                160    0.097  10.714   0.000   0.976   0.000   0.024
B A  1KQPA                161    0.065   7.165   0.000   0.986   0.000   0.013
B E  1KQPA                162    0.078  13.570   0.000   0.988   0.000   0.012
B A  1KQPA                163    0.118  12.955   0.000   0.958   0.000   0.041
B V  1KQPA                164    0.181  27.890   0.000   0.866   0.001   0.132
B T  1KQPA                165    0.134  18.655   0.000   0.633   0.002   0.365
E G  1KQPA                166    0.277  21.808   0.000   0.022   0.003   0.976
B F  1KQPA                167    0.152  30.451   0.000   0.028   0.032   0.941
B F  1KQPA                168    0.201  40.303   0.000   0.043   0.154   0.803
B T  1KQPA                169    0.147  20.395   0.000   0.068   0.113   0.819
E K  1KQPA                170    0.413  85.034   0.000   0.117   0.030   0.853
E Y  1KQPA                171    0.501 106.973   0.000   0.100   0.031   0.869
E G  1KQPA                172    0.267  21.041   0.000   0.057   0.032   0.911
E D  1KQPA                173    0.292  42.138   0.000   0.062   0.057   0.880
B G  1KQPA                174    0.204  16.059   0.000   0.130   0.055   0.814
B G  1KQPA                175    0.122   9.568   0.000   0.179   0.089   0.733
B A  1KQPA                176    0.103  11.368   0.000   0.171   0.191   0.638
B D  1KQPA                177    0.165  23.789   0.000   0.153   0.297   0.550
B L  1KQPA                178    0.053   9.792   0.000   0.093   0.384   0.523
B L  1KQPA                179    0.143  26.162   0.000   0.136   0.024   0.840
B P  1KQPA                180    0.073  10.349   0.000   0.216   0.019   0.765
B L  1KQPA                181    0.028   5.172   0.000   0.188   0.010   0.801
B T  1KQPA                182    0.163  22.569   0.000   0.083   0.008   0.909
E G  1KQPA                183    0.451  35.489   0.000   0.026   0.005   0.969
B L  1KQPA                184    0.056  10.230   0.000   0.001   0.025   0.973
E T  1KQPA                185    0.330  45.714   0.000   0.003   0.260   0.737
B K  1KQPA                186    0.212  43.675   0.000   0.983   0.000   0.017
E R  1KQPA                187    0.539 123.392   0.000   0.988   0.000   0.011
E Q  1KQPA                188    0.322  57.540   0.000   0.994   0.000   0.006
B G  1KQPA                189    0.006   0.497   0.000   0.997   0.000   0.003
E R  1KQPA                190    0.266  60.907   0.000   0.999   0.000   0.001
E T  1KQPA                191    0.414  57.413   0.000   0.998   0.000   0.002
B L  1KQPA                192    0.048   8.860   0.000   0.998   0.000   0.002
B L  1KQPA                193    0.015   2.690   0.000   0.998   0.000   0.002
E K  1KQPA                194    0.611 125.734   0.000   0.996   0.000   0.004
E E  1KQPA                195    0.571  99.811   0.000   0.974   0.000   0.026
B L  1KQPA                196    0.190  34.792   0.000   0.502   0.000   0.498
E G  1KQPA                197    0.693  54.502   0.000   0.003   0.000   0.997
B A  1KQPA                198    0.103  11.369   0.000   0.002   0.001   0.997
E P  1KQPA                199    0.315  44.752   0.000   0.010   0.002   0.989
E E  1KQPA                200    0.642 112.168   0.000   0.926   0.001   0.073
E R  1KQPA                201    0.602 137.843   0.000   0.976   0.001   0.023
B L  1KQPA                202    0.055   9.996   0.000   0.990   0.000   0.010
B Y  1KQPA                203    0.122  26.129   0.000   0.926   0.004   0.070
E L  1KQPA                204    0.544  99.541   0.000   0.566   0.006   0.427
E K  1KQPA                205    0.294  60.378   0.000   0.007   0.004   0.989
E E  1KQPA                206    0.662 115.635   0.000   0.001   0.019   0.980
B P  1KQPA                207    0.196  27.746   0.000   0.015   0.028   0.956
B T  1KQPA                208    0.224  31.043   0.000   0.021   0.045   0.934
E A  1KQPA                209    0.356  39.179   0.000   0.487   0.009   0.503
E D  1KQPA                210    0.419  60.345   0.000   0.519   0.008   0.474
B L  1KQPA                211    0.119  21.710   0.000   0.577   0.011   0.412
B L  1KQPA                212    0.228  41.734   0.000   0.378   0.033   0.589
E D  1KQPA                213    0.634  91.378   0.000   0.247   0.011   0.743
E E  1KQPA                214    0.666 116.264   0.000   0.179   0.006   0.815
E K  1KQPA                215    0.475  97.647   0.000   0.013   0.007   0.980
E P  1KQPA                216    0.600  85.132   0.000   0.042   0.003   0.955
E Q  1KQPA                217    0.670 119.744   0.000   0.049   0.007   0.944
E Q  1KQPA                218    0.279  49.754   0.000   0.052   0.042   0.906
E S  1KQPA                219    0.371  43.469   0.000   0.025   0.042   0.933
E D  1KQPA                220    0.414  59.652   0.000   0.095   0.017   0.888
E E  1KQPA                221    0.325  56.706   0.000   0.747   0.001   0.252
E T  1KQPA                222    0.679  94.160   0.000   0.795   0.001   0.204
E E  1KQPA                223    0.616 107.637   0.000   0.823   0.001   0.176
B L  1KQPA                224    0.159  29.086   0.000   0.717   0.001   0.282
E G  1KQPA                225    0.412  32.445   0.000   0.004   0.004   0.992
B I  1KQPA                226    0.108  19.924   0.000   0.002   0.061   0.937
E S  1KQPA                227    0.388  45.434   0.000   0.001   0.075   0.924
B Y  1KQPA                228    0.217  46.316   0.000   0.969   0.000   0.030
E D  1KQPA                229    0.674  97.128   0.000   0.990   0.000   0.010
E E  1KQPA                230    0.386  67.448   0.000   0.989   0.001   0.010
B I  1KQPA                231    0.022   3.996   0.000   0.989   0.000   0.011
B D  1KQPA                232    0.148  21.262   0.000   0.989   0.000   0.011
E D  1KQPA                233    0.435  62.720   0.000   0.987   0.000   0.012
B Y  1KQPA                234    0.168  35.900   0.000   0.975   0.000   0.025
B L  1KQPA                235    0.112  20.536   0.000   0.860   0.002   0.139
E E  1KQPA                236    0.577 100.725   0.000   0.269   0.003   0.728
E G  1KQPA                237    0.731  57.507   0.000   0.037   0.000   0.963
E K  1KQPA                238    0.488 100.319   0.000   0.011   0.005   0.985
E E  1KQPA                239    0.885 154.594   0.000   0.005   0.005   0.991
B V  1KQPA                240    0.211  32.361   0.000   0.004   0.005   0.991
E S  1KQPA                241    0.465  54.483   0.000   0.006   0.001   0.993
E A  1KQPA                242    0.675  74.369   0.000   0.963   0.000   0.037
E K  1KQPA                243    0.658 135.340   0.000   0.970   0.000   0.029
B V  1KQPA                244    0.108  16.581   0.000   0.986   0.000   0.014
B S  1KQPA                245    0.174  20.365   0.000   0.995   0.000   0.004
E E  1KQPA                246    0.555  96.947   0.000   0.997   0.000   0.003
E A  1KQPA                247    0.260  28.667   0.000   0.998   0.000   0.002
B L  1KQPA                248    0.048   8.785   0.000   0.998   0.000   0.002
E E  1KQPA                249    0.422  73.715   0.000   0.998   0.000   0.002
E K  1KQPA                250    0.564 116.023   0.000   0.996   0.000   0.004
B R  1KQPA                251    0.243  55.690   0.000   0.995   0.000   0.005
B Y  1KQPA                252    0.186  39.661   0.000   0.989   0.000   0.011
E S  1KQPA                253    0.528  61.897   0.000   0.969   0.000   0.031
E M  1KQPA                254    0.407  81.524   0.000   0.898   0.000   0.101
B T  1KQPA                255    0.110  15.279   0.000   0.514   0.003   0.484
E E  1KQPA                256    0.508  88.702   0.000   0.820   0.001   0.179
E H  1KQPA                257    0.355  64.545   0.000   0.673   0.007   0.320
B K  1KQPA                258    0.239  49.265   0.000   0.615   0.007   0.378
E R  1KQPA                259    0.363  83.194   0.000   0.369   0.016   0.615
E Q  1KQPA                260    0.614 109.741   0.000   0.156   0.013   0.831
E V  1KQPA                261    0.417  64.169   0.000   0.025   0.006   0.969
E P  1KQPA                262    0.471  66.898   0.000   0.033   0.005   0.962
E A  1KQPA                263    0.552  60.870   0.000   0.225   0.020   0.755
E S  1KQPA                264    0.551  64.617   0.000   0.202   0.021   0.777
E M  1KQPA                265    0.503 100.650   0.000   0.273   0.013   0.714
E F  1KQPA                266    0.576 115.503   0.000   0.240   0.012   0.748
E D  1KQPA                267    0.557  80.222   0.000   0.308   0.014   0.678
E D  1KQPA                268    0.753 108.536   0.000   0.396   0.008   0.596
E W  1KQPA                269    0.598 143.765   0.000   0.364   0.005   0.632
E W  1KQPA                270    0.661 158.919   0.000   0.132   0.004   0.864
E K  1KQPA                271    0.873 179.587   0.000   0.001   0.000   0.999
