# For publication of results, please cite:
# ...
# ... Michael Schantz Klausen, Martin Closter Jespersen, Henrik Nielsen, Kamilla Kjærgaard Jensen, 
# ... Vanessa Isabell Jurtz, Casper Kaae Sønderby, Morten Otto Alexander Sommer, Ole Winther, 
# ... Morten Nielsen, Bent Petersen, and Paolo Marcatili. 
# ... NetSurfP-2.0: Improved prediction of protein structural features by integrated deep learning.
# ... Proteins: Structure, Function, and Bioinformatics (Feb. 2019).
# ... https://doi.org/10.1002/prot.25674
# ...
#
# Column 1: Class assignment - B for buried or E for Exposed - Threshold: 25% exposure, but not based on RSA
# Column 2: Amino acid
# Column 3: Sequence name
# Column 4: Amino acid number
# Column 5: Relative Surface Accessibility - RSA
# Column 6: Absolute Surface Accessibility
# Column 7: Not used
# Column 8: Probability for Alpha-Helix
# Column 9: Probability for Beta-strand
# Column 10: Probability for Coil
E M  1XS6A                  1    0.512 102.487   0.000   0.000   0.003   0.997
E R  1XS6A                  2    0.506 115.772   0.000   0.000   0.772   0.228
B L  1XS6A                  3    0.084  15.404   0.000   0.001   0.603   0.397
E C  1XS6A                  4    0.263  36.858   0.000   0.002   0.182   0.817
E D  1XS6A                  5    0.373  53.681   0.000   0.987   0.000   0.013
E R  1XS6A                  6    0.682 156.234   0.000   0.986   0.000   0.013
E D  1XS6A                  7    0.445  64.116   0.000   0.983   0.001   0.016
B I  1XS6A                  8    0.011   2.040   0.000   0.997   0.000   0.003
E E  1XS6A                  9    0.412  71.922   0.000   0.998   0.000   0.002
E A  1XS6A                 10    0.419  46.214   0.000   0.997   0.000   0.002
B W  1XS6A                 11    0.146  35.173   0.000   0.998   0.000   0.002
B L  1XS6A                 12    0.150  27.541   0.000   0.998   0.000   0.002
E D  1XS6A                 13    0.790 113.770   0.000   0.993   0.000   0.007
E E  1XS6A                 14    0.667 116.487   0.000   0.324   0.000   0.676
E G  1XS6A                 15    0.532  41.902   0.000   0.002   0.000   0.998
E R  1XS6A                 16    0.464 106.190   0.000   0.001   0.005   0.995
B L  1XS6A                 17    0.060  10.945   0.000   0.001   0.293   0.706
E S  1XS6A                 18    0.376  44.070   0.000   0.000   0.796   0.204
B I  1XS6A                 19    0.140  25.938   0.000   0.000   0.770   0.230
E N  1XS6A                 20    0.545  79.851   0.000   0.000   0.511   0.489
E P  1XS6A                 21    0.362  51.315   0.000   0.000   0.130   0.870
E R  1XS6A                 22    0.540 123.615   0.000   0.001   0.017   0.983
E P  1XS6A                 23    0.281  39.929   0.000   0.003   0.001   0.996
E P  1XS6A                 24    0.495  70.292   0.000   0.066   0.007   0.927
E V  1XS6A                 25    0.519  79.697   0.000   0.903   0.002   0.096
E E  1XS6A                 26    0.795 138.817   0.000   0.927   0.001   0.072
E R  1XS6A                 27    0.355  81.243   0.000   0.912   0.003   0.085
B I  1XS6A                 28    0.141  26.004   0.000   0.061   0.312   0.628
E N  1XS6A                 29    0.512  74.893   0.000   0.024   0.094   0.882
E G  1XS6A                 30    0.436  34.274   0.000   0.058   0.067   0.875
B A  1XS6A                 31    0.179  19.753   0.000   0.039   0.062   0.898
B T  1XS6A                 32    0.106  14.640   0.000   0.004   0.572   0.425
B V  1XS6A                 33    0.046   7.031   0.000   0.001   0.983   0.016
B D  1XS6A                 34    0.135  19.409   0.000   0.000   0.995   0.005
B V  1XS6A                 35    0.010   1.595   0.000   0.000   0.996   0.004
B R  1XS6A                 36    0.245  56.080   0.000   0.000   0.997   0.003
B L  1XS6A                 37    0.073  13.389   0.000   0.000   0.954   0.045
B G  1XS6A                 38    0.163  12.836   0.000   0.001   0.056   0.943
E N  1XS6A                 39    0.505  74.005   0.000   0.001   0.017   0.982
E K  1XS6A                 40    0.387  79.630   0.000   0.001   0.932   0.067
B F  1XS6A                 41    0.081  16.255   0.000   0.000   0.993   0.007
B R  1XS6A                 42    0.235  53.822   0.000   0.000   0.996   0.004
B T  1XS6A                 43    0.171  23.668   0.000   0.000   0.989   0.011
B F  1XS6A                 44    0.189  37.936   0.000   0.002   0.903   0.096
E R  1XS6A                 45    0.555 127.006   0.000   0.006   0.598   0.397
E G  1XS6A                 46    0.541  42.571   0.000   0.016   0.084   0.900
E H  1XS6A                 47    0.661 120.309   0.000   0.019   0.029   0.952
E T  1XS6A                 48    0.618  85.756   0.000   0.017   0.095   0.888
E A  1XS6A                 49    0.345  37.973   0.000   0.014   0.563   0.423
B A  1XS6A                 50    0.202  22.257   0.000   0.010   0.676   0.315
E F  1XS6A                 51    0.348  69.895   0.000   0.010   0.778   0.212
B I  1XS6A                 52    0.122  22.543   0.000   0.004   0.790   0.207
E D  1XS6A                 53    0.412  59.367   0.000   0.002   0.485   0.513
B L  1XS6A                 54    0.193  35.263   0.000   0.009   0.045   0.946
E S  1XS6A                 55    0.640  74.996   0.000   0.008   0.020   0.971
E G  1XS6A                 56    0.340  26.768   0.000   0.012   0.071   0.917
E P  1XS6A                 57    0.604  85.762   0.000   0.048   0.014   0.939
E K  1XS6A                 58    0.602 123.808   0.000   0.613   0.009   0.378
E D  1XS6A                 59    0.750 108.101   0.000   0.688   0.010   0.302
E E  1XS6A                 60    0.622 108.607   0.000   0.756   0.024   0.220
B V  1XS6A                 61    0.162  24.938   0.000   0.784   0.020   0.196
E S  1XS6A                 62    0.324  38.013   0.000   0.818   0.012   0.171
E A  1XS6A                 63    0.521  57.384   0.000   0.928   0.004   0.068
B A  1XS6A                 64    0.219  24.152   0.000   0.925   0.003   0.072
B L  1XS6A                 65    0.148  27.110   0.000   0.886   0.015   0.099
E D  1XS6A                 66    0.674  97.146   0.000   0.825   0.012   0.163
E R  1XS6A                 67    0.653 149.490   0.000   0.668   0.015   0.317
B V  1XS6A                 68    0.203  31.142   0.000   0.371   0.080   0.548
E M  1XS6A                 69    0.315  63.065   0.000   0.133   0.436   0.431
E S  1XS6A                 70    0.429  50.281   0.000   0.028   0.671   0.300
E D  1XS6A                 71    0.529  76.209   0.000   0.007   0.833   0.160
E E  1XS6A                 72    0.611 106.770   0.000   0.003   0.921   0.076
B I  1XS6A                 73    0.200  37.079   0.000   0.001   0.946   0.053
E V  1XS6A                 74    0.587  90.289   0.000   0.001   0.927   0.072
B L  1XS6A                 75    0.126  23.012   0.000   0.007   0.427   0.566
E D  1XS6A                 76    0.672  96.847   0.000   0.014   0.087   0.899
E E  1XS6A                 77    0.721 125.978   0.000   0.021   0.011   0.968
E G  1XS6A                 78    0.626  49.255   0.000   0.012   0.012   0.977
E E  1XS6A                 79    0.533  93.182   0.000   0.009   0.067   0.924
E A  1XS6A                 80    0.352  38.831   0.000   0.002   0.225   0.773
B F  1XS6A                 81    0.126  25.241   0.000   0.000   0.976   0.024
E Y  1XS6A                 82    0.473 101.035   0.000   0.000   0.992   0.008
B L  1XS6A                 83    0.016   2.984   0.000   0.000   0.986   0.014
E H  1XS6A                 84    0.490  89.193   0.000   0.000   0.017   0.983
E P  1XS6A                 85    0.386  54.822   0.000   0.000   0.001   0.999
E G  1XS6A                 86    0.465  36.615   0.000   0.000   0.000   0.999
E E  1XS6A                 87    0.341  59.616   0.000   0.000   0.058   0.942
E L  1XS6A                 88    0.334  61.160   0.000   0.000   0.906   0.094
B A  1XS6A                 89    0.037   4.049   0.000   0.000   0.999   0.001
E L  1XS6A                 90    0.363  66.541   0.000   0.000   0.995   0.005
B A  1XS6A                 91    0.018   1.939   0.000   0.000   0.989   0.011
E V  1XS6A                 92    0.271  41.660   0.000   0.000   0.964   0.036
B T  1XS6A                 93    0.065   8.978   0.000   0.001   0.819   0.181
E L  1XS6A                 94    0.319  58.437   0.000   0.002   0.639   0.359
B E  1XS6A                 95    0.110  19.191   0.000   0.001   0.872   0.128
E S  1XS6A                 96    0.280  32.775   0.000   0.000   0.982   0.018
B V  1XS6A                 97    0.059   9.111   0.000   0.000   0.988   0.012
E T  1XS6A                 98    0.402  55.712   0.000   0.000   0.926   0.074
B L  1XS6A                 99    0.065  11.892   0.000   0.000   0.344   0.656
B P  1XS6A                100    0.232  32.943   0.000   0.000   0.154   0.845
E A  1XS6A                101    0.504  55.510   0.000   0.002   0.004   0.994
E D  1XS6A                102    0.450  64.900   0.000   0.001   0.008   0.991
B L  1XS6A                103    0.088  16.157   0.000   0.001   0.893   0.107
B V  1XS6A                104    0.181  27.809   0.000   0.000   0.993   0.007
B G  1XS6A                105    0.033   2.618   0.000   0.000   0.997   0.003
E W  1XS6A                106    0.332  79.734   0.000   0.000   0.998   0.002
B L  1XS6A                107    0.031   5.662   0.000   0.000   0.994   0.006
E D  1XS6A                108    0.374  53.899   0.000   0.000   0.907   0.093
B G  1XS6A                109    0.136  10.702   0.000   0.027   0.467   0.506
E R  1XS6A                110    0.448 102.627   0.000   0.613   0.024   0.363
E S  1XS6A                111    0.685  80.332   0.000   0.938   0.000   0.062
E S  1XS6A                112    0.419  49.077   0.000   0.975   0.000   0.025
B L  1XS6A                113    0.108  19.817   0.000   0.990   0.000   0.010
E A  1XS6A                114    0.389  42.911   0.000   0.990   0.000   0.010
E R  1XS6A                115    0.756 173.218   0.000   0.938   0.000   0.062
E L  1XS6A                116    0.416  76.241   0.000   0.450   0.001   0.550
E G  1XS6A                117    0.426  33.564   0.000   0.006   0.004   0.990
B L  1XS6A                118    0.129  23.573   0.000   0.002   0.240   0.759
E M  1XS6A                119    0.450  90.102   0.000   0.003   0.738   0.259
B V  1XS6A                120    0.190  29.142   0.000   0.003   0.561   0.436
E H  1XS6A                121    0.459  83.513   0.000   0.002   0.624   0.373
E V  1XS6A                122    0.308  47.331   0.000   0.002   0.428   0.570
E T  1XS6A                123    0.349  48.440   0.000   0.003   0.312   0.686
E A  1XS6A                124    0.371  40.864   0.000   0.010   0.168   0.822
E H  1XS6A                125    0.523  95.074   0.000   0.006   0.132   0.862
E R  1XS6A                126    0.514 117.627   0.000   0.004   0.649   0.347
B I  1XS6A                127    0.131  24.299   0.000   0.001   0.631   0.369
E D  1XS6A                128    0.465  67.029   0.000   0.000   0.033   0.967
E P  1XS6A                129    0.436  61.865   0.000   0.005   0.007   0.988
E G  1XS6A                130    0.498  39.202   0.000   0.014   0.013   0.973
B W  1XS6A                131    0.244  58.700   0.000   0.030   0.138   0.832
E S  1XS6A                132    0.450  52.735   0.000   0.003   0.589   0.409
E G  1XS6A                133    0.264  20.764   0.000   0.003   0.529   0.468
E C  1XS6A                134    0.305  42.884   0.000   0.001   0.769   0.230
B I  1XS6A                135    0.049   9.068   0.000   0.000   0.938   0.062
B V  1XS6A                136    0.221  33.907   0.000   0.000   0.983   0.017
B L  1XS6A                137    0.022   4.050   0.000   0.000   0.994   0.006
B A  1XS6A                138    0.110  12.169   0.000   0.000   0.991   0.008
B F  1XS6A                139    0.019   3.821   0.000   0.000   0.995   0.005
E Y  1XS6A                140    0.278  59.392   0.000   0.000   0.995   0.005
B N  1XS6A                141    0.058   8.469   0.000   0.000   0.912   0.088
E S  1XS6A                142    0.378  44.329   0.000   0.002   0.039   0.960
B G  1XS6A                143    0.158  12.423   0.000   0.001   0.014   0.985
E K  1XS6A                144    0.831 170.962   0.000   0.000   0.001   0.999
E L  1XS6A                145    0.519  95.091   0.000   0.000   0.004   0.996
E P  1XS6A                146    0.470  66.655   0.000   0.000   0.007   0.993
B L  1XS6A                147    0.096  17.489   0.000   0.000   0.954   0.046
E A  1XS6A                148    0.340  37.440   0.000   0.000   0.985   0.015
B L  1XS6A                149    0.023   4.203   0.000   0.000   0.966   0.034
E R  1XS6A                150    0.506 115.903   0.000   0.000   0.030   0.970
E P  1XS6A                151    0.370  52.481   0.000   0.000   0.003   0.997
E G  1XS6A                152    0.463  36.443   0.000   0.000   0.001   0.999
B M  1XS6A                153    0.241  48.192   0.000   0.000   0.012   0.987
E L  1XS6A                154    0.274  50.216   0.000   0.000   0.961   0.038
B I  1XS6A                155    0.024   4.504   0.000   0.001   0.962   0.038
B G  1XS6A                156    0.014   1.091   0.000   0.000   0.988   0.012
B A  1XS6A                157    0.080   8.807   0.000   0.000   0.993   0.007
B L  1XS6A                158    0.024   4.319   0.000   0.000   0.998   0.002
B S  1XS6A                159    0.111  13.048   0.000   0.000   0.998   0.002
B F  1XS6A                160    0.069  13.782   0.000   0.000   0.996   0.004
E E  1XS6A                161    0.325  56.817   0.000   0.000   0.993   0.007
E P  1XS6A                162    0.421  59.796   0.000   0.000   0.983   0.017
E L  1XS6A                163    0.365  66.849   0.000   0.000   0.123   0.876
E S  1XS6A                164    0.877 102.824   0.000   0.001   0.021   0.978
E G  1XS6A                165    0.593  46.696   0.000   0.002   0.016   0.982
E P  1XS6A                166    0.825 117.069   0.000   0.002   0.005   0.993
E A  1XS6A                167    0.629  69.308   0.000   0.002   0.010   0.988
E V  1XS6A                168    0.741 113.954   0.000   0.002   0.015   0.983
E R  1XS6A                169    0.722 165.399   0.000   0.002   0.010   0.988
E P  1XS6A                170    0.654  92.784   0.000   0.008   0.007   0.984
E Y  1XS6A                171    0.712 152.154   0.000   0.031   0.006   0.963
E N  1XS6A                172    0.770 112.670   0.000   0.036   0.004   0.961
E R  1XS6A                173    0.734 168.139   0.000   0.034   0.007   0.959
E R  1XS6A                174    0.683 156.398   0.000   0.035   0.005   0.959
E E  1XS6A                175    0.838 146.356   0.000   0.037   0.002   0.961
E D  1XS6A                176    0.846 121.956   0.000   0.033   0.001   0.966
E A  1XS6A                177    0.588  64.786   0.000   0.024   0.004   0.972
E K  1XS6A                178    0.721 148.317   0.000   0.011   0.007   0.982
E Y  1XS6A                179    0.680 145.227   0.000   0.010   0.007   0.983
E R  1XS6A                180    0.696 159.338   0.000   0.004   0.005   0.992
E N  1XS6A                181    0.808 118.299   0.000   0.003   0.002   0.995
E Q  1XS6A                182    0.639 114.094   0.000   0.004   0.004   0.992
E Q  1XS6A                183    0.819 146.344   0.000   0.003   0.004   0.993
E G  1XS6A                184    0.625  49.177   0.000   0.003   0.004   0.993
E A  1XS6A                185    0.585  64.489   0.000   0.001   0.008   0.991
E V  1XS6A                186    0.710 109.110   0.000   0.001   0.013   0.987
E A  1XS6A                187    0.674  74.228   0.000   0.001   0.010   0.988
E S  1XS6A                188    0.561  65.741   0.000   0.001   0.005   0.994
E R  1XS6A                189    0.751 171.874   0.000   0.002   0.005   0.993
E I  1XS6A                190    0.712 131.739   0.000   0.002   0.003   0.996
E D  1XS6A                191    0.840 121.090   0.000   0.001   0.001   0.998
E K  1XS6A                192    0.852 175.244   0.000   0.000   0.000   0.999
E D  1XS6A                193    0.965 139.024   0.000   0.000   0.000   1.000
