# For publication of results, please cite:
# ...
# ... Michael Schantz Klausen, Martin Closter Jespersen, Henrik Nielsen, Kamilla Kjærgaard Jensen, 
# ... Vanessa Isabell Jurtz, Casper Kaae Sønderby, Morten Otto Alexander Sommer, Ole Winther, 
# ... Morten Nielsen, Bent Petersen, and Paolo Marcatili. 
# ... NetSurfP-2.0: Improved prediction of protein structural features by integrated deep learning.
# ... Proteins: Structure, Function, and Bioinformatics (Feb. 2019).
# ... https://doi.org/10.1002/prot.25674
# ...
#
# Column 1: Class assignment - B for buried or E for Exposed - Threshold: 25% exposure, but not based on RSA
# Column 2: Amino acid
# Column 3: Sequence name
# Column 4: Amino acid number
# Column 5: Relative Surface Accessibility - RSA
# Column 6: Absolute Surface Accessibility
# Column 7: Not used
# Column 8: Probability for Alpha-Helix
# Column 9: Probability for Beta-strand
# Column 10: Probability for Coil
E G  3EB6B                  1    0.932  73.347   0.000   0.001   0.000   0.999
E S  3EB6B                  2    0.712  83.501   0.000   0.120   0.001   0.879
E M  3EB6B                  3    0.603 120.684   0.000   0.570   0.002   0.428
B A  3EB6B                  4    0.242  26.634   0.000   0.828   0.001   0.171
E L  3EB6B                  5    0.326  59.630   0.000   0.857   0.002   0.140
E K  3EB6B                  6    0.575 118.305   0.000   0.938   0.001   0.061
E R  3EB6B                  7    0.422  96.726   0.000   0.952   0.002   0.046
B I  3EB6B                  8    0.076  14.100   0.000   0.981   0.001   0.018
E H  3EB6B                  9    0.432  78.501   0.000   0.991   0.000   0.009
E K  3EB6B                 10    0.550 113.236   0.000   0.995   0.000   0.005
B E  3EB6B                 11    0.154  26.949   0.000   0.994   0.000   0.006
B L  3EB6B                 12    0.111  20.249   0.000   0.991   0.000   0.009
E N  3EB6B                 13    0.508  74.401   0.000   0.988   0.000   0.012
E D  3EB6B                 14    0.449  64.761   0.000   0.976   0.000   0.023
B L  3EB6B                 15    0.076  13.912   0.000   0.976   0.000   0.023
E A  3EB6B                 16    0.383  42.198   0.000   0.921   0.001   0.078
E R  3EB6B                 17    0.735 168.318   0.000   0.753   0.001   0.246
E D  3EB6B                 18    0.705 101.557   0.000   0.005   0.006   0.990
E P  3EB6B                 19    0.396  56.126   0.000   0.005   0.001   0.994
E P  3EB6B                 20    0.280  39.768   0.000   0.037   0.002   0.961
E A  3EB6B                 21    0.809  89.108   0.000   0.047   0.009   0.944
E Q  3EB6B                 22    0.452  80.662   0.000   0.041   0.023   0.936
B C  3EB6B                 23    0.083  11.629   0.000   0.000   0.823   0.176
E S  3EB6B                 24    0.423  49.568   0.000   0.000   0.994   0.006
B A  3EB6B                 25    0.187  20.650   0.000   0.000   0.989   0.011
B G  3EB6B                 26    0.210  16.535   0.000   0.000   0.991   0.009
E P  3EB6B                 27    0.394  55.843   0.000   0.000   0.970   0.030
E V  3EB6B                 28    0.388  59.670   0.000   0.000   0.788   0.212
E G  3EB6B                 29    0.639  50.289   0.000   0.008   0.070   0.922
E D  3EB6B                 30    0.885 127.547   0.000   0.006   0.002   0.992
E D  3EB6B                 31    0.375  54.009   0.000   0.016   0.312   0.672
B M  3EB6B                 32    0.114  22.771   0.000   0.018   0.263   0.718
B F  3EB6B                 33    0.193  38.804   0.000   0.017   0.367   0.616
E H  3EB6B                 34    0.280  50.937   0.000   0.008   0.918   0.075
B W  3EB6B                 35    0.036   8.601   0.000   0.001   0.988   0.012
E Q  3EB6B                 36    0.280  50.078   0.000   0.000   0.995   0.004
B A  3EB6B                 37    0.010   1.126   0.000   0.000   0.999   0.001
B T  3EB6B                 38    0.189  26.216   0.000   0.000   0.998   0.002
B I  3EB6B                 39    0.023   4.269   0.000   0.000   0.994   0.006
E M  3EB6B                 40    0.275  55.009   0.000   0.000   0.953   0.047
B G  3EB6B                 41    0.058   4.593   0.000   0.000   0.201   0.799
B P  3EB6B                 42    0.190  26.959   0.000   0.003   0.131   0.867
E N  3EB6B                 43    0.761 111.423   0.000   0.003   0.001   0.996
E D  3EB6B                 44    0.912 131.377   0.000   0.004   0.000   0.996
B S  3EB6B                 45    0.065   7.597   0.000   0.005   0.003   0.992
E P  3EB6B                 46    0.253  35.905   0.000   0.278   0.001   0.720
B Y  3EB6B                 47    0.069  14.667   0.000   0.161   0.008   0.831
E Q  3EB6B                 48    0.596 106.458   0.000   0.025   0.017   0.958
E G  3EB6B                 49    0.622  48.987   0.000   0.033   0.013   0.954
B G  3EB6B                 50    0.144  11.322   0.000   0.012   0.113   0.875
B V  3EB6B                 51    0.239  36.782   0.000   0.000   0.969   0.031
B F  3EB6B                 52    0.039   7.861   0.000   0.000   0.996   0.004
E F  3EB6B                 53    0.335  67.145   0.000   0.000   0.994   0.006
B L  3EB6B                 54    0.019   3.527   0.000   0.000   0.991   0.009
B T  3EB6B                 55    0.223  30.958   0.000   0.000   0.996   0.004
B I  3EB6B                 56    0.021   3.955   0.000   0.000   0.992   0.008
E H  3EB6B                 57    0.391  71.172   0.000   0.000   0.976   0.024
B F  3EB6B                 58    0.033   6.591   0.000   0.000   0.333   0.667
B P  3EB6B                 59    0.162  22.926   0.000   0.001   0.160   0.839
E T  3EB6B                 60    0.679  94.111   0.000   0.005   0.001   0.994
E D  3EB6B                 61    0.764 110.117   0.000   0.002   0.002   0.996
B Y  3EB6B                 62    0.143  30.619   0.000   0.003   0.035   0.963
B P  3EB6B                 63    0.221  31.309   0.000   0.001   0.006   0.993
E F  3EB6B                 64    0.447  89.680   0.000   0.001   0.007   0.992
E K  3EB6B                 65    0.633 130.232   0.000   0.000   0.020   0.980
E P  3EB6B                 66    0.277  39.300   0.000   0.000   0.001   0.999
B P  3EB6B                 67    0.064   9.096   0.000   0.000   0.017   0.983
E K  3EB6B                 68    0.537 110.554   0.000   0.000   0.930   0.070
B V  3EB6B                 69    0.066  10.096   0.000   0.000   0.988   0.012
B A  3EB6B                 70    0.234  25.795   0.000   0.000   0.993   0.007
B F  3EB6B                 71    0.097  19.457   0.000   0.000   0.944   0.056
E T  3EB6B                 72    0.377  52.244   0.000   0.003   0.576   0.421
B T  3EB6B                 73    0.192  26.567   0.000   0.002   0.240   0.758
E R  3EB6B                 74    0.562 128.693   0.000   0.004   0.067   0.928
B I  3EB6B                 75    0.142  26.230   0.000   0.001   0.069   0.930
B Y  3EB6B                 76    0.235  50.216   0.000   0.004   0.250   0.746
B H  3EB6B                 77    0.089  16.271   0.000   0.006   0.095   0.899
B P  3EB6B                 78    0.153  21.655   0.000   0.074   0.033   0.893
B N  3EB6B                 79    0.109  16.024   0.000   0.031   0.078   0.890
B I  3EB6B                 80    0.050   9.294   0.000   0.000   0.964   0.036
E N  3EB6B                 81    0.273  39.907   0.000   0.000   0.043   0.956
E S  3EB6B                 82    0.641  75.145   0.000   0.001   0.002   0.997
E N  3EB6B                 83    0.712 104.287   0.000   0.001   0.001   0.998
B G  3EB6B                 84    0.118   9.308   0.000   0.002   0.003   0.995
E S  3EB6B                 85    0.289  33.876   0.000   0.001   0.129   0.870
B I  3EB6B                 86    0.058  10.693   0.000   0.001   0.955   0.044
B C  3EB6B                 87    0.112  15.687   0.000   0.004   0.160   0.836
B L  3EB6B                 88    0.173  31.753   0.000   0.559   0.011   0.430
E D  3EB6B                 89    0.527  75.980   0.000   0.783   0.006   0.211
B I  3EB6B                 90    0.185  34.134   0.000   0.818   0.004   0.179
B L  3EB6B                 91    0.153  27.957   0.000   0.625   0.012   0.363
E R  3EB6B                 92    0.533 122.034   0.000   0.290   0.009   0.701
E S  3EB6B                 93    0.710  83.163   0.000   0.186   0.002   0.812
E Q  3EB6B                 94    0.700 124.953   0.000   0.094   0.004   0.901
B W  3EB6B                 95    0.179  43.140   0.000   0.030   0.024   0.946
E S  3EB6B                 96    0.407  47.646   0.000   0.001   0.007   0.992
E P  3EB6B                 97    0.314  44.614   0.000   0.007   0.005   0.987
E A  3EB6B                 98    0.563  62.037   0.000   0.019   0.009   0.972
B L  3EB6B                 99    0.183  33.523   0.000   0.012   0.029   0.960
E T  3EB6B                100    0.250  34.731   0.000   0.003   0.654   0.342
B I  3EB6B                101    0.043   7.983   0.000   0.990   0.000   0.009
B S  3EB6B                102    0.237  27.810   0.000   0.999   0.000   0.001
E K  3EB6B                103    0.445  91.561   0.000   0.999   0.000   0.001
B V  3EB6B                104    0.021   3.242   0.000   0.999   0.000   0.001
B L  3EB6B                105    0.026   4.788   0.000   0.999   0.000   0.001
E L  3EB6B                106    0.322  59.043   0.000   0.999   0.000   0.001
B S  3EB6B                107    0.198  23.223   0.000   0.998   0.000   0.002
B I  3EB6B                108    0.011   2.020   0.000   0.999   0.000   0.001
B C  3EB6B                109    0.125  17.582   0.000   0.999   0.000   0.001
E S  3EB6B                110    0.425  49.861   0.000   0.993   0.000   0.007
B L  3EB6B                111    0.113  20.686   0.000   0.982   0.000   0.018
B L  3EB6B                112    0.041   7.582   0.000   0.916   0.001   0.083
E C  3EB6B                113    0.374  52.575   0.000   0.709   0.002   0.289
E D  3EB6B                114    0.588  84.754   0.000   0.006   0.007   0.987
E P  3EB6B                115    0.438  62.219   0.000   0.002   0.009   0.989
E N  3EB6B                116    0.535  78.302   0.000   0.001   0.004   0.996
E P  3EB6B                117    0.396  56.190   0.000   0.001   0.000   0.998
E D  3EB6B                118    0.840 121.061   0.000   0.004   0.000   0.996
E D  3EB6B                119    0.328  47.196   0.000   0.002   0.009   0.989
E P  3EB6B                120    0.335  47.478   0.000   0.030   0.020   0.950
B L  3EB6B                121    0.185  33.941   0.000   0.052   0.026   0.922
B V  3EB6B                122    0.160  24.546   0.000   0.124   0.002   0.874
E P  3EB6B                123    0.414  58.716   0.000   0.951   0.000   0.049
E E  3EB6B                124    0.579 101.119   0.000   0.981   0.000   0.019
B I  3EB6B                125    0.041   7.627   0.000   0.991   0.000   0.009
B A  3EB6B                126    0.054   5.919   0.000   0.996   0.000   0.004
E R  3EB6B                127    0.585 133.890   0.000   0.992   0.000   0.008
E I  3EB6B                128    0.260  48.010   0.000   0.991   0.000   0.008
B Y  3EB6B                129    0.093  19.896   0.000   0.987   0.000   0.013
E K  3EB6B                130    0.503 103.521   0.000   0.943   0.000   0.057
E T  3EB6B                131    0.721 100.013   0.000   0.887   0.000   0.113
E D  3EB6B                132    0.458  66.004   0.000   0.011   0.000   0.989
E R  3EB6B                133    0.492 112.677   0.000   0.987   0.000   0.013
E E  3EB6B                134    0.755 131.930   0.000   0.997   0.000   0.003
E K  3EB6B                135    0.457  93.973   0.000   0.997   0.000   0.003
B Y  3EB6B                136    0.040   8.523   0.000   0.999   0.000   0.001
E N  3EB6B                137    0.314  46.006   0.000   0.999   0.000   0.001
E R  3EB6B                138    0.566 129.656   0.000   0.999   0.000   0.001
B I  3EB6B                139    0.200  37.075   0.000   0.999   0.000   0.001
B A  3EB6B                140    0.011   1.232   0.000   0.999   0.000   0.001
E R  3EB6B                141    0.453 103.660   0.000   0.998   0.000   0.002
E E  3EB6B                142    0.539  94.242   0.000   0.996   0.000   0.004
B W  3EB6B                143    0.128  30.766   0.000   0.991   0.000   0.009
B T  3EB6B                144    0.064   8.871   0.000   0.985   0.000   0.015
E Q  3EB6B                145    0.621 110.855   0.000   0.958   0.000   0.041
E K  3EB6B                146    0.628 129.215   0.000   0.898   0.000   0.102
E Y  3EB6B                147    0.350  74.791   0.000   0.616   0.001   0.383
E A  3EB6B                148    0.397  43.765   0.000   0.187   0.014   0.799
E M  3EB6B                149    0.830 166.110   0.000   0.002   0.000   0.998
