# For publication of results, please cite:
# ...
# ... Michael Schantz Klausen, Martin Closter Jespersen, Henrik Nielsen, Kamilla Kjærgaard Jensen, 
# ... Vanessa Isabell Jurtz, Casper Kaae Sønderby, Morten Otto Alexander Sommer, Ole Winther, 
# ... Morten Nielsen, Bent Petersen, and Paolo Marcatili. 
# ... NetSurfP-2.0: Improved prediction of protein structural features by integrated deep learning.
# ... Proteins: Structure, Function, and Bioinformatics (Feb. 2019).
# ... https://doi.org/10.1002/prot.25674
# ...
#
# Column 1: Class assignment - B for buried or E for Exposed - Threshold: 25% exposure, but not based on RSA
# Column 2: Amino acid
# Column 3: Sequence name
# Column 4: Amino acid number
# Column 5: Relative Surface Accessibility - RSA
# Column 6: Absolute Surface Accessibility
# Column 7: Not used
# Column 8: Probability for Alpha-Helix
# Column 9: Probability for Beta-strand
# Column 10: Probability for Coil
E Q  2J8WB                  1    0.926 165.467   0.000   0.001   0.000   0.999
E F  2J8WB                  2    0.768 154.116   0.000   0.016   0.002   0.983
E Q  2J8WB                  3    0.785 140.248   0.000   0.020   0.003   0.977
E K  2J8WB                  4    0.646 132.898   0.000   0.006   0.001   0.993
E P  2J8WB                  5    0.528  74.886   0.000   0.352   0.001   0.647
E G  2J8WB                  6    0.577  45.424   0.000   0.418   0.004   0.578
E D  2J8WB                  7    0.571  82.258   0.000   0.570   0.002   0.428
B A  2J8WB                  8    0.182  20.072   0.000   0.967   0.000   0.032
B I  2J8WB                  9    0.229  42.439   0.000   0.979   0.001   0.020
E E  2J8WB                 10    0.563  98.312   0.000   0.996   0.000   0.003
E Y  2J8WB                 11    0.444  94.897   0.000   0.997   0.000   0.003
B R  2J8WB                 12    0.243  55.651   0.000   0.998   0.000   0.002
E Q  2J8WB                 13    0.394  70.422   0.000   0.997   0.000   0.003
E S  2J8WB                 14    0.452  52.932   0.000   0.995   0.000   0.005
B A  2J8WB                 15    0.207  22.830   0.000   0.996   0.000   0.004
B F  2J8WB                 16    0.217  43.596   0.000   0.994   0.000   0.006
E T  2J8WB                 17    0.448  62.129   0.000   0.998   0.000   0.002
E L  2J8WB                 18    0.367  67.121   0.000   0.997   0.000   0.003
B I  2J8WB                 19    0.190  35.091   0.000   0.996   0.000   0.004
B A  2J8WB                 20    0.243  26.832   0.000   0.992   0.000   0.008
E N  2J8WB                 21    0.641  93.796   0.000   0.964   0.000   0.036
E H  2J8WB                 22    0.341  62.059   0.000   0.890   0.000   0.110
E F  2J8WB                 23    0.250  50.263   0.000   0.904   0.000   0.096
E G  2J8WB                 24    0.342  26.885   0.000   0.965   0.000   0.034
E R  2J8WB                 25    0.494 113.209   0.000   0.931   0.002   0.068
B V  2J8WB                 26    0.169  26.010   0.000   0.961   0.000   0.039
B A  2J8WB                 27    0.198  21.787   0.000   0.994   0.000   0.006
B A  2J8WB                 28    0.195  21.500   0.000   0.993   0.000   0.007
E M  2J8WB                 29    0.306  61.173   0.000   0.989   0.000   0.011
E A  2J8WB                 30    0.283  31.182   0.000   0.918   0.000   0.082
E Q  2J8WB                 31    0.617 110.130   0.000   0.142   0.002   0.856
E G  2J8WB                 32    0.665  52.300   0.000   0.007   0.000   0.993
E K  2J8WB                 33    0.764 157.080   0.000   0.001   0.001   0.998
E A  2J8WB                 34    0.306  33.753   0.000   0.000   0.005   0.994
E P  2J8WB                 35    0.739 104.869   0.000   0.001   0.003   0.996
E F  2J8WB                 36    0.318  63.884   0.000   0.004   0.008   0.988
E D  2J8WB                 37    0.554  79.807   0.000   0.010   0.001   0.989
E A  2J8WB                 38    0.484  53.307   0.000   0.961   0.000   0.039
E K  2J8WB                 39    0.706 145.123   0.000   0.993   0.000   0.007
E V  2J8WB                 40    0.284  43.625   0.000   0.994   0.000   0.006
B A  2J8WB                 41    0.107  11.820   0.000   0.997   0.000   0.003
E A  2J8WB                 42    0.362  39.868   0.000   0.998   0.000   0.002
E E  2J8WB                 43    0.614 107.280   0.000   0.996   0.000   0.004
B N  2J8WB                 44    0.240  35.103   0.000   0.993   0.000   0.007
B I  2J8WB                 45    0.140  25.928   0.000   0.998   0.000   0.002
E A  2J8WB                 46    0.442  48.675   0.000   0.998   0.000   0.002
E L  2J8WB                 47    0.395  72.326   0.000   0.996   0.000   0.004
B V  2J8WB                 48    0.102  15.604   0.000   0.994   0.000   0.006
E S  2J8WB                 49    0.313  36.696   0.000   0.976   0.000   0.024
E T  2J8WB                 50    0.579  80.366   0.000   0.905   0.000   0.095
E L  2J8WB                 51    0.278  50.896   0.000   0.842   0.000   0.158
B S  2J8WB                 52    0.202  23.696   0.000   0.538   0.002   0.461
E K  2J8WB                 53    0.703 144.509   0.000   0.237   0.003   0.760
E L  2J8WB                 54    0.296  54.236   0.000   0.098   0.005   0.897
E P  2J8WB                 55    0.384  54.429   0.000   0.159   0.024   0.817
E L  2J8WB                 56    0.404  73.978   0.000   0.843   0.005   0.152
E T  2J8WB                 57    0.654  90.760   0.000   0.858   0.003   0.139
E A  2J8WB                 58    0.308  33.904   0.000   0.874   0.002   0.124
B F  2J8WB                 59    0.207  41.541   0.000   0.550   0.020   0.431
B G  2J8WB                 60    0.211  16.625   0.000   0.008   0.005   0.986
E P  2J8WB                 61    0.732 103.878   0.000   0.036   0.007   0.957
E G  2J8WB                 62    0.639  50.318   0.000   0.067   0.005   0.928
E T  2J8WB                 63    0.291  40.388   0.000   0.118   0.045   0.838
E D  2J8WB                 64    0.614  88.413   0.000   0.101   0.046   0.853
E K  2J8WB                 65    0.642 132.076   0.000   0.075   0.044   0.882
E G  2J8WB                 66    0.450  35.377   0.000   0.120   0.020   0.860
E H  2J8WB                 67    0.712 129.558   0.000   0.078   0.022   0.901
E G  2J8WB                 68    0.603  47.484   0.000   0.083   0.024   0.893
E T  2J8WB                 69    0.344  47.659   0.000   0.051   0.103   0.847
E E  2J8WB                 70    0.667 116.578   0.000   0.209   0.052   0.738
B A  2J8WB                 71    0.194  21.414   0.000   0.312   0.041   0.646
E K  2J8WB                 72    0.344  70.754   0.000   0.607   0.005   0.388
E P  2J8WB                 73    0.495  70.258   0.000   0.852   0.005   0.143
E A  2J8WB                 74    0.391  43.093   0.000   0.899   0.005   0.096
B V  2J8WB                 75    0.119  18.227   0.000   0.938   0.001   0.061
E W  2J8WB                 76    0.280  67.345   0.000   0.871   0.003   0.126
E S  2J8WB                 77    0.710  83.206   0.000   0.738   0.000   0.261
E D  2J8WB                 78    0.530  76.337   0.000   0.031   0.001   0.969
E A  2J8WB                 79    0.364  40.133   0.000   0.967   0.000   0.033
E A  2J8WB                 80    0.682  75.179   0.000   0.990   0.000   0.010
E G  2J8WB                 81    0.260  20.491   0.000   0.986   0.000   0.014
B F  2J8WB                 82    0.073  14.686   0.000   0.998   0.000   0.002
E K  2J8WB                 83    0.466  95.940   0.000   0.999   0.000   0.001
E A  2J8WB                 84    0.465  51.212   0.000   0.999   0.000   0.001
B A  2J8WB                 85    0.166  18.341   0.000   0.999   0.000   0.001
B A  2J8WB                 86    0.066   7.304   0.000   0.999   0.000   0.001
E D  2J8WB                 87    0.628  90.513   0.000   0.999   0.000   0.001
E K  2J8WB                 88    0.588 120.886   0.000   0.999   0.000   0.001
B F  2J8WB                 89    0.143  28.629   0.000   0.999   0.000   0.001
B A  2J8WB                 90    0.218  23.986   0.000   1.000   0.000   0.000
E A  2J8WB                 91    0.455  50.093   0.000   1.000   0.000   0.000
B A  2J8WB                 92    0.185  20.358   0.000   1.000   0.000   0.000
B V  2J8WB                 93    0.061   9.448   0.000   0.999   0.000   0.001
E D  2J8WB                 94    0.552  79.563   0.000   0.999   0.000   0.001
E K  2J8WB                 95    0.585 120.249   0.000   0.998   0.000   0.002
B L  2J8WB                 96    0.106  19.421   0.000   0.998   0.000   0.002
E D  2J8WB                 97    0.295  42.542   0.000   0.998   0.000   0.002
E A  2J8WB                 98    0.444  48.924   0.000   0.996   0.000   0.004
B A  2J8WB                 99    0.212  23.336   0.000   0.988   0.000   0.012
B G  2J8WB                100    0.157  12.332   0.000   0.948   0.000   0.052
E K  2J8WB                101    0.714 146.912   0.000   0.908   0.000   0.091
E T  2J8WB                102    0.727 100.780   0.000   0.589   0.001   0.411
E G  2J8WB                103    0.518  40.737   0.000   0.005   0.000   0.994
E D  2J8WB                104    0.566  81.534   0.000   0.003   0.001   0.996
E F  2J8WB                105    0.383  76.968   0.000   0.961   0.000   0.039
E A  2J8WB                106    0.623  68.709   0.000   0.994   0.000   0.006
E Q  2J8WB                107    0.518  92.462   0.000   0.996   0.000   0.004
B I  2J8WB                108    0.045   8.282   0.000   0.999   0.000   0.001
E K  2J8WB                109    0.478  98.371   0.000   0.999   0.000   0.001
E A  2J8WB                110    0.500  55.079   0.000   0.998   0.000   0.002
B A  2J8WB                111    0.162  17.798   0.000   0.996   0.000   0.004
B V  2J8WB                112    0.089  13.693   0.000   0.994   0.000   0.006
E G  2J8WB                113    0.468  36.833   0.000   0.978   0.000   0.022
E E  2J8WB                114    0.641 112.008   0.000   0.959   0.000   0.041
B T  2J8WB                115    0.144  20.038   0.000   0.948   0.001   0.051
B G  2J8WB                116    0.222  17.469   0.000   0.948   0.000   0.052
E G  2J8WB                117    0.495  38.927   0.000   0.938   0.001   0.062
E A  2J8WB                118    0.330  36.420   0.000   0.962   0.000   0.038
B C  2J8WB                119    0.124  17.410   0.000   0.912   0.001   0.086
E K  2J8WB                120    0.481  98.903   0.000   0.953   0.001   0.046
E G  2J8WB                121    0.457  35.993   0.000   0.975   0.000   0.025
B C  2J8WB                122    0.228  32.069   0.000   0.946   0.000   0.053
B H  2J8WB                123    0.148  26.920   0.000   0.964   0.001   0.035
E D  2J8WB                124    0.612  88.228   0.000   0.966   0.000   0.033
E K  2J8WB                125    0.637 131.101   0.000   0.927   0.001   0.072
E F  2J8WB                126    0.302  60.551   0.000   0.783   0.003   0.214
E K  2J8WB                127    0.494 101.580   0.000   0.350   0.051   0.599
E E  2J8WB                128    0.798 139.475   0.000   0.121   0.013   0.866
E K  2J8WB                129    0.878 180.613   0.000   0.004   0.000   0.995
