# For publication of results, please cite:
# ...
# ... Michael Schantz Klausen, Martin Closter Jespersen, Henrik Nielsen, Kamilla Kjærgaard Jensen, 
# ... Vanessa Isabell Jurtz, Casper Kaae Sønderby, Morten Otto Alexander Sommer, Ole Winther, 
# ... Morten Nielsen, Bent Petersen, and Paolo Marcatili. 
# ... NetSurfP-2.0: Improved prediction of protein structural features by integrated deep learning.
# ... Proteins: Structure, Function, and Bioinformatics (Feb. 2019).
# ... https://doi.org/10.1002/prot.25674
# ...
#
# Column 1: Class assignment - B for buried or E for Exposed - Threshold: 25% exposure, but not based on RSA
# Column 2: Amino acid
# Column 3: Sequence name
# Column 4: Amino acid number
# Column 5: Relative Surface Accessibility - RSA
# Column 6: Absolute Surface Accessibility
# Column 7: Not used
# Column 8: Probability for Alpha-Helix
# Column 9: Probability for Beta-strand
# Column 10: Probability for Coil
E D  2CB6A                  1    0.910 131.114   0.000   0.000   0.000   1.000
E N  2CB6A                  2    0.736 107.705   0.000   0.050   0.003   0.947
E T  2CB6A                  3    0.648  89.810   0.000   0.143   0.002   0.855
E W  2CB6A                  4    0.577 138.806   0.000   0.339   0.003   0.658
E I  2CB6A                  5    0.550 101.798   0.000   0.436   0.002   0.562
E Q  2CB6A                  6    0.483  86.264   0.000   0.507   0.001   0.491
E A  2CB6A                  7    0.368  40.504   0.000   0.510   0.000   0.490
E A  2CB6A                  8    0.494  54.460   0.000   0.429   0.001   0.571
E S  2CB6A                  9    0.484  56.696   0.000   0.335   0.001   0.664
E L  2CB6A                 10    0.358  65.570   0.000   0.445   0.001   0.554
E T  2CB6A                 11    0.331  45.884   0.000   0.494   0.001   0.505
E W  2CB6A                 12    0.549 132.130   0.000   0.661   0.001   0.338
E L  2CB6A                 13    0.507  92.909   0.000   0.556   0.001   0.444
E L  2CB6A                 14    0.328  60.122   0.000   0.571   0.001   0.428
E L  2CB6A                 15    0.358  65.617   0.000   0.571   0.001   0.427
E Y  2CB6A                 16    0.492 105.238   0.000   0.598   0.001   0.401
E Q  2CB6A                 17    0.444  79.219   0.000   0.543   0.001   0.456
E L  2CB6A                 18    0.340  62.268   0.000   0.606   0.003   0.392
E I  2CB6A                 19    0.322  59.484   0.000   0.529   0.004   0.468
E S  2CB6A                 20    0.399  46.765   0.000   0.304   0.014   0.683
E T  2CB6A                 21    0.524  72.703   0.000   0.224   0.034   0.742
E R  2CB6A                 22    0.565 129.475   0.000   0.206   0.037   0.756
B I  2CB6A                 23    0.243  44.947   0.000   0.013   0.017   0.970
E P  2CB6A                 24    0.379  53.845   0.000   0.056   0.026   0.918
E S  2CB6A                 25    0.596  69.847   0.000   0.111   0.127   0.762
E F  2CB6A                 26    0.395  79.212   0.000   0.062   0.197   0.742
E A  2CB6A                 27    0.397  43.724   0.000   0.042   0.166   0.792
E S  2CB6A                 28    0.334  39.170   0.000   0.006   0.159   0.835
E P  2CB6A                 29    0.665  94.325   0.000   0.134   0.014   0.852
E N  2CB6A                 30    0.662  96.880   0.000   0.112   0.015   0.873
B G  2CB6A                 31    0.225  17.727   0.000   0.092   0.217   0.691
B L  2CB6A                 32    0.165  30.174   0.000   0.031   0.501   0.469
E H  2CB6A                 33    0.331  60.298   0.000   0.020   0.683   0.296
B M  2CB6A                 34    0.192  38.514   0.000   0.017   0.708   0.275
B R  2CB6A                 35    0.227  51.928   0.000   0.011   0.370   0.619
E E  2CB6A                 36    0.497  86.899   0.000   0.018   0.288   0.694
E Q  2CB6A                 37    0.331  59.134   0.000   0.016   0.364   0.621
E T  2CB6A                 38    0.349  48.349   0.000   0.005   0.798   0.197
B I  2CB6A                 39    0.148  27.441   0.000   0.001   0.933   0.066
E D  2CB6A                 40    0.404  58.184   0.000   0.002   0.819   0.179
E S  2CB6A                 41    0.279  32.672   0.000   0.002   0.032   0.966
E N  2CB6A                 42    0.758 110.943   0.000   0.003   0.005   0.992
E T  2CB6A                 43    0.586  81.314   0.000   0.009   0.007   0.984
E G  2CB6A                 44    0.449  35.347   0.000   0.003   0.009   0.988
E Q  2CB6A                 45    0.621 110.858   0.000   0.002   0.065   0.933
E I  2CB6A                 46    0.325  60.210   0.000   0.001   0.883   0.116
E Q  2CB6A                 47    0.507  90.526   0.000   0.004   0.671   0.325
E I  2CB6A                 48    0.322  59.559   0.000   0.009   0.600   0.391
E D  2CB6A                 49    0.405  58.414   0.000   0.029   0.182   0.789
E N  2CB6A                 50    0.517  75.724   0.000   0.341   0.029   0.629
E E  2CB6A                 51    0.574 100.330   0.000   0.316   0.065   0.619
E H  2CB6A                 52    0.391  71.052   0.000   0.220   0.080   0.700
E R  2CB6A                 53    0.259  59.201   0.000   0.018   0.380   0.602
B L  2CB6A                 54    0.029   5.311   0.000   0.001   0.887   0.111
B L  2CB6A                 55    0.077  14.079   0.000   0.001   0.958   0.041
B R  2CB6A                 56    0.091  20.861   0.000   0.001   0.909   0.090
B W  2CB6A                 57    0.131  31.422   0.000   0.005   0.675   0.321
B D  2CB6A                 58    0.077  11.124   0.000   0.002   0.504   0.494
E R  2CB6A                 59    0.556 127.303   0.000   0.004   0.011   0.985
E R  2CB6A                 60    0.274  62.669   0.000   0.000   0.004   0.995
E P  2CB6A                 61    0.386  54.825   0.000   0.001   0.001   0.998
B P  2CB6A                 62    0.113  16.048   0.000   0.979   0.000   0.021
E N  2CB6A                 63    0.620  90.752   0.000   0.987   0.000   0.013
E D  2CB6A                 64    0.452  65.159   0.000   0.987   0.001   0.013
B I  2CB6A                 65    0.031   5.664   0.000   0.942   0.009   0.049
B F  2CB6A                 66    0.192  38.493   0.000   0.801   0.051   0.148
E L  2CB6A                 67    0.495  90.588   0.000   0.605   0.013   0.382
E N  2CB6A                 68    0.536  78.412   0.000   0.300   0.003   0.697
B G  2CB6A                 69    0.042   3.318   0.000   0.024   0.064   0.912
B F  2CB6A                 70    0.028   5.656   0.000   0.002   0.768   0.230
B I  2CB6A                 71    0.212  39.240   0.000   0.002   0.450   0.548
B P  2CB6A                 72    0.065   9.272   0.000   0.003   0.460   0.537
E R  2CB6A                 73    0.301  68.935   0.000   0.020   0.141   0.839
B V  2CB6A                 74    0.216  33.208   0.000   0.032   0.186   0.782
E T  2CB6A                 75    0.511  70.933   0.000   0.040   0.101   0.860
E N  2CB6A                 76    0.529  77.481   0.000   0.066   0.038   0.897
E Q  2CB6A                 77    0.625 111.596   0.000   0.053   0.016   0.931
E N  2CB6A                 78    0.751 109.934   0.000   0.038   0.022   0.939
E L  2CB6A                 79    0.298  54.486   0.000   0.038   0.054   0.908
E S  2CB6A                 80    0.457  53.618   0.000   0.009   0.079   0.912
E P  2CB6A                 81    0.517  73.297   0.000   0.107   0.071   0.822
E V  2CB6A                 82    0.334  51.310   0.000   0.134   0.052   0.814
E E  2CB6A                 83    0.613 107.178   0.000   0.162   0.047   0.792
E D  2CB6A                 84    0.565  81.442   0.000   0.130   0.066   0.804
B T  2CB6A                 85    0.131  18.151   0.000   0.015   0.245   0.740
B H  2CB6A                 86    0.212  38.640   0.000   0.010   0.500   0.490
B L  2CB6A                 87    0.014   2.624   0.000   0.933   0.001   0.066
B L  2CB6A                 88    0.143  26.108   0.000   0.984   0.001   0.016
E N  2CB6A                 89    0.384  56.260   0.000   0.973   0.001   0.026
B Y  2CB6A                 90    0.074  15.725   0.000   0.951   0.002   0.047
B L  2CB6A                 91    0.076  13.859   0.000   0.755   0.041   0.204
E R  2CB6A                 92    0.483 110.568   0.000   0.520   0.038   0.442
E T  2CB6A                 93    0.306  42.405   0.000   0.089   0.018   0.893
E N  2CB6A                 94    0.713 104.343   0.000   0.017   0.008   0.974
E S  2CB6A                 95    0.347  40.641   0.000   0.003   0.017   0.980
E P  2CB6A                 96    0.419  59.432   0.000   0.003   0.019   0.978
B S  2CB6A                 97    0.092  10.767   0.000   0.004   0.335   0.660
B I  2CB6A                 98    0.083  15.280   0.000   0.016   0.366   0.617
B F  2CB6A                 99    0.051  10.262   0.000   0.008   0.817   0.175
B V  2CB6A                100    0.019   2.925   0.000   0.002   0.944   0.054
B S  2CB6A                101    0.018   2.111   0.000   0.001   0.927   0.072
B T  2CB6A                102    0.027   3.747   0.000   0.000   0.786   0.213
B T  2CB6A                103    0.036   5.055   0.000   0.000   0.778   0.221
E R  2CB6A                104    0.281  64.401   0.000   0.005   0.070   0.925
B A  2CB6A                105    0.148  16.301   0.000   0.011   0.091   0.898
E R  2CB6A                106    0.301  68.919   0.000   0.725   0.017   0.259
E Y  2CB6A                107    0.492 105.155   0.000   0.739   0.013   0.249
E N  2CB6A                108    0.281  41.075   0.000   0.679   0.029   0.292
B N  2CB6A                109    0.128  18.792   0.000   0.491   0.034   0.475
E L  2CB6A                110    0.276  50.558   0.000   0.348   0.051   0.601
E G  2CB6A                111    0.482  37.900   0.000   0.244   0.023   0.734
E L  2CB6A                112    0.278  50.854   0.000   0.176   0.075   0.749
E E  2CB6A                113    0.522  91.233   0.000   0.170   0.147   0.683
B I  2CB6A                114    0.143  26.479   0.000   0.102   0.164   0.734
E T  2CB6A                115    0.374  51.903   0.000   0.161   0.201   0.638
E P  2CB6A                116    0.452  64.163   0.000   0.148   0.146   0.706
E W  2CB6A                117    0.299  71.937   0.000   0.098   0.128   0.774
E T  2CB6A                118    0.313  43.390   0.000   0.005   0.196   0.799
E P  2CB6A                119    0.405  57.522   0.000   0.033   0.114   0.853
E H  2CB6A                120    0.568 103.346   0.000   0.037   0.193   0.770
E S  2CB6A                121    0.330  38.632   0.000   0.052   0.131   0.817
E A  2CB6A                122    0.619  68.159   0.000   0.082   0.023   0.895
E N  2CB6A                123    0.659  96.466   0.000   0.070   0.018   0.911
E N  2CB6A                124    0.532  77.868   0.000   0.061   0.061   0.878
E N  2CB6A                125    0.394  57.676   0.000   0.027   0.155   0.818
B I  2CB6A                126    0.231  42.783   0.000   0.008   0.438   0.554
B I  2CB6A                127    0.061  11.360   0.000   0.001   0.802   0.197
B Y  2CB6A                128    0.064  13.578   0.000   0.003   0.946   0.052
B R  2CB6A                129    0.084  19.298   0.000   0.000   0.972   0.028
B Y  2CB6A                130    0.013   2.741   0.000   0.000   0.997   0.003
B E  2CB6A                131    0.135  23.558   0.000   0.000   0.999   0.001
B I  2CB6A                132    0.005   0.838   0.000   0.000   0.998   0.002
B F  2CB6A                133    0.211  42.255   0.000   0.000   0.936   0.064
B A  2CB6A                134    0.024   2.697   0.000   0.000   0.566   0.433
E P  2CB6A                135    0.338  48.002   0.000   0.004   0.106   0.890
E G  2CB6A                136    0.373  29.368   0.000   0.007   0.051   0.942
B G  2CB6A                137    0.071   5.581   0.000   0.006   0.522   0.472
B I  2CB6A                138    0.043   8.014   0.000   0.000   0.964   0.036
B D  2CB6A                139    0.184  26.583   0.000   0.000   0.938   0.062
B I  2CB6A                140    0.019   3.453   0.000   0.592   0.032   0.375
B N  2CB6A                141    0.195  28.525   0.000   0.933   0.002   0.065
E A  2CB6A                142    0.313  34.473   0.000   0.904   0.005   0.091
B S  2CB6A                143    0.120  14.108   0.000   0.816   0.012   0.171
B F  2CB6A                144    0.100  20.057   0.000   0.432   0.041   0.527
E S  2CB6A                145    0.363  42.542   0.000   0.147   0.023   0.829
E R  2CB6A                146    0.614 140.598   0.000   0.254   0.008   0.738
E N  2CB6A                147    0.711 104.157   0.000   0.192   0.008   0.800
E H  2CB6A                148    0.456  82.914   0.000   0.130   0.018   0.852
E N  2CB6A                149    0.362  53.059   0.000   0.008   0.022   0.970
E P  2CB6A                150    0.349  49.472   0.000   0.018   0.010   0.972
B F  2CB6A                151    0.194  38.848   0.000   0.026   0.014   0.959
E P  2CB6A                152    0.411  58.335   0.000   0.093   0.006   0.901
E N  2CB6A                153    0.559  81.785   0.000   0.108   0.011   0.881
B Q  2CB6A                154    0.158  28.288   0.000   0.075   0.069   0.856
E D  2CB6A                155    0.251  36.228   0.000   0.033   0.152   0.815
B E  2CB6A                156    0.044   7.734   0.000   0.002   0.797   0.201
B I  2CB6A                157    0.028   5.136   0.000   0.001   0.969   0.030
B T  2CB6A                158    0.008   1.080   0.000   0.000   0.988   0.012
B F  2CB6A                159    0.021   4.310   0.000   0.001   0.847   0.151
B P  2CB6A                160    0.050   7.067   0.000   0.010   0.525   0.465
B G  2CB6A                161    0.125   9.845   0.000   0.006   0.126   0.868
B G  2CB6A                162    0.094   7.428   0.000   0.003   0.203   0.793
B I  2CB6A                163    0.013   2.365   0.000   0.000   0.797   0.203
E R  2CB6A                164    0.281  64.451   0.000   0.000   0.033   0.967
B P  2CB6A                165    0.109  15.532   0.000   0.982   0.000   0.018
E E  2CB6A                166    0.441  76.982   0.000   0.989   0.000   0.011
B F  2CB6A                167    0.052  10.490   0.000   0.992   0.000   0.008
B I  2CB6A                168    0.012   2.159   0.000   0.000   0.994   0.006
E R  2CB6A                169    0.363  83.090   0.000   0.000   0.991   0.009
B S  2CB6A                170    0.088  10.287   0.000   0.000   0.998   0.002
B T  2CB6A                171    0.066   9.181   0.000   0.000   0.999   0.001
B Y  2CB6A                172    0.126  27.009   0.000   0.000   0.999   0.001
E E  2CB6A                173    0.297  51.898   0.000   0.000   0.997   0.003
B Y  2CB6A                174    0.148  31.523   0.000   0.000   0.990   0.010
E H  2CB6A                175    0.346  62.913   0.000   0.000   0.981   0.019
E N  2CB6A                176    0.866 126.786   0.000   0.001   0.001   0.998
E G  2CB6A                177    0.512  40.316   0.000   0.004   0.001   0.995
E E  2CB6A                178    0.656 114.596   0.000   0.000   0.959   0.041
E I  2CB6A                179    0.375  69.437   0.000   0.000   0.991   0.009
E V  2CB6A                180    0.371  56.976   0.000   0.000   0.942   0.058
E R  2CB6A                181    0.449 102.825   0.000   0.001   0.955   0.045
B I  2CB6A                182    0.238  44.055   0.000   0.001   0.955   0.044
B W  2CB6A                183    0.238  57.133   0.000   0.000   0.984   0.016
E I  2CB6A                184    0.431  79.755   0.000   0.000   0.929   0.071
B N  2CB6A                185    0.045   6.597   0.000   0.000   0.018   0.982
E P  2CB6A                186    0.582  82.558   0.000   0.058   0.006   0.937
E N  2CB6A                187    0.543  79.564   0.000   0.042   0.008   0.950
B F  2CB6A                188    0.162  32.596   0.000   0.100   0.074   0.826
E I  2CB6A                189    0.384  71.001   0.000   0.026   0.039   0.935
E N  2CB6A                190    0.521  76.326   0.000   0.004   0.003   0.993
E P  2CB6A                191    0.415  58.818   0.000   0.776   0.001   0.223
E S  2CB6A                192    0.683  80.050   0.000   0.816   0.003   0.180
E T  2CB6A                193    0.403  55.850   0.000   0.811   0.004   0.185
B L  2CB6A                194    0.141  25.824   0.000   0.666   0.015   0.318
E N  2CB6A                195    0.638  93.418   0.000   0.440   0.009   0.551
E D  2CB6A                196    0.704 101.451   0.000   0.377   0.020   0.603
E V  2CB6A                197    0.268  41.135   0.000   0.178   0.058   0.764
E S  2CB6A                198    0.356  41.750   0.000   0.116   0.116   0.768
E G  2CB6A                199    0.278  21.917   0.000   0.030   0.094   0.876
E P  2CB6A                200    0.415  58.880   0.000   0.099   0.045   0.856
E S  2CB6A                201    0.370  43.318   0.000   0.106   0.023   0.871
E N  2CB6A                202    0.610  89.279   0.000   0.072   0.027   0.901
B I  2CB6A                203    0.231  42.688   0.000   0.044   0.071   0.886
E S  2CB6A                204    0.397  46.509   0.000   0.053   0.147   0.801
B K  2CB6A                205    0.246  50.530   0.000   0.044   0.329   0.626
B V  2CB6A                206    0.195  29.981   0.000   0.063   0.411   0.526
B F  2CB6A                207    0.205  41.159   0.000   0.032   0.482   0.486
B W  2CB6A                208    0.206  49.596   0.000   0.030   0.418   0.552
E H  2CB6A                209    0.340  61.903   0.000   0.023   0.171   0.806
E E  2CB6A                210    0.611 106.823   0.000   0.127   0.028   0.845
E N  2CB6A                211    0.700 102.416   0.000   0.074   0.007   0.918
E H  2CB6A                212    0.310  56.443   0.000   0.107   0.050   0.843
E S  2CB6A                213    0.509  59.599   0.000   0.134   0.030   0.836
E E  2CB6A                214    0.603 105.277   0.000   0.117   0.010   0.872
E G  2CB6A                215    0.412  32.446   0.000   0.146   0.016   0.838
E N  2CB6A                216    0.474  69.420   0.000   0.132   0.022   0.847
E N  2CB6A                217    0.485  70.995   0.000   0.097   0.038   0.865
E M  2CB6A                218    0.348  69.630   0.000   0.088   0.055   0.856
E D  2CB6A                219    0.543  78.280   0.000   0.107   0.069   0.824
E S  2CB6A                220    0.364  42.690   0.000   0.131   0.089   0.781
E Q  2CB6A                221    0.398  71.075   0.000   0.124   0.085   0.791
E D  2CB6A                222    0.405  58.427   0.000   0.095   0.066   0.839
E F  2CB6A                223    0.268  53.802   0.000   0.093   0.071   0.836
E D  2CB6A                224    0.410  59.102   0.000   0.121   0.086   0.793
B M  2CB6A                225    0.142  28.378   0.000   0.121   0.074   0.805
E F  2CB6A                226    0.284  57.012   0.000   0.054   0.265   0.681
B A  2CB6A                227    0.184  20.250   0.000   0.006   0.019   0.975
E P  2CB6A                228    0.574  81.500   0.000   0.030   0.012   0.957
E N  2CB6A                229    0.676  99.026   0.000   0.026   0.007   0.968
E G  2CB6A                230    0.511  40.229   0.000   0.018   0.008   0.974
E E  2CB6A                231    0.572  99.891   0.000   0.012   0.041   0.947
E I  2CB6A                232    0.331  61.236   0.000   0.003   0.114   0.883
E P  2CB6A                233    0.301  42.711   0.000   0.023   0.066   0.911
E N  2CB6A                234    0.675  98.765   0.000   0.166   0.018   0.815
E N  2CB6A                235    0.686 100.416   0.000   0.207   0.013   0.780
E N  2CB6A                236    0.569  83.286   0.000   0.144   0.023   0.832
E L  2CB6A                237    0.291  53.329   0.000   0.122   0.051   0.827
E L  2CB6A                238    0.467  85.572   0.000   0.002   0.001   0.997
