# For publication of results, please cite:
# ...
# ... Michael Schantz Klausen, Martin Closter Jespersen, Henrik Nielsen, Kamilla Kjærgaard Jensen, 
# ... Vanessa Isabell Jurtz, Casper Kaae Sønderby, Morten Otto Alexander Sommer, Ole Winther, 
# ... Morten Nielsen, Bent Petersen, and Paolo Marcatili. 
# ... NetSurfP-2.0: Improved prediction of protein structural features by integrated deep learning.
# ... Proteins: Structure, Function, and Bioinformatics (Feb. 2019).
# ... https://doi.org/10.1002/prot.25674
# ...
#
# Column 1: Class assignment - B for buried or E for Exposed - Threshold: 25% exposure, but not based on RSA
# Column 2: Amino acid
# Column 3: Sequence name
# Column 4: Amino acid number
# Column 5: Relative Surface Accessibility - RSA
# Column 6: Absolute Surface Accessibility
# Column 7: Not used
# Column 8: Probability for Alpha-Helix
# Column 9: Probability for Beta-strand
# Column 10: Probability for Coil
E G  3N1GA                  1    0.973  76.542   0.000   0.000   0.000   1.000
E S  3N1GA                  2    0.877 102.818   0.000   0.000   0.000   1.000
E G  3N1GA                  3    0.807  63.521   0.000   0.000   0.000   1.000
E P  3N1GA                  4    0.864 122.543   0.000   0.000   0.000   1.000
E G  3N1GA                  5    0.777  61.156   0.000   0.000   0.000   1.000
E P  3N1GA                  6    0.857 121.672   0.000   0.000   0.000   0.999
E G  3N1GA                  7    0.806  63.451   0.000   0.001   0.000   0.999
E R  3N1GA                  8    0.848 194.201   0.000   0.001   0.000   0.999
E G  3N1GA                  9    0.772  60.729   0.000   0.002   0.000   0.998
E P  3N1GA                 10    0.847 120.194   0.000   0.003   0.000   0.997
E V  3N1GA                 11    0.827 127.069   0.000   0.003   0.000   0.997
E G  3N1GA                 12    0.839  66.062   0.000   0.006   0.000   0.994
E R  3N1GA                 13    0.834 190.912   0.000   0.006   0.001   0.993
E R  3N1GA                 14    0.791 181.137   0.000   0.008   0.002   0.990
E R  3N1GA                 15    0.785 179.838   0.000   0.011   0.003   0.986
E Y  3N1GA                 16    0.772 165.016   0.000   0.014   0.002   0.984
E A  3N1GA                 17    0.781  86.073   0.000   0.025   0.002   0.972
E R  3N1GA                 18    0.776 177.772   0.000   0.039   0.007   0.953
E K  3N1GA                 19    0.716 147.295   0.000   0.036   0.019   0.946
E Q  3N1GA                 20    0.772 137.793   0.000   0.021   0.042   0.937
E L  3N1GA                 21    0.463  84.781   0.000   0.011   0.092   0.897
E V  3N1GA                 22    0.478  73.399   0.000   0.002   0.143   0.855
E P  3N1GA                 23    0.369  52.376   0.000   0.010   0.160   0.830
B L  3N1GA                 24    0.246  45.005   0.000   0.029   0.324   0.647
E L  3N1GA                 25    0.366  66.950   0.000   0.036   0.385   0.579
E Y  3N1GA                 26    0.370  79.077   0.000   0.046   0.368   0.586
E K  3N1GA                 27    0.483  99.353   0.000   0.032   0.452   0.516
E Q  3N1GA                 28    0.414  73.943   0.000   0.041   0.592   0.367
E F  3N1GA                 29    0.323  64.878   0.000   0.020   0.519   0.461
E V  3N1GA                 30    0.306  47.034   0.000   0.001   0.127   0.872
E P  3N1GA                 31    0.346  49.159   0.000   0.002   0.035   0.963
E G  3N1GA                 32    0.756  59.511   0.000   0.002   0.005   0.993
B V  3N1GA                 33    0.211  32.429   0.000   0.005   0.079   0.916
E P  3N1GA                 34    0.356  50.530   0.000   0.018   0.192   0.790
E E  3N1GA                 35    0.322  56.192   0.000   0.495   0.032   0.473
E R  3N1GA                 36    0.634 145.103   0.000   0.453   0.034   0.513
E T  3N1GA                 37    0.399  55.337   0.000   0.397   0.087   0.516
E L  3N1GA                 38    0.295  54.057   0.000   0.256   0.073   0.672
E G  3N1GA                 39    0.341  26.842   0.000   0.109   0.079   0.812
B A  3N1GA                 40    0.153  16.819   0.000   0.091   0.192   0.718
B S  3N1GA                 41    0.189  22.166   0.000   0.042   0.282   0.675
B G  3N1GA                 42    0.195  15.322   0.000   0.050   0.269   0.681
E P  3N1GA                 43    0.406  57.661   0.000   0.066   0.147   0.787
E A  3N1GA                 44    0.356  39.240   0.000   0.176   0.080   0.743
E E  3N1GA                 45    0.627 109.623   0.000   0.170   0.178   0.652
E G  3N1GA                 46    0.350  27.513   0.000   0.106   0.194   0.700
E R  3N1GA                 47    0.543 124.452   0.000   0.032   0.263   0.705
B V  3N1GA                 48    0.118  18.142   0.000   0.024   0.312   0.664
E A  3N1GA                 49    0.372  40.985   0.000   0.020   0.261   0.719
E R  3N1GA                 50    0.541 123.873   0.000   0.026   0.009   0.965
E G  3N1GA                 51    0.791  62.259   0.000   0.023   0.001   0.976
B S  3N1GA                 52    0.205  23.977   0.000   0.005   0.004   0.992
E E  3N1GA                 53    0.818 142.967   0.000   0.817   0.003   0.181
E R  3N1GA                 54    0.537 122.964   0.000   0.771   0.006   0.222
B F  3N1GA                 55    0.129  25.814   0.000   0.899   0.002   0.099
E R  3N1GA                 56    0.585 133.860   0.000   0.863   0.002   0.135
E D  3N1GA                 57    0.757 109.052   0.000   0.778   0.002   0.220
B L  3N1GA                 58    0.206  37.773   0.000   0.449   0.016   0.535
B V  3N1GA                 59    0.152  23.434   0.000   0.018   0.140   0.841
E P  3N1GA                 60    0.470  66.634   0.000   0.030   0.173   0.796
E N  3N1GA                 61    0.355  51.906   0.000   0.027   0.144   0.829
E Y  3N1GA                 62    0.586 125.270   0.000   0.041   0.043   0.915
E N  3N1GA                 63    0.295  43.221   0.000   0.003   0.025   0.972
E P  3N1GA                 64    0.695  98.560   0.000   0.034   0.006   0.959
E D  3N1GA                 65    0.700 100.851   0.000   0.029   0.018   0.954
B I  3N1GA                 66    0.109  20.152   0.000   0.032   0.152   0.816
E I  3N1GA                 67    0.397  73.406   0.000   0.011   0.333   0.656
B F  3N1GA                 68    0.146  29.402   0.000   0.007   0.299   0.694
E K  3N1GA                 69    0.514 105.691   0.000   0.005   0.383   0.613
E D  3N1GA                 70    0.336  48.469   0.000   0.008   0.063   0.929
E E  3N1GA                 71    0.627 109.552   0.000   0.028   0.016   0.955
E E  3N1GA                 72    0.763 133.332   0.000   0.042   0.021   0.937
E N  3N1GA                 73    0.659  96.472   0.000   0.013   0.008   0.980
E S  3N1GA                 74    0.386  45.220   0.000   0.014   0.062   0.923
E G  3N1GA                 75    0.327  25.727   0.000   0.075   0.134   0.791
E A  3N1GA                 76    0.346  38.138   0.000   0.344   0.066   0.590
E D  3N1GA                 77    0.268  38.601   0.000   0.347   0.167   0.485
E R  3N1GA                 78    0.270  61.730   0.000   0.215   0.429   0.356
B L  3N1GA                 79    0.233  42.632   0.000   0.057   0.619   0.324
B M  3N1GA                 80    0.099  19.779   0.000   0.009   0.506   0.485
B T  3N1GA                 81    0.247  34.222   0.000   0.003   0.019   0.978
E E  3N1GA                 82    0.693 121.140   0.000   0.985   0.000   0.014
E R  3N1GA                 83    0.537 123.026   0.000   0.988   0.000   0.011
B C  3N1GA                 84    0.042   5.950   0.000   0.994   0.000   0.006
E K  3N1GA                 85    0.351  72.216   0.000   0.999   0.000   0.001
E E  3N1GA                 86    0.580 101.289   0.000   1.000   0.000   0.000
E R  3N1GA                 87    0.283  64.850   0.000   1.000   0.000   0.000
B V  3N1GA                 88    0.032   4.992   0.000   1.000   0.000   0.000
E N  3N1GA                 89    0.440  64.374   0.000   1.000   0.000   0.000
E A  3N1GA                 90    0.384  42.357   0.000   0.999   0.000   0.001
B L  3N1GA                 91    0.055   9.994   0.000   0.999   0.000   0.001
B A  3N1GA                 92    0.042   4.658   0.000   0.999   0.000   0.001
E I  3N1GA                 93    0.461  85.335   0.000   0.998   0.000   0.002
E A  3N1GA                 94    0.285  31.433   0.000   0.997   0.000   0.003
B V  3N1GA                 95    0.033   5.008   0.000   0.996   0.000   0.004
E M  3N1GA                 96    0.277  55.357   0.000   0.980   0.000   0.020
E N  3N1GA                 97    0.785 114.888   0.000   0.903   0.000   0.097
E M  3N1GA                 98    0.425  84.986   0.000   0.861   0.001   0.139
B W  3N1GA                 99    0.121  29.202   0.000   0.011   0.011   0.977
E P  3N1GA                100    0.642  91.098   0.000   0.003   0.002   0.995
E G  3N1GA                101    0.730  57.489   0.000   0.008   0.005   0.987
B V  3N1GA                102    0.115  17.661   0.000   0.005   0.081   0.914
E R  3N1GA                103    0.493 112.847   0.000   0.002   0.547   0.451
B L  3N1GA                104    0.024   4.364   0.000   0.000   0.952   0.047
E R  3N1GA                105    0.322  73.728   0.000   0.000   0.995   0.005
B V  3N1GA                106    0.051   7.894   0.000   0.000   0.992   0.008
B T  3N1GA                107    0.213  29.527   0.000   0.000   0.960   0.040
E E  3N1GA                108    0.355  61.965   0.000   0.000   0.981   0.019
B G  3N1GA                109    0.089   7.004   0.000   0.000   0.952   0.047
E W  3N1GA                110    0.306  73.659   0.000   0.000   0.970   0.030
E D  3N1GA                111    0.256  36.877   0.000   0.002   0.184   0.814
E E  3N1GA                112    0.680 118.829   0.000   0.017   0.033   0.951
E D  3N1GA                113    0.772 111.263   0.000   0.019   0.006   0.975
E G  3N1GA                114    0.363  28.554   0.000   0.007   0.005   0.987
E H  3N1GA                115    0.576 104.850   0.000   0.006   0.074   0.920
E H  3N1GA                116    0.355  64.505   0.000   0.013   0.603   0.385
E A  3N1GA                117    0.253  27.856   0.000   0.028   0.166   0.806
E Q  3N1GA                118    0.739 131.914   0.000   0.055   0.022   0.923
E D  3N1GA                119    0.780 112.407   0.000   0.045   0.014   0.941
B S  3N1GA                120    0.105  12.356   0.000   0.018   0.047   0.936
E L  3N1GA                121    0.335  61.355   0.000   0.256   0.033   0.711
B H  3N1GA                122    0.195  35.451   0.000   0.335   0.073   0.593
E Y  3N1GA                123    0.251  53.719   0.000   0.598   0.053   0.349
E E  3N1GA                124    0.604 105.562   0.000   0.042   0.046   0.911
E G  3N1GA                125    0.447  35.176   0.000   0.010   0.023   0.967
E R  3N1GA                126    0.323  74.049   0.000   0.003   0.105   0.892
B A  3N1GA                127    0.080   8.782   0.000   0.001   0.802   0.197
B L  3N1GA                128    0.025   4.620   0.000   0.000   0.985   0.015
B D  3N1GA                129    0.161  23.248   0.000   0.000   0.991   0.008
B I  3N1GA                130    0.019   3.476   0.000   0.000   0.984   0.016
B T  3N1GA                131    0.157  21.823   0.000   0.000   0.977   0.023
B T  3N1GA                132    0.044   6.135   0.000   0.002   0.704   0.294
E S  3N1GA                133    0.364  42.668   0.000   0.011   0.142   0.847
E D  3N1GA                134    0.526  75.837   0.000   0.177   0.029   0.794
E R  3N1GA                135    0.663 151.917   0.000   0.231   0.004   0.765
E D  3N1GA                136    0.468  67.394   0.000   0.216   0.004   0.781
E R  3N1GA                137    0.532 121.930   0.000   0.737   0.001   0.261
E N  3N1GA                138    0.788 115.336   0.000   0.756   0.001   0.243
E K  3N1GA                139    0.382  78.652   0.000   0.922   0.001   0.077
B Y  3N1GA                140    0.125  26.777   0.000   0.964   0.001   0.035
B G  3N1GA                141    0.210  16.553   0.000   0.977   0.000   0.023
E L  3N1GA                142    0.413  75.547   0.000   0.997   0.000   0.003
B L  3N1GA                143    0.057  10.491   0.000   0.999   0.000   0.001
B A  3N1GA                144    0.029   3.209   0.000   0.999   0.000   0.001
E R  3N1GA                145    0.462 105.755   0.000   0.999   0.000   0.001
B L  3N1GA                146    0.226  41.412   0.000   0.999   0.000   0.001
B A  3N1GA                147    0.008   0.894   0.000   0.998   0.000   0.002
B V  3N1GA                148    0.220  33.742   0.000   0.997   0.000   0.003
E E  3N1GA                149    0.731 127.674   0.000   0.978   0.000   0.022
B A  3N1GA                150    0.197  21.716   0.000   0.308   0.000   0.692
E G  3N1GA                151    0.345  27.123   0.000   0.001   0.000   0.999
B F  3N1GA                152    0.053  10.688   0.000   0.000   0.005   0.995
E D  3N1GA                153    0.350  50.431   0.000   0.000   0.013   0.987
B W  3N1GA                154    0.136  32.679   0.000   0.000   0.991   0.009
B V  3N1GA                155    0.043   6.552   0.000   0.000   0.998   0.002
B Y  3N1GA                156    0.174  37.085   0.000   0.000   0.997   0.003
B Y  3N1GA                157    0.174  37.147   0.000   0.000   0.966   0.034
E E  3N1GA                158    0.450  78.535   0.000   0.104   0.464   0.433
E S  3N1GA                159    0.417  48.828   0.000   0.201   0.112   0.687
E R  3N1GA                160    0.557 127.534   0.000   0.154   0.011   0.835
E N  3N1GA                161    0.516  75.612   0.000   0.017   0.013   0.969
B H  3N1GA                162    0.211  38.453   0.000   0.004   0.834   0.162
B V  3N1GA                163    0.033   5.078   0.000   0.000   0.986   0.014
B H  3N1GA                164    0.139  25.267   0.000   0.000   0.993   0.006
B V  3N1GA                165    0.027   4.145   0.000   0.000   0.996   0.004
B S  3N1GA                166    0.128  14.993   0.000   0.000   0.987   0.013
B V  3N1GA                167    0.137  21.123   0.000   0.000   0.918   0.082
E K  3N1GA                168    0.448  92.071   0.000   0.001   0.511   0.488
E A  3N1GA                169    0.631  69.525   0.000   0.002   0.062   0.937
E D  3N1GA                170    0.949 136.740   0.000   0.000   0.000   1.000
