# For publication of results, please cite:
# ...
# ... Michael Schantz Klausen, Martin Closter Jespersen, Henrik Nielsen, Kamilla Kjærgaard Jensen, 
# ... Vanessa Isabell Jurtz, Casper Kaae Sønderby, Morten Otto Alexander Sommer, Ole Winther, 
# ... Morten Nielsen, Bent Petersen, and Paolo Marcatili. 
# ... NetSurfP-2.0: Improved prediction of protein structural features by integrated deep learning.
# ... Proteins: Structure, Function, and Bioinformatics (Feb. 2019).
# ... https://doi.org/10.1002/prot.25674
# ...
#
# Column 1: Class assignment - B for buried or E for Exposed - Threshold: 25% exposure, but not based on RSA
# Column 2: Amino acid
# Column 3: Sequence name
# Column 4: Amino acid number
# Column 5: Relative Surface Accessibility - RSA
# Column 6: Absolute Surface Accessibility
# Column 7: Not used
# Column 8: Probability for Alpha-Helix
# Column 9: Probability for Beta-strand
# Column 10: Probability for Coil
E G  4E1YB                  1    0.956  75.274   0.000   0.000   0.000   1.000
E S  4E1YB                  2    0.804  94.203   0.000   0.006   0.002   0.992
E H  4E1YB                  3    0.565 102.696   0.000   0.021   0.011   0.969
E P  4E1YB                  4    0.544  77.233   0.000   0.142   0.007   0.850
B F  4E1YB                  5    0.216  43.413   0.000   0.277   0.013   0.710
E D  4E1YB                  6    0.608  87.643   0.000   0.337   0.042   0.621
E Q  4E1YB                  7    0.618 110.294   0.000   0.327   0.093   0.580
E A  4E1YB                  8    0.258  28.468   0.000   0.182   0.149   0.669
E V  4E1YB                  9    0.411  63.125   0.000   0.101   0.493   0.406
B V  4E1YB                 10    0.103  15.821   0.000   0.119   0.321   0.559
E K  4E1YB                 11    0.585 120.294   0.000   0.084   0.074   0.842
E D  4E1YB                 12    0.313  45.082   0.000   0.002   0.061   0.937
E P  4E1YB                 13    0.436  61.897   0.000   0.214   0.010   0.776
E T  4E1YB                 14    0.522  72.437   0.000   0.190   0.009   0.800
B A  4E1YB                 15    0.070   7.686   0.000   0.137   0.021   0.842
B S  4E1YB                 16    0.179  20.944   0.000   0.174   0.078   0.748
B Y  4E1YB                 17    0.178  38.112   0.000   0.460   0.077   0.463
B V  4E1YB                 18    0.135  20.740   0.000   0.416   0.089   0.496
E D  4E1YB                 19    0.280  40.301   0.000   0.536   0.035   0.429
B V  4E1YB                 20    0.109  16.753   0.000   0.966   0.002   0.032
E K  4E1YB                 21    0.509 104.613   0.000   0.990   0.000   0.009
B A  4E1YB                 22    0.237  26.114   0.000   0.994   0.000   0.006
B R  4E1YB                 23    0.123  28.176   0.000   0.993   0.000   0.007
E R  4E1YB                 24    0.277  63.461   0.000   0.996   0.000   0.004
E T  4E1YB                 25    0.506  70.175   0.000   0.997   0.000   0.003
B F  4E1YB                 26    0.168  33.724   0.000   0.996   0.000   0.004
B L  4E1YB                 27    0.056  10.264   0.000   0.986   0.000   0.014
E Q  4E1YB                 28    0.591 105.517   0.000   0.957   0.000   0.043
E S  4E1YB                 29    0.660  77.299   0.000   0.430   0.000   0.570
E G  4E1YB                 30    0.435  34.231   0.000   0.026   0.001   0.973
E Q  4E1YB                 31    0.684 122.179   0.000   0.037   0.015   0.948
B L  4E1YB                 32    0.135  24.714   0.000   0.079   0.045   0.876
E D  4E1YB                 33    0.368  53.009   0.000   0.084   0.002   0.914
E D  4E1YB                 34    0.817 117.714   0.000   0.926   0.000   0.074
E R  4E1YB                 35    0.553 126.586   0.000   0.919   0.001   0.080
B L  4E1YB                 36    0.038   7.014   0.000   0.942   0.001   0.056
E K  4E1YB                 37    0.423  87.081   0.000   0.934   0.002   0.065
E A  4E1YB                 38    0.684  75.331   0.000   0.785   0.001   0.214
E A  4E1YB                 39    0.315  34.673   0.000   0.595   0.001   0.405
B L  4E1YB                 40    0.110  20.092   0.000   0.022   0.008   0.970
E P  4E1YB                 41    0.421  59.689   0.000   0.052   0.003   0.945
E K  4E1YB                 42    0.669 137.707   0.000   0.113   0.010   0.877
E E  4E1YB                 43    0.735 128.393   0.000   0.143   0.016   0.841
B Y  4E1YB                 44    0.225  48.011   0.000   0.104   0.051   0.845
E D  4E1YB                 45    0.523  75.362   0.000   0.079   0.124   0.797
B C  4E1YB                 46    0.154  21.622   0.000   0.082   0.190   0.728
B T  4E1YB                 47    0.191  26.460   0.000   0.203   0.070   0.727
E T  4E1YB                 48    0.275  38.183   0.000   0.232   0.104   0.664
E E  4E1YB                 49    0.565  98.682   0.000   0.084   0.136   0.779
E A  4E1YB                 50    0.352  38.807   0.000   0.015   0.169   0.816
E T  4E1YB                 51    0.534  74.083   0.000   0.001   0.191   0.807
E P  4E1YB                 52    0.473  67.089   0.000   0.002   0.255   0.743
E N  4E1YB                 53    0.357  52.282   0.000   0.001   0.072   0.927
E P  4E1YB                 54    0.505  71.696   0.000   0.043   0.011   0.946
E Q  4E1YB                 55    0.650 116.091   0.000   0.039   0.022   0.938
E Q  4E1YB                 56    0.546  97.465   0.000   0.056   0.030   0.913
E G  4E1YB                 57    0.524  41.254   0.000   0.013   0.035   0.951
E E  4E1YB                 58    0.663 115.878   0.000   0.007   0.065   0.929
E M  4E1YB                 59    0.266  53.242   0.000   0.005   0.391   0.604
E V  4E1YB                 60    0.446  68.591   0.000   0.003   0.570   0.427
B I  4E1YB                 61    0.144  26.582   0.000   0.003   0.500   0.497
E P  4E1YB                 62    0.355  50.316   0.000   0.012   0.333   0.655
B R  4E1YB                 63    0.245  56.092   0.000   0.067   0.113   0.820
E R  4E1YB                 64    0.315  72.039   0.000   0.096   0.119   0.785
B Y  4E1YB                 65    0.086  18.355   0.000   0.128   0.117   0.754
B L  4E1YB                 66    0.190  34.876   0.000   0.059   0.197   0.744
B S  4E1YB                 67    0.175  20.487   0.000   0.021   0.209   0.770
E G  4E1YB                 68    0.400  31.495   0.000   0.058   0.029   0.914
E N  4E1YB                 69    0.678  99.291   0.000   0.044   0.015   0.941
E H  4E1YB                 70    0.440  80.052   0.000   0.056   0.057   0.887
B G  4E1YB                 71    0.195  15.370   0.000   0.040   0.242   0.717
E P  4E1YB                 72    0.487  69.167   0.000   0.015   0.164   0.821
E V  4E1YB                 73    0.382  58.736   0.000   0.030   0.258   0.712
B N  4E1YB                 74    0.208  30.383   0.000   0.001   0.028   0.971
E P  4E1YB                 75    0.584  82.843   0.000   0.299   0.010   0.690
E D  4E1YB                 76    0.709 102.183   0.000   0.274   0.003   0.723
E Y  4E1YB                 77    0.262  55.944   0.000   0.298   0.011   0.691
E E  4E1YB                 78    0.577 100.784   0.000   0.642   0.012   0.346
E P  4E1YB                 79    0.464  65.901   0.000   0.618   0.019   0.363
B V  4E1YB                 80    0.141  21.708   0.000   0.785   0.010   0.205
B V  4E1YB                 81    0.202  31.092   0.000   0.879   0.016   0.105
E T  4E1YB                 82    0.405  56.120   0.000   0.887   0.021   0.092
B L  4E1YB                 83    0.135  24.716   0.000   0.949   0.011   0.040
B Y  4E1YB                 84    0.050  10.772   0.000   0.968   0.005   0.027
E R  4E1YB                 85    0.319  72.967   0.000   0.974   0.002   0.024
E D  4E1YB                 86    0.264  37.988   0.000   0.977   0.001   0.022
B F  4E1YB                 87    0.019   3.727   0.000   0.989   0.000   0.011
B E  4E1YB                 88    0.067  11.624   0.000   0.996   0.000   0.004
E K  4E1YB                 89    0.340  70.001   0.000   0.996   0.000   0.004
B I  4E1YB                 90    0.034   6.236   0.000   0.997   0.000   0.003
B S  4E1YB                 91    0.006   0.670   0.000   0.997   0.000   0.002
B A  4E1YB                 92    0.048   5.288   0.000   0.999   0.000   0.001
B T  4E1YB                 93    0.103  14.285   0.000   0.999   0.000   0.001
B L  4E1YB                 94    0.010   1.808   0.000   0.999   0.000   0.001
B G  4E1YB                 95    0.002   0.128   0.000   1.000   0.000   0.000
B N  4E1YB                 96    0.171  25.026   0.000   0.999   0.000   0.001
B L  4E1YB                 97    0.036   6.653   0.000   1.000   0.000   0.000
B Y  4E1YB                 98    0.037   7.853   0.000   0.999   0.000   0.001
B V  4E1YB                 99    0.155  23.829   0.000   0.999   0.000   0.001
B A  4E1YB                100    0.235  25.875   0.000   0.988   0.000   0.012
E T  4E1YB                101    0.385  53.404   0.000   0.924   0.000   0.076
E G  4E1YB                102    0.478  37.608   0.000   0.000   0.000   1.000
E K  4E1YB                103    0.406  83.540   0.000   0.001   0.000   0.999
E P  4E1YB                104    0.537  76.236   0.000   0.960   0.000   0.040
E V  4E1YB                105    0.438  67.366   0.000   0.987   0.000   0.013
B Y  4E1YB                106    0.054  11.482   0.000   0.995   0.000   0.005
B A  4E1YB                107    0.013   1.431   0.000   0.999   0.000   0.001
E T  4E1YB                108    0.461  63.949   0.000   0.999   0.000   0.001
B C  4E1YB                109    0.133  18.637   0.000   0.999   0.000   0.001
B L  4E1YB                110    0.003   0.637   0.000   0.999   0.000   0.001
B L  4E1YB                111    0.057  10.483   0.000   1.000   0.000   0.000
E N  4E1YB                112    0.507  74.247   0.000   0.999   0.000   0.001
B M  4E1YB                113    0.071  14.256   0.000   0.999   0.000   0.001
B L  4E1YB                114    0.003   0.576   0.000   0.999   0.000   0.001
E D  4E1YB                115    0.252  36.382   0.000   0.999   0.000   0.001
E K  4E1YB                116    0.472  97.159   0.000   0.998   0.000   0.002
B W  4E1YB                117    0.032   7.718   0.000   0.998   0.000   0.002
B A  4E1YB                118    0.022   2.440   0.000   0.991   0.000   0.009
E K  4E1YB                119    0.597 122.752   0.000   0.918   0.000   0.082
E A  4E1YB                120    0.439  48.384   0.000   0.736   0.000   0.264
B D  4E1YB                121    0.124  17.815   0.000   0.032   0.006   0.962
E A  4E1YB                122    0.464  51.188   0.000   0.200   0.003   0.797
B L  4E1YB                123    0.205  37.513   0.000   0.132   0.007   0.861
B L  4E1YB                124    0.081  14.820   0.000   0.214   0.020   0.766
E N  4E1YB                125    0.563  82.400   0.000   0.092   0.015   0.893
E Y  4E1YB                126    0.265  56.541   0.000   0.067   0.035   0.898
E D  4E1YB                127    0.345  49.656   0.000   0.007   0.019   0.975
E P  4E1YB                128    0.382  54.190   0.000   0.081   0.004   0.915
E K  4E1YB                129    0.648 133.359   0.000   0.062   0.004   0.934
E S  4E1YB                130    0.288  33.697   0.000   0.050   0.007   0.942
E Q  4E1YB                131    0.456  81.392   0.000   0.059   0.034   0.907
B S  4E1YB                132    0.094  10.983   0.000   0.100   0.081   0.818
B W  4E1YB                133    0.121  29.060   0.000   0.821   0.011   0.168
B Y  4E1YB                134    0.098  21.009   0.000   0.910   0.008   0.082
B Q  4E1YB                135    0.090  16.012   0.000   0.973   0.003   0.023
B V  4E1YB                136    0.036   5.562   0.000   0.981   0.004   0.015
B E  4E1YB                137    0.069  12.021   0.000   0.990   0.001   0.009
B W  4E1YB                138    0.017   4.064   0.000   0.984   0.001   0.015
B S  4E1YB                139    0.027   3.118   0.000   0.995   0.000   0.005
B A  4E1YB                140    0.010   1.071   0.000   0.996   0.000   0.004
B A  4E1YB                141    0.006   0.685   0.000   0.997   0.000   0.003
B T  4E1YB                142    0.013   1.757   0.000   0.998   0.000   0.002
B A  4E1YB                143    0.005   0.523   0.000   0.999   0.000   0.001
B A  4E1YB                144    0.004   0.399   0.000   1.000   0.000   0.000
B F  4E1YB                145    0.058  11.543   0.000   0.999   0.000   0.001
B A  4E1YB                146    0.002   0.167   0.000   1.000   0.000   0.000
B L  4E1YB                147    0.011   1.979   0.000   0.999   0.000   0.001
B S  4E1YB                148    0.128  14.993   0.000   0.998   0.000   0.002
B T  4E1YB                149    0.069   9.551   0.000   0.991   0.000   0.009
B M  4E1YB                150    0.014   2.766   0.000   0.971   0.000   0.029
B M  4E1YB                151    0.240  48.087   0.000   0.811   0.000   0.189
E A  4E1YB                152    0.499  55.000   0.000   0.643   0.000   0.356
B E  4E1YB                153    0.238  41.628   0.000   0.007   0.002   0.991
E P  4E1YB                154    0.715 101.512   0.000   0.009   0.000   0.991
E N  4E1YB                155    0.690 101.047   0.000   0.013   0.000   0.986
B V  4E1YB                156    0.073  11.270   0.000   0.004   0.009   0.988
E D  4E1YB                157    0.585  84.351   0.000   0.001   0.000   0.998
E T  4E1YB                158    0.722 100.168   0.000   0.986   0.000   0.014
E A  4E1YB                159    0.543  59.837   0.000   0.992   0.000   0.008
B Q  4E1YB                160    0.189  33.674   0.000   0.995   0.000   0.005
E R  4E1YB                161    0.274  62.815   0.000   0.998   0.000   0.002
E E  4E1YB                162    0.591 103.202   0.000   0.999   0.000   0.001
E R  4E1YB                163    0.327  74.889   0.000   1.000   0.000   0.000
B V  4E1YB                164    0.004   0.604   0.000   1.000   0.000   0.000
B V  4E1YB                165    0.186  28.585   0.000   1.000   0.000   0.000
E K  4E1YB                166    0.520 107.025   0.000   0.999   0.000   0.001
B W  4E1YB                167    0.042  10.028   0.000   0.999   0.000   0.001
B L  4E1YB                168    0.004   0.796   0.000   0.999   0.000   0.001
E N  4E1YB                169    0.278  40.702   0.000   0.999   0.000   0.001
E R  4E1YB                170    0.365  83.545   0.000   0.997   0.000   0.003
B V  4E1YB                171    0.016   2.497   0.000   0.995   0.000   0.005
B A  4E1YB                172    0.013   1.427   0.000   0.987   0.000   0.012
E R  4E1YB                173    0.427  97.720   0.000   0.980   0.000   0.020
B H  4E1YB                174    0.180  32.678   0.000   0.972   0.000   0.028
B Q  4E1YB                175    0.030   5.411   0.000   0.932   0.001   0.067
B T  4E1YB                176    0.174  24.140   0.000   0.686   0.003   0.311
E S  4E1YB                177    0.463  54.265   0.000   0.355   0.006   0.639
B F  4E1YB                178    0.185  37.171   0.000   0.007   0.010   0.982
E P  4E1YB                179    0.529  75.010   0.000   0.061   0.008   0.930
E G  4E1YB                180    0.521  41.020   0.000   0.103   0.012   0.884
E G  4E1YB                181    0.316  24.904   0.000   0.168   0.038   0.794
E D  4E1YB                182    0.559  80.563   0.000   0.087   0.018   0.895
E T  4E1YB                183    0.408  56.643   0.000   0.109   0.016   0.875
E S  4E1YB                184    0.505  59.183   0.000   0.088   0.011   0.902
B C  4E1YB                185    0.196  27.561   0.000   0.048   0.034   0.919
B C  4E1YB                186    0.163  22.927   0.000   0.010   0.030   0.960
B N  4E1YB                187    0.107  15.733   0.000   0.025   0.097   0.878
B N  4E1YB                188    0.044   6.452   0.000   0.942   0.001   0.057
B A  4E1YB                189    0.062   6.877   0.000   0.978   0.000   0.022
B S  4E1YB                190    0.042   4.947   0.000   0.995   0.000   0.005
B Y  4E1YB                191    0.013   2.758   0.000   0.997   0.000   0.003
B W  4E1YB                192    0.015   3.606   0.000   0.998   0.000   0.002
B R  4E1YB                193    0.066  15.107   0.000   0.999   0.000   0.001
B G  4E1YB                194    0.004   0.302   0.000   1.000   0.000   0.000
B Q  4E1YB                195    0.022   3.850   0.000   1.000   0.000   0.000
B E  4E1YB                196    0.014   2.493   0.000   1.000   0.000   0.000
B A  4E1YB                197    0.004   0.477   0.000   1.000   0.000   0.000
B T  4E1YB                198    0.004   0.580   0.000   1.000   0.000   0.000
B I  4E1YB                199    0.008   1.434   0.000   1.000   0.000   0.000
B I  4E1YB                200    0.005   0.997   0.000   1.000   0.000   0.000
B G  4E1YB                201    0.005   0.391   0.000   1.000   0.000   0.000
B V  4E1YB                202    0.044   6.803   0.000   0.999   0.000   0.001
B I  4E1YB                203    0.061  11.313   0.000   0.986   0.000   0.014
B S  4E1YB                204    0.138  16.201   0.000   0.478   0.000   0.521
E K  4E1YB                205    0.666 136.974   0.000   0.001   0.000   0.999
E D  4E1YB                206    0.335  48.241   0.000   0.001   0.000   0.999
E D  4E1YB                207    0.514  74.133   0.000   0.984   0.000   0.016
E E  4E1YB                208    0.619 108.147   0.000   0.996   0.000   0.004
B L  4E1YB                209    0.045   8.239   0.000   0.998   0.000   0.001
B F  4E1YB                210    0.035   7.045   0.000   0.999   0.000   0.001
E R  4E1YB                211    0.496 113.533   0.000   1.000   0.000   0.000
B W  4E1YB                212    0.236  56.869   0.000   0.999   0.000   0.001
B G  4E1YB                213    0.003   0.211   0.000   0.998   0.000   0.002
B L  4E1YB                214    0.056  10.276   0.000   0.998   0.000   0.002
E G  4E1YB                215    0.293  23.087   0.000   0.990   0.000   0.010
B R  4E1YB                216    0.187  42.721   0.000   0.984   0.000   0.016
B Y  4E1YB                217    0.019   4.080   0.000   0.989   0.000   0.011
E V  4E1YB                218    0.256  39.270   0.000   0.984   0.001   0.014
E Q  4E1YB                219    0.455  81.274   0.000   0.954   0.001   0.046
B A  4E1YB                220    0.020   2.252   0.000   0.930   0.001   0.069
B M  4E1YB                221    0.127  25.428   0.000   0.924   0.001   0.075
E G  4E1YB                222    0.465  36.564   0.000   0.641   0.000   0.359
B L  4E1YB                223    0.075  13.721   0.000   0.282   0.001   0.717
B I  4E1YB                224    0.032   5.956   0.000   0.005   0.843   0.152
B N  4E1YB                225    0.230  33.601   0.000   0.000   0.009   0.991
E E  4E1YB                226    0.785 137.076   0.000   0.002   0.004   0.994
E D  4E1YB                227    0.579  83.459   0.000   0.002   0.003   0.995
B G  4E1YB                228    0.039   3.063   0.000   0.002   0.003   0.995
B S  4E1YB                229    0.055   6.498   0.000   0.005   0.025   0.971
B F  4E1YB                230    0.023   4.704   0.000   0.011   0.543   0.446
B V  4E1YB                231    0.057   8.786   0.000   0.226   0.035   0.739
B H  4E1YB                232    0.185  33.623   0.000   0.532   0.017   0.451
B E  4E1YB                233    0.042   7.327   0.000   0.689   0.008   0.303
B M  4E1YB                234    0.048   9.635   0.000   0.469   0.021   0.510
E T  4E1YB                235    0.252  34.927   0.000   0.111   0.023   0.866
B R  4E1YB                236    0.134  30.666   0.000   0.081   0.029   0.890
E H  4E1YB                237    0.477  86.829   0.000   0.090   0.014   0.896
E E  4E1YB                238    0.589 102.953   0.000   0.122   0.006   0.872
E Q  4E1YB                239    0.306  54.728   0.000   0.082   0.048   0.870
B S  4E1YB                240    0.046   5.426   0.000   0.076   0.111   0.813
B L  4E1YB                241    0.048   8.872   0.000   0.853   0.006   0.141
B H  4E1YB                242    0.052   9.514   0.000   0.934   0.004   0.062
B Y  4E1YB                243    0.040   8.614   0.000   0.979   0.002   0.020
B Q  4E1YB                244    0.011   1.919   0.000   0.991   0.000   0.008
B N  4E1YB                245    0.030   4.458   0.000   0.988   0.000   0.011
B Y  4E1YB                246    0.025   5.299   0.000   0.976   0.001   0.024
B A  4E1YB                247    0.002   0.223   0.000   0.975   0.000   0.024
B M  4E1YB                248    0.004   0.817   0.000   0.970   0.000   0.030
B L  4E1YB                249    0.049   8.984   0.000   0.998   0.000   0.001
B P  4E1YB                250    0.003   0.426   0.000   1.000   0.000   0.000
B L  4E1YB                251    0.002   0.407   0.000   1.000   0.000   0.000
B T  4E1YB                252    0.007   0.904   0.000   1.000   0.000   0.000
B M  4E1YB                253    0.023   4.657   0.000   1.000   0.000   0.000
B I  4E1YB                254    0.003   0.588   0.000   1.000   0.000   0.000
B A  4E1YB                255    0.003   0.316   0.000   1.000   0.000   0.000
B E  4E1YB                256    0.201  35.167   0.000   1.000   0.000   0.000
B T  4E1YB                257    0.024   3.346   0.000   1.000   0.000   0.000
B A  4E1YB                258    0.005   0.504   0.000   0.999   0.000   0.001
E S  4E1YB                259    0.331  38.753   0.000   0.995   0.000   0.005
E R  4E1YB                260    0.433  99.163   0.000   0.945   0.000   0.055
E Q  4E1YB                261    0.370  66.079   0.000   0.185   0.000   0.815
E G  4E1YB                262    0.838  65.918   0.000   0.001   0.000   0.999
B I  4E1YB                263    0.219  40.505   0.000   0.001   0.003   0.997
E D  4E1YB                264    0.517  74.471   0.000   0.002   0.009   0.989
B L  4E1YB                265    0.021   3.889   0.000   0.291   0.002   0.707
B Y  4E1YB                266    0.127  27.164   0.000   0.335   0.003   0.662
E A  4E1YB                267    0.408  44.915   0.000   0.377   0.004   0.618
B Y  4E1YB                268    0.194  41.501   0.000   0.114   0.021   0.866
E K  4E1YB                269    0.543 111.750   0.000   0.046   0.041   0.913
E E  4E1YB                270    0.630 110.061   0.000   0.120   0.122   0.758
E N  4E1YB                271    0.631  92.340   0.000   0.116   0.012   0.873
E G  4E1YB                272    0.482  37.946   0.000   0.218   0.007   0.774
E R  4E1YB                273    0.423  96.820   0.000   0.296   0.114   0.590
E D  4E1YB                274    0.268  38.617   0.000   0.377   0.209   0.414
B I  4E1YB                275    0.015   2.772   0.000   0.962   0.002   0.036
E H  4E1YB                276    0.273  49.652   0.000   0.996   0.000   0.004
B S  4E1YB                277    0.209  24.530   0.000   0.998   0.000   0.002
B A  4E1YB                278    0.003   0.320   0.000   0.998   0.000   0.002
B R  4E1YB                279    0.055  12.705   0.000   0.998   0.000   0.002
E K  4E1YB                280    0.432  88.955   0.000   0.998   0.000   0.002
B F  4E1YB                281    0.054  10.796   0.000   0.998   0.000   0.002
B V  4E1YB                282    0.004   0.647   0.000   0.995   0.000   0.005
B F  4E1YB                283    0.076  15.163   0.000   0.993   0.000   0.007
E A  4E1YB                284    0.273  30.127   0.000   0.988   0.000   0.012
B A  4E1YB                285    0.033   3.643   0.000   0.981   0.000   0.019
B V  4E1YB                286    0.121  18.602   0.000   0.906   0.001   0.093
E K  4E1YB                287    0.581 119.468   0.000   0.841   0.000   0.158
E N  4E1YB                288    0.402  58.822   0.000   0.004   0.001   0.995
E P  4E1YB                289    0.479  67.930   0.000   0.801   0.000   0.199
E D  4E1YB                290    0.729 105.091   0.000   0.890   0.001   0.109
B L  4E1YB                291    0.177  32.361   0.000   0.939   0.002   0.059
B I  4E1YB                292    0.031   5.671   0.000   0.851   0.031   0.118
E K  4E1YB                293    0.514 105.686   0.000   0.850   0.026   0.124
E K  4E1YB                294    0.522 107.303   0.000   0.691   0.089   0.219
B Y  4E1YB                295    0.127  27.191   0.000   0.614   0.055   0.331
B A  4E1YB                296    0.164  18.106   0.000   0.179   0.027   0.794
E S  4E1YB                297    0.689  80.789   0.000   0.026   0.014   0.960
E E  4E1YB                298    0.443  77.473   0.000   0.005   0.069   0.927
E P  4E1YB                299    0.555  78.735   0.000   0.012   0.171   0.817
B Q  4E1YB                300    0.192  34.225   0.000   0.054   0.111   0.835
E D  4E1YB                301    0.590  84.987   0.000   0.111   0.085   0.804
E T  4E1YB                302    0.370  51.281   0.000   0.192   0.078   0.730
E R  4E1YB                303    0.479 109.701   0.000   0.210   0.075   0.715
E A  4E1YB                304    0.288  31.728   0.000   0.215   0.045   0.740
B F  4E1YB                305    0.237  47.661   0.000   0.121   0.082   0.796
E K  4E1YB                306    0.479  98.593   0.000   0.011   0.059   0.930
E P  4E1YB                307    0.469  66.529   0.000   0.050   0.047   0.904
E G  4E1YB                308    0.451  35.520   0.000   0.060   0.019   0.921
E R  4E1YB                309    0.483 110.684   0.000   0.120   0.044   0.835
E G  4E1YB                310    0.349  27.464   0.000   0.184   0.061   0.755
E D  4E1YB                311    0.397  57.248   0.000   0.209   0.069   0.722
B L  4E1YB                312    0.124  22.762   0.000   0.176   0.080   0.745
B N  4E1YB                313    0.122  17.908   0.000   0.232   0.070   0.698
B W  4E1YB                314    0.018   4.409   0.000   0.966   0.001   0.033
B I  4E1YB                315    0.016   3.006   0.000   0.993   0.000   0.007
B E  4E1YB                316    0.231  40.336   0.000   0.998   0.000   0.002
B Y  4E1YB                317    0.077  16.548   0.000   0.998   0.000   0.002
B Q  4E1YB                318    0.022   3.918   0.000   0.998   0.000   0.002
B R  4E1YB                319    0.233  53.432   0.000   0.997   0.000   0.003
E A  4E1YB                320    0.403  44.423   0.000   0.992   0.000   0.008
E R  4E1YB                321    0.306  69.976   0.000   0.970   0.000   0.029
B F  4E1YB                322    0.189  37.931   0.000   0.727   0.003   0.270
E G  4E1YB                323    0.589  46.370   0.000   0.011   0.001   0.988
E F  4E1YB                324    0.269  53.988   0.000   0.033   0.011   0.956
E A  4E1YB                325    0.492  54.245   0.000   0.673   0.003   0.324
E D  4E1YB                326    0.756 108.960   0.000   0.719   0.002   0.279
E E  4E1YB                327    0.443  77.387   0.000   0.752   0.005   0.243
B L  4E1YB                328    0.195  35.716   0.000   0.689   0.007   0.304
E G  4E1YB                329    0.422  33.229   0.000   0.535   0.011   0.454
B F  4E1YB                330    0.202  40.590   0.000   0.537   0.028   0.435
B M  4E1YB                331    0.224  44.809   0.000   0.416   0.035   0.549
E T  4E1YB                332    0.394  54.594   0.000   0.222   0.068   0.710
B V  4E1YB                333    0.211  32.441   0.000   0.024   0.078   0.898
B P  4E1YB                334    0.185  26.311   0.000   0.021   0.111   0.869
B I  4E1YB                335    0.126  23.237   0.000   0.080   0.096   0.824
B F  4E1YB                336    0.247  49.480   0.000   0.072   0.163   0.765
B D  4E1YB                337    0.182  26.180   0.000   0.005   0.177   0.817
B P  4E1YB                338    0.225  31.977   0.000   0.252   0.015   0.732
E R  4E1YB                339    0.307  70.287   0.000   0.255   0.025   0.720
B T  4E1YB                340    0.049   6.809   0.000   0.223   0.031   0.746
B G  4E1YB                341    0.047   3.666   0.000   0.057   0.200   0.743
B G  4E1YB                342    0.058   4.533   0.000   0.063   0.224   0.714
B S  4E1YB                343    0.093  10.915   0.000   0.075   0.229   0.696
B G  4E1YB                344    0.036   2.817   0.000   0.534   0.081   0.385
B T  4E1YB                345    0.075  10.337   0.000   0.702   0.057   0.241
B L  4E1YB                346    0.119  21.843   0.000   0.831   0.055   0.114
B L  4E1YB                347    0.113  20.634   0.000   0.756   0.072   0.172
B A  4E1YB                348    0.143  15.714   0.000   0.534   0.108   0.358
E Y  4E1YB                349    0.266  56.830   0.000   0.071   0.162   0.767
E K  4E1YB                350    0.528 108.615   0.000   0.002   0.081   0.917
E P  4E1YB                351    0.401  56.900   0.000   0.002   0.068   0.930
E Q  4E1YB                352    0.811 144.917   0.000   0.004   0.019   0.976
E G  4E1YB                353    0.941  74.054   0.000   0.000   0.000   1.000
