# For publication of results, please cite:
# ...
# ... Michael Schantz Klausen, Martin Closter Jespersen, Henrik Nielsen, Kamilla Kjærgaard Jensen, 
# ... Vanessa Isabell Jurtz, Casper Kaae Sønderby, Morten Otto Alexander Sommer, Ole Winther, 
# ... Morten Nielsen, Bent Petersen, and Paolo Marcatili. 
# ... NetSurfP-2.0: Improved prediction of protein structural features by integrated deep learning.
# ... Proteins: Structure, Function, and Bioinformatics (Feb. 2019).
# ... https://doi.org/10.1002/prot.25674
# ...
#
# Column 1: Class assignment - B for buried or E for Exposed - Threshold: 25% exposure, but not based on RSA
# Column 2: Amino acid
# Column 3: Sequence name
# Column 4: Amino acid number
# Column 5: Relative Surface Accessibility - RSA
# Column 6: Absolute Surface Accessibility
# Column 7: Not used
# Column 8: Probability for Alpha-Helix
# Column 9: Probability for Beta-strand
# Column 10: Probability for Coil
E T  3GYVA                  1    0.939 130.255   0.000   0.000   0.000   1.000
E D  3GYVA                  2    0.906 130.594   0.000   0.014   0.002   0.984
E L  3GYVA                  3    0.457  83.592   0.000   0.005   0.001   0.994
E T  3GYVA                  4    0.550  76.308   0.000   0.009   0.000   0.990
E E  3GYVA                  5    0.790 137.988   0.000   0.827   0.000   0.173
E E  3GYVA                  6    0.696 121.657   0.000   0.858   0.000   0.142
E Q  3GYVA                  7    0.537  95.825   0.000   0.896   0.000   0.104
E K  3GYVA                  8    0.536 110.253   0.000   0.909   0.000   0.090
E E  3GYVA                  9    0.576 100.635   0.000   0.926   0.000   0.073
E T  3GYVA                 10    0.499  69.185   0.000   0.966   0.000   0.034
E L  3GYVA                 11    0.455  83.328   0.000   0.960   0.000   0.040
E K  3GYVA                 12    0.565 116.215   0.000   0.974   0.000   0.026
E K  3GYVA                 13    0.566 116.400   0.000   0.970   0.000   0.030
E L  3GYVA                 14    0.432  79.079   0.000   0.973   0.000   0.027
E K  3GYVA                 15    0.501 103.126   0.000   0.986   0.000   0.014
E L  3GYVA                 16    0.503  92.137   0.000   0.978   0.000   0.022
E Y  3GYVA                 17    0.457  97.592   0.000   0.986   0.000   0.014
E Q  3GYVA                 18    0.435  77.715   0.000   0.990   0.000   0.010
E K  3GYVA                 19    0.538 110.651   0.000   0.983   0.000   0.017
E E  3GYVA                 20    0.526  91.854   0.000   0.983   0.000   0.017
E Y  3GYVA                 21    0.418  89.382   0.000   0.985   0.000   0.015
E Y  3GYVA                 22    0.556 118.765   0.000   0.986   0.000   0.014
E D  3GYVA                 23    0.596  85.877   0.000   0.983   0.000   0.017
E Y  3GYVA                 24    0.424  90.539   0.000   0.991   0.000   0.008
E E  3GYVA                 25    0.421  73.619   0.000   0.995   0.000   0.005
E S  3GYVA                 26    0.444  52.068   0.000   0.993   0.000   0.007
E K  3GYVA                 27    0.524 107.727   0.000   0.993   0.000   0.007
E F  3GYVA                 28    0.379  76.069   0.000   0.991   0.000   0.009
E E  3GYVA                 29    0.561  97.934   0.000   0.995   0.000   0.005
E Y  3GYVA                 30    0.610 130.425   0.000   0.993   0.000   0.007
E E  3GYVA                 31    0.471  82.364   0.000   0.992   0.000   0.008
E L  3GYVA                 32    0.328  59.986   0.000   0.994   0.000   0.006
E F  3GYVA                 33    0.555 111.459   0.000   0.996   0.000   0.004
E L  3GYVA                 34    0.473  86.529   0.000   0.996   0.000   0.004
E L  3GYVA                 35    0.298  54.556   0.000   0.997   0.000   0.003
E R  3GYVA                 36    0.469 107.330   0.000   0.997   0.000   0.003
E Q  3GYVA                 37    0.524  93.538   0.000   0.996   0.000   0.004
E K  3GYVA                 38    0.468  96.167   0.000   0.995   0.000   0.005
E Y  3GYVA                 39    0.271  57.886   0.000   0.990   0.000   0.010
E H  3GYVA                 40    0.487  88.636   0.000   0.992   0.000   0.008
E D  3GYVA                 41    0.756 108.887   0.000   0.992   0.000   0.008
E L  3GYVA                 42    0.420  76.874   0.000   0.970   0.000   0.030
B Y  3GYVA                 43    0.248  52.911   0.000   0.881   0.000   0.118
E G  3GYVA                 44    0.259  20.344   0.000   0.975   0.000   0.025
E P  3GYVA                 45    0.512  72.603   0.000   0.989   0.000   0.011
B I  3GYVA                 46    0.217  40.151   0.000   0.994   0.000   0.006
B Y  3GYVA                 47    0.221  47.287   0.000   0.994   0.000   0.006
E D  3GYVA                 48    0.535  77.091   0.000   0.983   0.000   0.016
E K  3GYVA                 49    0.456  93.704   0.000   0.968   0.000   0.032
B R  3GYVA                 50    0.178  40.827   0.000   0.986   0.000   0.014
E R  3GYVA                 51    0.403  92.223   0.000   0.988   0.000   0.011
E E  3GYVA                 52    0.525  91.798   0.000   0.989   0.000   0.011
B A  3GYVA                 53    0.150  16.562   0.000   0.982   0.000   0.017
B L  3GYVA                 54    0.207  37.906   0.000   0.930   0.001   0.069
E V  3GYVA                 55    0.459  70.572   0.000   0.603   0.003   0.394
E G  3GYVA                 56    0.377  29.669   0.000   0.041   0.004   0.955
E N  3GYVA                 57    0.743 108.739   0.000   0.022   0.007   0.971
E G  3GYVA                 58    0.550  43.253   0.000   0.060   0.008   0.932
E E  3GYVA                 59    0.724 126.425   0.000   0.043   0.015   0.943
E A  3GYVA                 60    0.347  38.272   0.000   0.033   0.017   0.950
E K  3GYVA                 61    0.641 131.821   0.000   0.023   0.023   0.954
E I  3GYVA                 62    0.537  99.372   0.000   0.022   0.022   0.956
E G  3GYVA                 63    0.616  48.490   0.000   0.011   0.005   0.983
E T  3GYVA                 64    0.323  44.808   0.000   0.006   0.033   0.961
E P  3GYVA                 65    0.584  82.832   0.000   0.008   0.017   0.975
E N  3GYVA                 66    0.637  93.329   0.000   0.014   0.013   0.973
B L  3GYVA                 67    0.143  26.177   0.000   0.057   0.072   0.870
E P  3GYVA                 68    0.348  49.352   0.000   0.017   0.020   0.963
E E  3GYVA                 69    0.419  73.198   0.000   0.177   0.006   0.817
B F  3GYVA                 70    0.095  18.984   0.000   0.897   0.002   0.101
B W  3GYVA                 71    0.086  20.726   0.000   0.984   0.001   0.015
B L  3GYVA                 72    0.079  14.378   0.000   0.997   0.000   0.003
E R  3GYVA                 73    0.272  62.278   0.000   0.998   0.000   0.002
B A  3GYVA                 74    0.031   3.421   0.000   0.997   0.000   0.003
B L  3GYVA                 75    0.044   8.054   0.000   0.982   0.000   0.018
E R  3GYVA                 76    0.366  83.727   0.000   0.826   0.002   0.172
E N  3GYVA                 77    0.371  54.246   0.000   0.485   0.001   0.515
B N  3GYVA                 78    0.096  14.120   0.000   0.017   0.008   0.975
E N  3GYVA                 79    0.639  93.492   0.000   0.785   0.001   0.214
E T  3GYVA                 80    0.358  49.588   0.000   0.782   0.003   0.216
B V  3GYVA                 81    0.021   3.257   0.000   0.902   0.001   0.098
B S  3GYVA                 82    0.203  23.766   0.000   0.893   0.001   0.107
E H  3GYVA                 83    0.690 125.550   0.000   0.582   0.000   0.417
B V  3GYVA                 84    0.219  33.656   0.000   0.464   0.001   0.535
B I  3GYVA                 85    0.045   8.260   0.000   0.008   0.017   0.974
E E  3GYVA                 86    0.446  77.956   0.000   0.004   0.004   0.992
E D  3GYVA                 87    0.766 110.422   0.000   0.909   0.001   0.090
E H  3GYVA                 88    0.492  89.518   0.000   0.835   0.001   0.164
B D  3GYVA                 89    0.031   4.510   0.000   0.901   0.001   0.098
E E  3GYVA                 90    0.397  69.372   0.000   0.987   0.000   0.013
E E  3GYVA                 91    0.535  93.382   0.000   0.992   0.000   0.007
B I  3GYVA                 92    0.025   4.709   0.000   0.996   0.000   0.004
B L  3GYVA                 93    0.049   8.927   0.000   0.984   0.000   0.016
E V  3GYVA                 94    0.380  58.350   0.000   0.469   0.001   0.529
B Y  3GYVA                 95    0.140  29.879   0.000   0.236   0.001   0.763
B L  3GYVA                 96    0.025   4.514   0.000   0.000   0.975   0.025
E N  3GYVA                 97    0.374  54.686   0.000   0.000   0.992   0.008
E D  3GYVA                 98    0.388  55.889   0.000   0.000   0.995   0.005
B I  3GYVA                 99    0.066  12.289   0.000   0.000   0.995   0.005
E R  3GYVA                100    0.451 103.235   0.000   0.000   0.999   0.001
B C  3GYVA                101    0.157  22.081   0.000   0.000   0.996   0.003
E D  3GYVA                102    0.441  63.517   0.000   0.000   0.996   0.004
E Y  3GYVA                103    0.348  74.465   0.000   0.000   0.980   0.019
E I  3GYVA                104    0.293  54.141   0.000   0.010   0.744   0.246
E K  3GYVA                105    0.560 115.249   0.000   0.017   0.672   0.311
E K  3GYVA                106    0.581 119.412   0.000   0.026   0.606   0.368
E N  3GYVA                107    0.412  60.365   0.000   0.011   0.213   0.775
E K  3GYVA                108    0.791 162.770   0.000   0.030   0.006   0.964
E E  3GYVA                109    0.834 145.688   0.000   0.032   0.006   0.962
E K  3GYVA                110    0.540 110.998   0.000   0.068   0.073   0.859
E K  3GYVA                111    0.505 103.970   0.000   0.009   0.112   0.879
E E  3GYVA                112    0.373  65.209   0.000   0.010   0.424   0.566
B G  3GYVA                113    0.048   3.786   0.000   0.001   0.794   0.205
B F  3GYVA                114    0.041   8.206   0.000   0.000   0.968   0.031
B I  3GYVA                115    0.143  26.537   0.000   0.000   0.995   0.005
B L  3GYVA                116    0.009   1.712   0.000   0.000   0.999   0.001
B S  3GYVA                117    0.135  15.816   0.000   0.000   0.999   0.001
B F  3GYVA                118    0.017   3.352   0.000   0.000   0.998   0.002
E Y  3GYVA                119    0.294  62.850   0.000   0.000   0.990   0.010
B F  3GYVA                120    0.058  11.668   0.000   0.001   0.872   0.128
E A  3GYVA                121    0.338  37.207   0.000   0.002   0.150   0.848
E T  3GYVA                122    0.656  91.015   0.000   0.002   0.169   0.829
B N  3GYVA                123    0.162  23.665   0.000   0.001   0.087   0.913
E P  3GYVA                124    0.706 100.199   0.000   0.022   0.004   0.973
E F  3GYVA                125    0.318  63.905   0.000   0.021   0.007   0.972
B F  3GYVA                126    0.102  20.466   0.000   0.041   0.357   0.602
E S  3GYVA                127    0.465  54.477   0.000   0.010   0.459   0.531
E N  3GYVA                128    0.461  67.453   0.000   0.006   0.187   0.808
E S  3GYVA                129    0.315  36.948   0.000   0.002   0.485   0.512
E V  3GYVA                130    0.266  40.887   0.000   0.000   0.977   0.022
B L  3GYVA                131    0.040   7.384   0.000   0.000   0.991   0.009
B T  3GYVA                132    0.219  30.444   0.000   0.000   0.995   0.005
B K  3GYVA                133    0.076  15.629   0.000   0.000   0.998   0.002
B T  3GYVA                134    0.199  27.560   0.000   0.000   0.998   0.002
B Y  3GYVA                135    0.057  12.218   0.000   0.000   0.996   0.004
E H  3GYVA                136    0.272  49.513   0.000   0.000   0.988   0.012
B M  3GYVA                137    0.072  14.444   0.000   0.001   0.942   0.057
E K  3GYVA                138    0.420  86.345   0.000   0.002   0.844   0.154
B C  3GYVA                139    0.211  29.670   0.000   0.002   0.736   0.263
E V  3GYVA                140    0.410  63.050   0.000   0.011   0.427   0.562
E D  3GYVA                141    0.720 103.762   0.000   0.011   0.124   0.864
E C  3GYVA                142    0.467  65.562   0.000   0.022   0.140   0.838
E D  3GYVA                143    0.825 118.864   0.000   0.016   0.010   0.975
E N  3GYVA                144    0.824 120.582   0.000   0.014   0.005   0.981
E E  3GYVA                145    0.623 108.760   0.000   0.002   0.181   0.817
E P  3GYVA                146    0.323  45.852   0.000   0.001   0.418   0.581
E V  3GYVA                147    0.332  50.961   0.000   0.002   0.734   0.264
E L  3GYVA                148    0.311  56.919   0.000   0.001   0.952   0.047
E L  3GYVA                149    0.317  58.082   0.000   0.001   0.952   0.047
E H  3GYVA                150    0.407  73.966   0.000   0.000   0.988   0.012
B T  3GYVA                151    0.147  20.353   0.000   0.000   0.940   0.060
E E  3GYVA                152    0.496  86.673   0.000   0.000   0.943   0.057
E A  3GYVA                153    0.267  29.435   0.000   0.001   0.759   0.240
B T  3GYVA                154    0.193  26.818   0.000   0.001   0.688   0.311
E V  3GYVA                155    0.419  64.403   0.000   0.001   0.792   0.208
B I  3GYVA                156    0.079  14.586   0.000   0.003   0.640   0.358
E D  3GYVA                157    0.480  69.169   0.000   0.003   0.514   0.483
B W  3GYVA                158    0.180  43.324   0.000   0.027   0.254   0.719
E Y  3GYVA                159    0.406  86.844   0.000   0.033   0.121   0.847
E D  3GYVA                160    0.711 102.384   0.000   0.033   0.027   0.940
E N  3GYVA                161    0.718 105.056   0.000   0.024   0.013   0.963
E K  3GYVA                162    0.443  91.188   0.000   0.019   0.271   0.710
E N  3GYVA                163    0.406  59.398   0.000   0.009   0.311   0.681
B I  3GYVA                164    0.185  34.259   0.000   0.046   0.036   0.918
E L  3GYVA                165    0.272  49.791   0.000   0.057   0.059   0.884
E K  3GYVA                166    0.619 127.304   0.000   0.044   0.062   0.893
E K  3GYVA                167    0.569 116.975   0.000   0.046   0.058   0.897
E N  3GYVA                168    0.653  95.601   0.000   0.022   0.140   0.838
E V  3GYVA                169    0.529  81.233   0.000   0.022   0.232   0.746
E V  3GYVA                170    0.612  94.027   0.000   0.014   0.231   0.755
E K  3GYVA                171    0.665 136.756   0.000   0.010   0.158   0.832
E K  3GYVA                172    0.680 139.905   0.000   0.007   0.096   0.897
E Q  3GYVA                173    0.677 120.987   0.000   0.006   0.044   0.950
E H  3GYVA                174    0.666 121.124   0.000   0.006   0.041   0.953
E N  3GYVA                175    0.585  85.594   0.000   0.004   0.010   0.985
E K  3GYVA                176    0.744 153.106   0.000   0.002   0.001   0.996
E N  3GYVA                177    0.856 125.261   0.000   0.003   0.001   0.996
E S  3GYVA                178    0.603  70.721   0.000   0.005   0.006   0.989
E R  3GYVA                179    0.762 174.469   0.000   0.002   0.009   0.989
E E  3GYVA                180    0.732 127.821   0.000   0.003   0.041   0.956
E V  3GYVA                181    0.637  97.908   0.000   0.002   0.098   0.900
E K  3GYVA                182    0.638 131.210   0.000   0.002   0.234   0.764
E T  3GYVA                183    0.656  91.042   0.000   0.002   0.323   0.675
E V  3GYVA                184    0.457  70.258   0.000   0.003   0.374   0.623
E Q  3GYVA                185    0.678 121.115   0.000   0.003   0.562   0.435
E Q  3GYVA                186    0.550  98.296   0.000   0.003   0.686   0.311
E T  3GYVA                187    0.644  89.353   0.000   0.004   0.677   0.319
E V  3GYVA                188    0.323  49.645   0.000   0.005   0.419   0.575
E N  3GYVA                189    0.778 113.854   0.000   0.005   0.199   0.796
E R  3GYVA                190    0.421  96.483   0.000   0.026   0.078   0.895
E D  3GYVA                191    0.655  94.365   0.000   0.019   0.026   0.956
B S  3GYVA                192    0.109  12.778   0.000   0.016   0.041   0.944
B F  3GYVA                193    0.118  23.646   0.000   0.532   0.006   0.462
B F  3GYVA                194    0.126  25.359   0.000   0.607   0.009   0.384
E H  3GYVA                195    0.287  52.245   0.000   0.704   0.011   0.285
B F  3GYVA                196    0.080  15.971   0.000   0.776   0.003   0.222
B F  3GYVA                197    0.090  18.109   0.000   0.488   0.020   0.492
E T  3GYVA                198    0.301  41.783   0.000   0.136   0.038   0.826
E S  3GYVA                199    0.333  39.066   0.000   0.027   0.039   0.933
E H  3GYVA                200    0.491  89.361   0.000   0.041   0.021   0.939
E K  3GYVA                201    0.646 132.899   0.000   0.033   0.030   0.937
E V  3GYVA                202    0.321  49.405   0.000   0.004   0.008   0.989
E P  3GYVA                203    0.400  56.797   0.000   0.015   0.003   0.982
E N  3GYVA                204    0.692 101.318   0.000   0.027   0.002   0.971
E S  3GYVA                205    0.516  60.493   0.000   0.265   0.003   0.732
E N  3GYVA                206    0.794 116.306   0.000   0.248   0.002   0.750
E V  3GYVA                207    0.367  56.403   0.000   0.392   0.016   0.591
E I  3GYVA                208    0.261  48.340   0.000   0.597   0.005   0.398
E K  3GYVA                209    0.720 148.147   0.000   0.494   0.003   0.503
E Q  3GYVA                210    0.805 143.768   0.000   0.393   0.003   0.604
E L  3GYVA                211    0.255  46.768   0.000   0.024   0.003   0.974
E S  3GYVA                212    0.546  64.014   0.000   0.031   0.001   0.969
E K  3GYVA                213    0.761 156.559   0.000   0.732   0.000   0.268
E H  3GYVA                214    0.764 138.936   0.000   0.736   0.001   0.263
E E  3GYVA                215    0.476  83.089   0.000   0.806   0.001   0.193
E V  3GYVA                216    0.351  53.963   0.000   0.852   0.001   0.147
E A  3GYVA                217    0.537  59.164   0.000   0.831   0.001   0.168
E Q  3GYVA                218    0.582 104.017   0.000   0.854   0.001   0.145
B L  3GYVA                219    0.231  42.281   0.000   0.913   0.001   0.086
E E  3GYVA                220    0.514  89.762   0.000   0.949   0.001   0.050
E M  3GYVA                221    0.520 104.112   0.000   0.940   0.002   0.059
E I  3GYVA                222    0.270  49.890   0.000   0.967   0.001   0.032
B I  3GYVA                223    0.158  29.243   0.000   0.942   0.002   0.056
E E  3GYVA                224    0.545  95.174   0.000   0.931   0.001   0.069
E G  3GYVA                225    0.283  22.239   0.000   0.882   0.000   0.118
B D  3GYVA                226    0.131  18.851   0.000   0.818   0.001   0.182
E Y  3GYVA                227    0.310  66.172   0.000   0.983   0.001   0.016
E E  3GYVA                228    0.531  92.795   0.000   0.993   0.000   0.006
B V  3GYVA                229    0.067  10.310   0.000   0.993   0.000   0.007
B A  3GYVA                230    0.025   2.736   0.000   0.998   0.000   0.002
E L  3GYVA                231    0.302  55.342   0.000   0.997   0.000   0.003
B T  3GYVA                232    0.174  24.154   0.000   0.999   0.000   0.001
B I  3GYVA                233    0.036   6.640   0.000   0.999   0.000   0.001
E K  3GYVA                234    0.264  54.300   0.000   0.999   0.000   0.001
E E  3GYVA                235    0.651 113.728   0.000   0.996   0.000   0.004
E R  3GYVA                236    0.438 100.326   0.000   0.985   0.000   0.015
B I  3GYVA                237    0.033   6.093   0.000   0.971   0.000   0.028
B I  3GYVA                238    0.060  11.150   0.000   0.994   0.000   0.006
E P  3GYVA                239    0.312  44.303   0.000   0.988   0.000   0.012
E Y  3GYVA                240    0.284  60.752   0.000   0.991   0.000   0.009
B A  3GYVA                241    0.014   1.501   0.000   0.995   0.000   0.005
B V  3GYVA                242    0.106  16.353   0.000   0.996   0.001   0.003
E D  3GYVA                243    0.405  58.411   0.000   0.995   0.000   0.004
B Y  3GYVA                244    0.204  43.521   0.000   0.995   0.000   0.005
B Y  3GYVA                245    0.141  30.038   0.000   0.977   0.001   0.021
E L  3GYVA                246    0.280  51.289   0.000   0.733   0.004   0.262
E G  3GYVA                247    0.511  40.223   0.000   0.010   0.008   0.982
E I  3GYVA                248    0.554 102.431   0.000   0.006   0.020   0.974
E I  3GYVA                249    0.547 101.236   0.000   0.000   0.000   0.999
