# For publication of results, please cite:
# ...
# ... Michael Schantz Klausen, Martin Closter Jespersen, Henrik Nielsen, Kamilla Kjærgaard Jensen, 
# ... Vanessa Isabell Jurtz, Casper Kaae Sønderby, Morten Otto Alexander Sommer, Ole Winther, 
# ... Morten Nielsen, Bent Petersen, and Paolo Marcatili. 
# ... NetSurfP-2.0: Improved prediction of protein structural features by integrated deep learning.
# ... Proteins: Structure, Function, and Bioinformatics (Feb. 2019).
# ... https://doi.org/10.1002/prot.25674
# ...
#
# Column 1: Class assignment - B for buried or E for Exposed - Threshold: 25% exposure, but not based on RSA
# Column 2: Amino acid
# Column 3: Sequence name
# Column 4: Amino acid number
# Column 5: Relative Surface Accessibility - RSA
# Column 6: Absolute Surface Accessibility
# Column 7: Not used
# Column 8: Probability for Alpha-Helix
# Column 9: Probability for Beta-strand
# Column 10: Probability for Coil
E M  2HJJA                  1    0.891 178.277   0.000   0.000   0.000   1.000
E T  2HJJA                  2    0.866 120.109   0.000   0.001   0.002   0.996
E Q  2HJJA                  3    0.839 149.866   0.000   0.006   0.014   0.980
E S  2HJJA                  4    0.743  87.124   0.000   0.009   0.041   0.950
E V  2HJJA                  5    0.621  95.397   0.000   0.006   0.072   0.922
E L  2HJJA                  6    0.615 112.588   0.000   0.004   0.115   0.881
E L  2HJJA                  7    0.294  53.757   0.000   0.000   0.038   0.962
E P  2HJJA                  8    0.377  53.442   0.000   0.000   0.002   0.998
E P  2HJJA                  9    0.758 107.597   0.000   0.000   0.006   0.994
E G  2HJJA                 10    0.450  35.441   0.000   0.000   0.238   0.762
E P  2HJJA                 11    0.707 100.258   0.000   0.001   0.111   0.889
B F  2HJJA                 12    0.163  32.703   0.000   0.002   0.290   0.708
E T  2HJJA                 13    0.440  61.011   0.000   0.001   0.131   0.868
E R  2HJJA                 14    0.565 129.470   0.000   0.980   0.000   0.020
E R  2HJJA                 15    0.746 170.799   0.000   0.989   0.000   0.010
E Q  2HJJA                 16    0.422  75.362   0.000   0.994   0.000   0.006
B A  2HJJA                 17    0.093  10.205   0.000   0.993   0.000   0.007
E Q  2HJJA                 18    0.546  97.465   0.000   0.993   0.000   0.006
E A  2HJJA                 19    0.473  52.178   0.000   0.985   0.000   0.015
B V  2HJJA                 20    0.203  31.159   0.000   0.982   0.000   0.018
B T  2HJJA                 21    0.223  30.882   0.000   0.971   0.003   0.026
E T  2HJJA                 22    0.637  88.416   0.000   0.801   0.009   0.190
E T  2HJJA                 23    0.496  68.803   0.000   0.599   0.006   0.395
B Y  2HJJA                 24    0.184  39.274   0.000   0.072   0.297   0.631
E S  2HJJA                 25    0.420  49.222   0.000   0.007   0.785   0.208
E N  2HJJA                 26    0.649  95.028   0.000   0.007   0.572   0.421
B I  2HJJA                 27    0.143  26.434   0.000   0.001   0.883   0.116
E T  2HJJA                 28    0.444  61.539   0.000   0.001   0.968   0.031
E L  2HJJA                 29    0.253  46.270   0.000   0.001   0.969   0.030
E E  2HJJA                 30    0.534  93.302   0.000   0.000   0.979   0.020
E D  2HJJA                 31    0.386  55.676   0.000   0.005   0.530   0.465
E D  2HJJA                 32    0.737 106.145   0.000   0.022   0.076   0.902
E Q  2HJJA                 33    0.775 138.358   0.000   0.022   0.016   0.962
E G  2HJJA                 34    0.418  32.905   0.000   0.007   0.036   0.957
E S  2HJJA                 35    0.272  31.837   0.000   0.002   0.083   0.915
E H  2HJJA                 36    0.292  53.073   0.000   0.000   0.917   0.083
B F  2HJJA                 37    0.060  12.051   0.000   0.000   0.990   0.009
E R  2HJJA                 38    0.294  67.222   0.000   0.000   0.996   0.004
B L  2HJJA                 39    0.037   6.829   0.000   0.000   0.998   0.002
B V  2HJJA                 40    0.110  16.892   0.000   0.000   0.998   0.002
B V  2HJJA                 41    0.083  12.820   0.000   0.000   0.989   0.011
E R  2HJJA                 42    0.353  80.927   0.000   0.000   0.985   0.015
B D  2HJJA                 43    0.218  31.362   0.000   0.000   0.091   0.908
E T  2HJJA                 44    0.847 117.429   0.000   0.000   0.000   1.000
E E  2HJJA                 45    0.878 153.455   0.000   0.001   0.000   0.999
E G  2HJJA                 46    0.500  39.339   0.000   0.001   0.000   0.999
E R  2HJJA                 47    0.562 128.756   0.000   0.000   0.020   0.980
E M  2HJJA                 48    0.281  56.177   0.000   0.000   0.996   0.004
B V  2HJJA                 49    0.246  37.788   0.000   0.000   0.992   0.008
B W  2HJJA                 50    0.240  57.711   0.000   0.000   0.998   0.002
E R  2HJJA                 51    0.268  61.439   0.000   0.000   0.998   0.002
B A  2HJJA                 52    0.132  14.582   0.000   0.001   0.986   0.013
E W  2HJJA                 53    0.310  74.459   0.000   0.002   0.932   0.066
E N  2HJJA                 54    0.299  43.798   0.000   0.001   0.708   0.291
E F  2HJJA                 55    0.357  71.620   0.000   0.013   0.228   0.759
E E  2HJJA                 56    0.480  83.900   0.000   0.009   0.015   0.976
E P  2HJJA                 57    0.709 100.625   0.000   0.112   0.002   0.885
E D  2HJJA                 58    0.708 102.019   0.000   0.078   0.003   0.919
B A  2HJJA                 59    0.139  15.306   0.000   0.743   0.003   0.254
B G  2HJJA                 60    0.212  16.650   0.000   0.813   0.003   0.184
E E  2HJJA                 61    0.669 116.932   0.000   0.954   0.001   0.045
E G  2HJJA                 62    0.296  23.319   0.000   0.952   0.001   0.048
B L  2HJJA                 63    0.149  27.323   0.000   0.979   0.001   0.020
E N  2HJJA                 64    0.305  44.604   0.000   0.987   0.000   0.013
E R  2HJJA                 65    0.603 138.016   0.000   0.987   0.000   0.013
E Y  2HJJA                 66    0.357  76.375   0.000   0.987   0.001   0.012
B I  2HJJA                 67    0.118  21.824   0.000   0.973   0.002   0.026
E R  2HJJA                 68    0.630 144.189   0.000   0.964   0.000   0.036
E T  2HJJA                 69    0.734 101.797   0.000   0.831   0.000   0.169
E S  2HJJA                 70    0.426  49.911   0.000   0.195   0.001   0.804
E G  2HJJA                 71    0.603  47.495   0.000   0.024   0.006   0.970
B I  2HJJA                 72    0.224  41.381   0.000   0.016   0.036   0.948
E R  2HJJA                 73    0.667 152.738   0.000   0.027   0.088   0.886
E T  2HJJA                 74    0.591  81.989   0.000   0.044   0.091   0.865
E D  2HJJA                 75    0.665  95.812   0.000   0.047   0.074   0.879
E T  2HJJA                 76    0.606  84.014   0.000   0.068   0.064   0.868
E A  2HJJA                 77    0.526  57.991   0.000   0.089   0.051   0.860
E T  2HJJA                 78    0.609  84.522   0.000   0.070   0.065   0.864
E R  2HJJA                 79    0.634 145.162   0.000   0.051   0.058   0.891
E L  2HJJA                 80    0.605 110.817   0.000   0.034   0.018   0.948
E E  2HJJA                 81    0.701 122.434   0.000   0.017   0.009   0.975
E H  2HJJA                 82    0.701 127.448   0.000   0.011   0.003   0.987
E H  2HJJA                 83    0.679 123.584   0.000   0.007   0.002   0.991
E H  2HJJA                 84    0.678 123.286   0.000   0.006   0.003   0.991
E H  2HJJA                 85    0.669 121.602   0.000   0.009   0.005   0.986
E H  2HJJA                 86    0.736 133.809   0.000   0.008   0.006   0.986
E H  2HJJA                 87    0.895 162.714   0.000   0.000   0.000   1.000
