# For publication of results, please cite:
# ...
# ... Michael Schantz Klausen, Martin Closter Jespersen, Henrik Nielsen, Kamilla Kjærgaard Jensen, 
# ... Vanessa Isabell Jurtz, Casper Kaae Sønderby, Morten Otto Alexander Sommer, Ole Winther, 
# ... Morten Nielsen, Bent Petersen, and Paolo Marcatili. 
# ... NetSurfP-2.0: Improved prediction of protein structural features by integrated deep learning.
# ... Proteins: Structure, Function, and Bioinformatics (Feb. 2019).
# ... https://doi.org/10.1002/prot.25674
# ...
#
# Column 1: Class assignment - B for buried or E for Exposed - Threshold: 25% exposure, but not based on RSA
# Column 2: Amino acid
# Column 3: Sequence name
# Column 4: Amino acid number
# Column 5: Relative Surface Accessibility - RSA
# Column 6: Absolute Surface Accessibility
# Column 7: Not used
# Column 8: Probability for Alpha-Helix
# Column 9: Probability for Beta-strand
# Column 10: Probability for Coil
E M  2CSMA                  1    0.736 147.288   0.000   0.000   0.000   1.000
E D  2CSMA                  2    0.809 116.569   0.000   0.003   0.002   0.995
E F  2CSMA                  3    0.408  81.832   0.000   0.010   0.003   0.987
E T  2CSMA                  4    0.651  90.232   0.000   0.013   0.002   0.985
E K  2CSMA                  5    0.570 117.300   0.000   0.012   0.001   0.987
E P  2CSMA                  6    0.385  54.631   0.000   0.635   0.001   0.364
E E  2CSMA                  7    0.755 131.837   0.000   0.655   0.001   0.344
E T  2CSMA                  8    0.596  82.670   0.000   0.504   0.004   0.492
E V  2CSMA                  9    0.387  59.538   0.000   0.064   0.038   0.898
B L  2CSMA                 10    0.177  32.422   0.000   0.014   0.025   0.961
E N  2CSMA                 11    0.495  72.490   0.000   0.008   0.013   0.978
B L  2CSMA                 12    0.203  37.245   0.000   0.879   0.001   0.121
E Q  2CSMA                 13    0.579 103.355   0.000   0.961   0.000   0.039
E N  2CSMA                 14    0.417  61.081   0.000   0.959   0.001   0.040
B I  2CSMA                 15    0.064  11.845   0.000   0.985   0.000   0.015
E R  2CSMA                 16    0.259  59.200   0.000   0.993   0.000   0.006
E D  2CSMA                 17    0.484  69.816   0.000   0.993   0.000   0.007
E E  2CSMA                 18    0.286  49.990   0.000   0.994   0.000   0.006
B L  2CSMA                 19    0.060  11.048   0.000   0.995   0.000   0.005
B V  2CSMA                 20    0.195  29.940   0.000   0.993   0.000   0.007
E R  2CSMA                 21    0.475 108.793   0.000   0.980   0.000   0.020
B M  2CSMA                 22    0.137  27.407   0.000   0.955   0.000   0.045
B E  2CSMA                 23    0.092  16.001   0.000   0.988   0.000   0.012
E D  2CSMA                 24    0.343  49.412   0.000   0.990   0.000   0.010
E S  2CSMA                 25    0.319  37.390   0.000   0.994   0.000   0.006
B I  2CSMA                 26    0.073  13.473   0.000   0.998   0.000   0.002
B I  2CSMA                 27    0.100  18.440   0.000   0.999   0.000   0.001
E F  2CSMA                 28    0.421  84.412   0.000   0.997   0.000   0.002
E K  2CSMA                 29    0.283  58.120   0.000   0.997   0.000   0.003
B F  2CSMA                 30    0.068  13.670   0.000   0.998   0.000   0.002
B I  2CSMA                 31    0.195  36.155   0.000   0.999   0.000   0.001
E E  2CSMA                 32    0.407  71.080   0.000   0.991   0.000   0.008
B R  2CSMA                 33    0.218  49.934   0.000   0.970   0.000   0.029
B S  2CSMA                 34    0.103  12.097   0.000   0.836   0.000   0.164
E H  2CSMA                 35    0.439  79.923   0.000   0.578   0.001   0.421
E F  2CSMA                 36    0.267  53.523   0.000   0.695   0.002   0.302
E A  2CSMA                 37    0.268  29.484   0.000   0.321   0.009   0.670
E T  2CSMA                 38    0.474  65.793   0.000   0.252   0.021   0.727
B C  2CSMA                 39    0.217  30.463   0.000   0.004   0.010   0.986
E P  2CSMA                 40    0.567  80.521   0.000   0.660   0.001   0.338
E S  2CSMA                 41    0.545  63.907   0.000   0.729   0.003   0.268
B V  2CSMA                 42    0.170  26.083   0.000   0.654   0.006   0.340
B Y  2CSMA                 43    0.152  32.516   0.000   0.257   0.074   0.669
E E  2CSMA                 44    0.547  95.503   0.000   0.052   0.032   0.916
E A  2CSMA                 45    0.626  68.967   0.000   0.019   0.010   0.972
E N  2CSMA                 46    0.856 125.330   0.000   0.011   0.002   0.986
E H  2CSMA                 47    0.307  55.907   0.000   0.004   0.020   0.976
E P  2CSMA                 48    0.715 101.448   0.000   0.049   0.005   0.946
E G  2CSMA                 49    0.479  37.713   0.000   0.084   0.014   0.902
B L  2CSMA                 50    0.188  34.346   0.000   0.070   0.093   0.837
E E  2CSMA                 51    0.710 124.095   0.000   0.026   0.098   0.876
B I  2CSMA                 52    0.163  30.137   0.000   0.003   0.063   0.934
E P  2CSMA                 53    0.537  76.169   0.000   0.013   0.007   0.980
E N  2CSMA                 54    0.802 117.439   0.000   0.026   0.006   0.969
B F  2CSMA                 55    0.202  40.605   0.000   0.038   0.062   0.900
E K  2CSMA                 56    0.700 144.023   0.000   0.013   0.036   0.951
E G  2CSMA                 57    0.261  20.579   0.000   0.011   0.050   0.939
B S  2CSMA                 58    0.150  17.566   0.000   0.013   0.106   0.881
B F  2CSMA                 59    0.146  29.400   0.000   0.981   0.000   0.019
B L  2CSMA                 60    0.107  19.636   0.000   0.994   0.000   0.005
E D  2CSMA                 61    0.281  40.424   0.000   0.998   0.000   0.002
B W  2CSMA                 62    0.154  37.035   0.000   0.998   0.000   0.002
B A  2CSMA                 63    0.113  12.458   0.000   0.997   0.000   0.003
B L  2CSMA                 64    0.152  27.780   0.000   0.991   0.000   0.009
E S  2CSMA                 65    0.273  31.943   0.000   0.989   0.000   0.011
E N  2CSMA                 66    0.262  38.417   0.000   0.982   0.000   0.018
B L  2CSMA                 67    0.154  28.250   0.000   0.989   0.000   0.011
E E  2CSMA                 68    0.271  47.300   0.000   0.994   0.000   0.006
E I  2CSMA                 69    0.346  64.006   0.000   0.991   0.000   0.009
B A  2CSMA                 70    0.117  12.878   0.000   0.992   0.000   0.008
B H  2CSMA                 71    0.188  34.160   0.000   0.986   0.000   0.014
E S  2CSMA                 72    0.523  61.254   0.000   0.941   0.000   0.059
E R  2CSMA                 73    0.512 117.160   0.000   0.906   0.000   0.094
B I  2CSMA                 74    0.209  38.686   0.000   0.604   0.002   0.395
E R  2CSMA                 75    0.604 138.328   0.000   0.291   0.002   0.707
E R  2CSMA                 76    0.519 118.740   0.000   0.250   0.005   0.745
B F  2CSMA                 77    0.242  48.524   0.000   0.106   0.015   0.879
E E  2CSMA                 78    0.673 117.543   0.000   0.075   0.009   0.915
E S  2CSMA                 79    0.351  41.080   0.000   0.002   0.009   0.989
E P  2CSMA                 80    0.457  64.848   0.000   0.197   0.001   0.803
E D  2CSMA                 81    0.719 103.624   0.000   0.156   0.000   0.843
E E  2CSMA                 82    0.481  84.056   0.000   0.209   0.008   0.783
E T  2CSMA                 83    0.333  46.197   0.000   0.013   0.011   0.977
E P  2CSMA                 84    0.428  60.713   0.000   0.027   0.005   0.968
E F  2CSMA                 85    0.324  65.035   0.000   0.041   0.003   0.956
E F  2CSMA                 86    0.256  51.311   0.000   0.013   0.004   0.983
E P  2CSMA                 87    0.343  48.680   0.000   0.113   0.003   0.884
E D  2CSMA                 88    0.862 124.222   0.000   0.360   0.001   0.640
E K  2CSMA                 89    0.648 133.287   0.000   0.308   0.002   0.690
B I  2CSMA                 90    0.195  36.062   0.000   0.256   0.004   0.740
E Q  2CSMA                 91    0.606 108.309   0.000   0.142   0.004   0.853
E K  2CSMA                 92    0.718 147.614   0.000   0.118   0.005   0.877
E S  2CSMA                 93    0.405  47.418   0.000   0.079   0.013   0.908
E F  2CSMA                 94    0.404  81.061   0.000   0.045   0.014   0.941
B L  2CSMA                 95    0.226  41.428   0.000   0.018   0.004   0.978
E P  2CSMA                 96    0.403  57.232   0.000   0.037   0.003   0.961
E S  2CSMA                 97    0.574  67.245   0.000   0.063   0.005   0.933
E I  2CSMA                 98    0.395  73.041   0.000   0.060   0.007   0.933
E N  2CSMA                 99    0.753 110.241   0.000   0.055   0.003   0.942
E Y  2CSMA                100    0.305  65.233   0.000   0.070   0.002   0.928
E P  2CSMA                101    0.373  52.884   0.000   0.379   0.002   0.619
E Q  2CSMA                102    0.721 128.818   0.000   0.531   0.005   0.464
E I  2CSMA                103    0.314  58.079   0.000   0.565   0.013   0.422
E L  2CSMA                104    0.267  48.925   0.000   0.355   0.014   0.631
E A  2CSMA                105    0.300  33.046   0.000   0.166   0.014   0.820
E P  2CSMA                106    0.663  94.043   0.000   0.189   0.003   0.808
E Y  2CSMA                107    0.547 116.792   0.000   0.135   0.004   0.861
B A  2CSMA                108    0.168  18.474   0.000   0.255   0.011   0.734
E P  2CSMA                109    0.523  74.249   0.000   0.439   0.003   0.558
E E  2CSMA                110    0.663 115.872   0.000   0.295   0.042   0.663
B V  2CSMA                111    0.229  35.202   0.000   0.041   0.084   0.875
E N  2CSMA                112    0.420  61.494   0.000   0.011   0.085   0.904
E Y  2CSMA                113    0.264  56.483   0.000   0.047   0.092   0.861
B N  2CSMA                114    0.239  34.973   0.000   0.162   0.002   0.836
E D  2CSMA                115    0.664  95.665   0.000   0.981   0.000   0.019
E K  2CSMA                116    0.491 100.951   0.000   0.990   0.000   0.010
B I  2CSMA                117    0.025   4.620   0.000   0.996   0.000   0.004
B K  2CSMA                118    0.244  50.280   0.000   0.998   0.000   0.002
E K  2CSMA                119    0.494 101.689   0.000   0.994   0.000   0.006
B V  2CSMA                120    0.122  18.686   0.000   0.997   0.000   0.003
B Y  2CSMA                121    0.060  12.738   0.000   0.998   0.000   0.002
B I  2CSMA                122    0.145  26.834   0.000   0.999   0.000   0.001
E E  2CSMA                123    0.595 104.012   0.000   0.996   0.000   0.004
E K  2CSMA                124    0.438  90.153   0.000   0.987   0.000   0.012
B I  2CSMA                125    0.024   4.532   0.000   0.983   0.000   0.017
B I  2CSMA                126    0.029   5.377   0.000   0.997   0.000   0.003
E P  2CSMA                127    0.327  46.472   0.000   0.997   0.000   0.003
E L  2CSMA                128    0.286  52.320   0.000   0.988   0.000   0.012
B I  2CSMA                129    0.047   8.771   0.000   0.919   0.002   0.079
B S  2CSMA                130    0.078   9.191   0.000   0.240   0.048   0.713
E K  2CSMA                131    0.532 109.390   0.000   0.096   0.029   0.875
E R  2CSMA                132    0.551 126.134   0.000   0.067   0.033   0.900
E D  2CSMA                133    0.694  99.938   0.000   0.060   0.031   0.909
E G  2CSMA                134    0.563  44.323   0.000   0.056   0.014   0.930
E D  2CSMA                135    0.781 112.576   0.000   0.062   0.006   0.932
E D  2CSMA                136    0.455  65.607   0.000   0.086   0.022   0.892
E K  2CSMA                137    0.652 134.024   0.000   0.169   0.008   0.823
E N  2CSMA                138    0.674  98.645   0.000   0.180   0.007   0.813
E N  2CSMA                139    0.321  47.030   0.000   0.152   0.037   0.811
E F  2CSMA                140    0.345  69.256   0.000   0.427   0.029   0.544
E G  2CSMA                141    0.259  20.356   0.000   0.686   0.007   0.307
E S  2CSMA                142    0.291  34.116   0.000   0.834   0.007   0.159
B V  2CSMA                143    0.130  20.020   0.000   0.969   0.001   0.030
B A  2CSMA                144    0.064   7.016   0.000   0.984   0.001   0.015
B T  2CSMA                145    0.211  29.259   0.000   0.981   0.001   0.018
B R  2CSMA                146    0.208  47.678   0.000   0.975   0.001   0.024
B D  2CSMA                147    0.046   6.633   0.000   0.995   0.000   0.005
B I  2CSMA                148    0.096  17.836   0.000   0.998   0.000   0.002
E E  2CSMA                149    0.280  48.966   0.000   0.999   0.000   0.001
B C  2CSMA                150    0.024   3.375   0.000   0.999   0.000   0.001
B L  2CSMA                151    0.040   7.355   0.000   0.998   0.000   0.001
B Q  2CSMA                152    0.220  39.328   0.000   0.998   0.000   0.002
B S  2CSMA                153    0.109  12.751   0.000   0.997   0.000   0.003
B L  2CSMA                154    0.036   6.593   0.000   0.993   0.000   0.007
B S  2CSMA                155    0.076   8.861   0.000   0.980   0.000   0.019
E R  2CSMA                156    0.353  80.912   0.000   0.918   0.000   0.082
B R  2CSMA                157    0.181  41.409   0.000   0.865   0.002   0.133
B I  2CSMA                158    0.072  13.362   0.000   0.781   0.014   0.206
B H  2CSMA                159    0.228  41.539   0.000   0.524   0.033   0.443
B F  2CSMA                160    0.176  35.366   0.000   0.718   0.016   0.265
B G  2CSMA                161    0.086   6.739   0.000   0.731   0.007   0.262
B K  2CSMA                162    0.248  50.939   0.000   0.980   0.001   0.019
B F  2CSMA                163    0.239  47.878   0.000   0.993   0.000   0.006
B V  2CSMA                164    0.143  22.015   0.000   0.993   0.001   0.007
B A  2CSMA                165    0.053   5.791   0.000   0.997   0.000   0.003
B E  2CSMA                166    0.207  36.123   0.000   0.993   0.000   0.007
B A  2CSMA                167    0.208  22.962   0.000   0.991   0.000   0.009
B K  2CSMA                168    0.223  45.888   0.000   0.988   0.000   0.012
B F  2CSMA                169    0.107  21.525   0.000   0.954   0.001   0.045
E Q  2CSMA                170    0.483  86.241   0.000   0.849   0.000   0.151
E S  2CSMA                171    0.659  77.214   0.000   0.734   0.000   0.265
E D  2CSMA                172    0.453  65.216   0.000   0.026   0.000   0.974
E I  2CSMA                173    0.277  51.192   0.000   0.975   0.000   0.025
E P  2CSMA                174    0.595  84.463   0.000   0.976   0.000   0.024
E L  2CSMA                175    0.342  62.678   0.000   0.980   0.000   0.020
B Y  2CSMA                176    0.026   5.458   0.000   0.984   0.000   0.016
E T  2CSMA                177    0.271  37.649   0.000   0.996   0.000   0.004
E K  2CSMA                178    0.586 120.459   0.000   0.998   0.000   0.002
B L  2CSMA                179    0.107  19.635   0.000   0.998   0.000   0.002
B I  2CSMA                180    0.070  12.962   0.000   0.994   0.000   0.006
E K  2CSMA                181    0.610 125.550   0.000   0.964   0.000   0.036
E S  2CSMA                182    0.584  68.489   0.000   0.154   0.000   0.846
E K  2CSMA                183    0.618 127.082   0.000   0.007   0.000   0.993
E D  2CSMA                184    0.465  66.971   0.000   0.002   0.000   0.997
E V  2CSMA                185    0.347  53.274   0.000   0.974   0.000   0.026
E E  2CSMA                186    0.706 123.255   0.000   0.990   0.000   0.009
B G  2CSMA                187    0.126   9.890   0.000   0.995   0.000   0.005
B I  2CSMA                188    0.019   3.571   0.000   0.997   0.000   0.003
B M  2CSMA                189    0.232  46.369   0.000   0.994   0.000   0.006
E K  2CSMA                190    0.597 122.884   0.000   0.961   0.000   0.039
B N  2CSMA                191    0.179  26.186   0.000   0.891   0.000   0.108
B I  2CSMA                192    0.047   8.746   0.000   0.622   0.002   0.376
E T  2CSMA                193    0.386  53.562   0.000   0.163   0.002   0.834
E N  2CSMA                194    0.417  61.095   0.000   0.008   0.002   0.990
E S  2CSMA                195    0.633  74.213   0.000   0.979   0.000   0.021
E A  2CSMA                196    0.541  59.656   0.000   0.993   0.000   0.007
B V  2CSMA                197    0.109  16.746   0.000   0.996   0.000   0.004
B E  2CSMA                198    0.102  17.792   0.000   0.999   0.000   0.001
E E  2CSMA                199    0.551  96.336   0.000   0.999   0.000   0.001
E K  2CSMA                200    0.447  91.970   0.000   0.999   0.000   0.001
B I  2CSMA                201    0.016   3.010   0.000   0.999   0.000   0.001
B L  2CSMA                202    0.132  24.244   0.000   0.998   0.000   0.002
E E  2CSMA                203    0.582 101.674   0.000   0.999   0.000   0.001
E R  2CSMA                204    0.283  64.903   0.000   0.998   0.000   0.002
B L  2CSMA                205    0.011   1.948   0.000   0.998   0.000   0.002
E T  2CSMA                206    0.330  45.747   0.000   0.997   0.000   0.003
E K  2CSMA                207    0.513 105.609   0.000   0.995   0.000   0.005
B K  2CSMA                208    0.151  30.996   0.000   0.996   0.000   0.004
B A  2CSMA                209    0.019   2.060   0.000   0.993   0.000   0.007
E E  2CSMA                210    0.725 126.612   0.000   0.985   0.000   0.015
E V  2CSMA                211    0.525  80.667   0.000   0.947   0.000   0.052
E Y  2CSMA                212    0.293  62.713   0.000   0.649   0.000   0.351
E G  2CSMA                213    0.707  55.618   0.000   0.007   0.000   0.992
E V  2CSMA                214    0.276  42.463   0.000   0.003   0.004   0.992
E R  2CSMA                215    0.804 184.137   0.000   0.003   0.007   0.989
B I  2CSMA                216    0.137  25.296   0.000   0.001   0.014   0.984
E T  2CSMA                217    0.429  59.466   0.000   0.001   0.000   0.999
E P  2CSMA                218    0.273  38.738   0.000   0.922   0.000   0.078
E E  2CSMA                219    0.629 109.905   0.000   0.978   0.000   0.022
B Y  2CSMA                220    0.227  48.612   0.000   0.996   0.000   0.004
B L  2CSMA                221    0.014   2.540   0.000   0.997   0.000   0.002
B V  2CSMA                222    0.113  17.331   0.000   0.998   0.000   0.002
E K  2CSMA                223    0.465  95.711   0.000   0.993   0.000   0.007
B I  2CSMA                224    0.056  10.319   0.000   0.994   0.000   0.006
B Y  2CSMA                225    0.052  11.054   0.000   0.985   0.000   0.014
E K  2CSMA                226    0.443  91.082   0.000   0.966   0.000   0.033
E E  2CSMA                227    0.550  96.135   0.000   0.933   0.001   0.066
B I  2CSMA                228    0.128  23.711   0.000   0.896   0.003   0.101
B V  2CSMA                229    0.055   8.480   0.000   0.547   0.054   0.400
B I  2CSMA                230    0.111  20.473   0.000   0.087   0.033   0.881
E P  2CSMA                231    0.330  46.866   0.000   0.238   0.031   0.731
B I  2CSMA                232    0.113  20.897   0.000   0.407   0.020   0.573
B T  2CSMA                233    0.134  18.534   0.000   0.466   0.031   0.502
E K  2CSMA                234    0.332  68.340   0.000   0.957   0.001   0.042
E E  2CSMA                235    0.554  96.783   0.000   0.985   0.000   0.015
B V  2CSMA                236    0.116  17.836   0.000   0.987   0.001   0.012
B E  2CSMA                237    0.140  24.421   0.000   0.989   0.001   0.010
B V  2CSMA                238    0.206  31.708   0.000   0.991   0.001   0.008
E E  2CSMA                239    0.417  72.768   0.000   0.996   0.000   0.004
B Y  2CSMA                240    0.159  33.893   0.000   0.994   0.000   0.006
B L  2CSMA                241    0.139  25.535   0.000   0.965   0.001   0.033
E L  2CSMA                242    0.434  79.454   0.000   0.837   0.001   0.162
E R  2CSMA                243    0.631 144.588   0.000   0.638   0.001   0.361
E R  2CSMA                244    0.420  96.203   0.000   0.381   0.009   0.610
E L  2CSMA                245    0.604 110.588   0.000   0.003   0.000   0.997
