# For publication of results, please cite:
# ...
# ... Michael Schantz Klausen, Martin Closter Jespersen, Henrik Nielsen, Kamilla Kjærgaard Jensen, 
# ... Vanessa Isabell Jurtz, Casper Kaae Sønderby, Morten Otto Alexander Sommer, Ole Winther, 
# ... Morten Nielsen, Bent Petersen, and Paolo Marcatili. 
# ... NetSurfP-2.0: Improved prediction of protein structural features by integrated deep learning.
# ... Proteins: Structure, Function, and Bioinformatics (Feb. 2019).
# ... https://doi.org/10.1002/prot.25674
# ...
#
# Column 1: Class assignment - B for buried or E for Exposed - Threshold: 25% exposure, but not based on RSA
# Column 2: Amino acid
# Column 3: Sequence name
# Column 4: Amino acid number
# Column 5: Relative Surface Accessibility - RSA
# Column 6: Absolute Surface Accessibility
# Column 7: Not used
# Column 8: Probability for Alpha-Helix
# Column 9: Probability for Beta-strand
# Column 10: Probability for Coil
E S  3UD2B                  1    0.924 108.297   0.000   0.000   0.000   1.000
E N  3UD2B                  2    0.794 116.244   0.000   0.012   0.008   0.980
E A  3UD2B                  3    0.669  73.681   0.000   0.023   0.013   0.964
E T  3UD2B                  4    0.540  74.829   0.000   0.016   0.063   0.921
E G  3UD2B                  5    0.334  26.247   0.000   0.006   0.206   0.788
B F  3UD2B                  6    0.228  45.717   0.000   0.004   0.546   0.449
E L  3UD2B                  7    0.281  51.541   0.000   0.005   0.788   0.207
B V  3UD2B                  8    0.100  15.407   0.000   0.003   0.938   0.059
B S  3UD2B                  9    0.221  25.871   0.000   0.001   0.978   0.021
B F  3UD2B                 10    0.075  15.079   0.000   0.000   0.982   0.018
E M  3UD2B                 11    0.257  51.364   0.000   0.001   0.967   0.032
B V  3UD2B                 12    0.048   7.344   0.000   0.000   0.968   0.032
B D  3UD2B                 13    0.234  33.735   0.000   0.002   0.371   0.627
B A  3UD2B                 14    0.213  23.470   0.000   0.036   0.022   0.942
E R  3UD2B                 15    0.598 136.907   0.000   0.042   0.023   0.935
B G  3UD2B                 16    0.167  13.181   0.000   0.061   0.115   0.824
B G  3UD2B                 17    0.203  15.954   0.000   0.041   0.126   0.832
E S  3UD2B                 18    0.282  32.994   0.000   0.007   0.814   0.179
B M  3UD2B                 19    0.178  35.629   0.000   0.011   0.832   0.157
E R  3UD2B                 20    0.480 109.942   0.000   0.009   0.796   0.195
E G  3UD2B                 21    0.254  20.025   0.000   0.014   0.602   0.384
E S  3UD2B                 22    0.275  32.188   0.000   0.016   0.429   0.555
E R  3UD2B                 23    0.544 124.676   0.000   0.108   0.103   0.789
E H  3UD2B                 24    0.553 100.572   0.000   0.074   0.051   0.876
B N  3UD2B                 25    0.192  28.177   0.000   0.050   0.081   0.869
B G  3UD2B                 26    0.104   8.201   0.000   0.005   0.270   0.725
B L  3UD2B                 27    0.050   9.139   0.000   0.002   0.725   0.273
E R  3UD2B                 28    0.308  70.482   0.000   0.001   0.973   0.026
B V  3UD2B                 29    0.045   6.968   0.000   0.000   0.990   0.010
B V  3UD2B                 30    0.183  28.063   0.000   0.000   0.987   0.013
B I  3UD2B                 31    0.035   6.557   0.000   0.000   0.817   0.183
B P  3UD2B                 32    0.102  14.501   0.000   0.000   0.007   0.993
E P  3UD2B                 33    0.380  53.910   0.000   0.170   0.005   0.825
E R  3UD2B                 34    0.639 146.402   0.000   0.134   0.002   0.864
B T  3UD2B                 35    0.090  12.483   0.000   0.286   0.038   0.675
B C  3UD2B                 36    0.052   7.283   0.000   0.010   0.273   0.718
E A  3UD2B                 37    0.543  59.789   0.000   0.006   0.043   0.951
E A  3UD2B                 38    0.507  55.857   0.000   0.001   0.024   0.975
E P  3UD2B                 39    0.500  70.964   0.000   0.000   0.033   0.966
E T  3UD2B                 40    0.295  40.864   0.000   0.000   0.785   0.215
E R  3UD2B                 41    0.529 121.118   0.000   0.000   0.977   0.023
B I  3UD2B                 42    0.044   8.189   0.000   0.000   0.986   0.014
B T  3UD2B                 43    0.221  30.629   0.000   0.000   0.989   0.011
B C  3UD2B                 44    0.014   1.954   0.000   0.000   0.994   0.006
E R  3UD2B                 45    0.304  69.611   0.000   0.000   0.994   0.006
B L  3UD2B                 46    0.068  12.369   0.000   0.000   0.986   0.014
B V  3UD2B                 47    0.106  16.346   0.000   0.000   0.837   0.163
E K  3UD2B                 48    0.357  73.388   0.000   0.001   0.137   0.862
E P  3UD2B                 49    0.332  47.077   0.000   0.554   0.023   0.422
E Q  3UD2B                 50    0.754 134.706   0.000   0.615   0.007   0.378
E K  3UD2B                 51    0.535 109.998   0.000   0.703   0.020   0.277
B L  3UD2B                 52    0.216  39.591   0.000   0.296   0.038   0.665
E S  3UD2B                 53    0.638  74.799   0.000   0.125   0.014   0.861
E T  3UD2B                 54    0.516  71.507   0.000   0.002   0.012   0.985
E P  3UD2B                 55    0.483  68.499   0.000   0.000   0.003   0.997
B P  3UD2B                 56    0.230  32.668   0.000   0.000   0.002   0.998
E P  3UD2B                 57    0.639  90.641   0.000   0.001   0.030   0.969
B L  3UD2B                 58    0.243  44.542   0.000   0.005   0.058   0.937
E A  3UD2B                 59    0.410  45.198   0.000   0.006   0.016   0.978
E E  3UD2B                 60    0.816 142.570   0.000   0.054   0.002   0.944
E E  3UD2B                 61    0.635 110.865   0.000   0.050   0.006   0.944
E E  3UD2B                 62    0.275  48.109   0.000   0.060   0.255   0.685
B G  3UD2B                 63    0.152  12.000   0.000   0.024   0.726   0.250
B L  3UD2B                 64    0.139  25.542   0.000   0.010   0.902   0.088
B A  3UD2B                 65    0.071   7.845   0.000   0.014   0.709   0.277
B S  3UD2B                 66    0.056   6.593   0.000   0.008   0.551   0.441
E R  3UD2B                 67    0.304  69.631   0.000   0.003   0.402   0.595
B I  3UD2B                 68    0.080  14.771   0.000   0.003   0.695   0.302
B I  3UD2B                 69    0.048   8.924   0.000   0.001   0.969   0.030
B A  3UD2B                 70    0.110  12.101   0.000   0.000   0.994   0.005
B L  3UD2B                 71    0.041   7.576   0.000   0.001   0.938   0.061
B G  3UD2B                 72    0.119   9.349   0.000   0.001   0.635   0.365
B P  3UD2B                 73    0.144  20.444   0.000   0.006   0.356   0.638
E T  3UD2B                 74    0.417  57.780   0.000   0.009   0.169   0.822
E G  3UD2B                 75    0.535  42.123   0.000   0.012   0.059   0.929
B A  3UD2B                 76    0.143  15.736   0.000   0.008   0.278   0.714
E Q  3UD2B                 77    0.612 109.328   0.000   0.003   0.726   0.272
B F  3UD2B                 78    0.141  28.333   0.000   0.001   0.625   0.374
E L  3UD2B                 79    0.517  94.749   0.000   0.001   0.129   0.870
E S  3UD2B                 80    0.305  35.740   0.000   0.000   0.155   0.845
E P  3UD2B                 81    0.276  39.167   0.000   0.000   0.123   0.877
B V  3UD2B                 82    0.009   1.334   0.000   0.000   0.991   0.009
B I  3UD2B                 83    0.140  25.979   0.000   0.000   0.995   0.004
B V  3UD2B                 84    0.008   1.209   0.000   0.000   0.997   0.003
B E  3UD2B                 85    0.206  36.032   0.000   0.000   0.992   0.008
B I  3UD2B                 86    0.017   3.232   0.000   0.000   0.931   0.068
B P  3UD2B                 87    0.186  26.441   0.000   0.012   0.726   0.262
B H  3UD2B                 88    0.157  28.590   0.000   0.032   0.418   0.549
E F  3UD2B                 89    0.259  52.075   0.000   0.046   0.458   0.495
B A  3UD2B                 90    0.193  21.262   0.000   0.050   0.345   0.605
E S  3UD2B                 91    0.458  53.679   0.000   0.064   0.289   0.646
E H  3UD2B                 92    0.475  86.316   0.000   0.092   0.148   0.759
E G  3UD2B                 93    0.519  40.866   0.000   0.073   0.062   0.865
E R  3UD2B                 94    0.708 162.170   0.000   0.066   0.019   0.915
E G  3UD2B                 95    0.432  34.027   0.000   0.051   0.045   0.903
E D  3UD2B                 96    0.356  51.348   0.000   0.016   0.437   0.548
B R  3UD2B                 97    0.179  41.104   0.000   0.002   0.793   0.206
B E  3UD2B                 98    0.117  20.365   0.000   0.001   0.945   0.055
B L  3UD2B                 99    0.020   3.607   0.000   0.000   0.982   0.018
B V  3UD2B                100    0.030   4.645   0.000   0.000   0.998   0.002
B V  3UD2B                101    0.010   1.564   0.000   0.000   0.999   0.001
B L  3UD2B                102    0.063  11.611   0.000   0.000   0.997   0.003
B R  3UD2B                103    0.212  48.643   0.000   0.000   0.990   0.009
B S  3UD2B                104    0.071   8.370   0.000   0.000   0.926   0.074
E E  3UD2B                105    0.542  94.671   0.000   0.004   0.289   0.707
E N  3UD2B                106    0.662  96.972   0.000   0.002   0.103   0.894
E G  3UD2B                107    0.472  37.118   0.000   0.005   0.005   0.991
E S  3UD2B                108    0.718  84.150   0.000   0.002   0.003   0.994
E V  3UD2B                109    0.619  95.176   0.000   0.002   0.236   0.762
E W  3UD2B                110    0.272  65.343   0.000   0.001   0.402   0.597
E K  3UD2B                111    0.542 111.437   0.000   0.000   0.982   0.017
E E  3UD2B                112    0.539  94.182   0.000   0.000   0.991   0.008
B H  3UD2B                113    0.178  32.353   0.000   0.003   0.697   0.299
E R  3UD2B                114    0.607 139.043   0.000   0.022   0.461   0.517
B S  3UD2B                115    0.126  14.788   0.000   0.024   0.241   0.735
E R  3UD2B                116    0.609 139.377   0.000   0.047   0.343   0.610
E Y  3UD2B                117    0.266  56.909   0.000   0.065   0.130   0.806
E G  3UD2B                118    0.259  20.364   0.000   0.098   0.035   0.868
E E  3UD2B                119    0.630 110.008   0.000   0.928   0.001   0.071
E S  3UD2B                120    0.670  78.564   0.000   0.953   0.002   0.044
E Y  3UD2B                121    0.295  63.051   0.000   0.970   0.003   0.027
B L  3UD2B                122    0.065  11.816   0.000   0.975   0.001   0.024
E D  3UD2B                123    0.496  71.445   0.000   0.981   0.000   0.018
E Q  3UD2B                124    0.622 111.054   0.000   0.972   0.001   0.027
B I  3UD2B                125    0.156  28.808   0.000   0.963   0.001   0.037
B L  3UD2B                126    0.156  28.582   0.000   0.786   0.004   0.210
E N  3UD2B                127    0.700 102.503   0.000   0.235   0.001   0.763
E G  3UD2B                128    0.670  52.765   0.000   0.068   0.001   0.931
E M  3UD2B                129    0.390  77.975   0.000   0.043   0.010   0.947
E D  3UD2B                130    0.704 101.428   0.000   0.048   0.006   0.946
E E  3UD2B                131    0.735 128.369   0.000   0.111   0.005   0.884
E E  3UD2B                132    0.761 132.906   0.000   0.128   0.014   0.858
E L  3UD2B                133    0.255  46.759   0.000   0.130   0.031   0.839
E G  3UD2B                134    0.450  35.387   0.000   0.051   0.024   0.925
E S  3UD2B                135    0.432  50.605   0.000   0.056   0.025   0.919
E L  3UD2B                136    0.279  51.082   0.000   0.878   0.002   0.120
E E  3UD2B                137    0.645 112.711   0.000   0.910   0.001   0.088
E E  3UD2B                138    0.469  81.895   0.000   0.931   0.002   0.067
B L  3UD2B                139    0.104  19.114   0.000   0.950   0.001   0.049
E E  3UD2B                140    0.401  69.979   0.000   0.907   0.002   0.090
E K  3UD2B                141    0.654 134.599   0.000   0.779   0.002   0.219
E K  3UD2B                142    0.402  82.721   0.000   0.372   0.016   0.611
E R  3UD2B                143    0.387  88.547   0.000   0.145   0.068   0.787
B V  3UD2B                144    0.080  12.231   0.000   0.003   0.765   0.232
B C  3UD2B                145    0.011   1.478   0.000   0.000   0.989   0.011
E R  3UD2B                146    0.268  61.474   0.000   0.000   0.996   0.004
B I  3UD2B                147    0.010   1.833   0.000   0.000   0.999   0.001
B I  3UD2B                148    0.148  27.403   0.000   0.000   0.996   0.004
B T  3UD2B                149    0.040   5.526   0.000   0.001   0.945   0.053
E T  3UD2B                150    0.392  54.343   0.000   0.004   0.417   0.579
E D  3UD2B                151    0.473  68.207   0.000   0.002   0.406   0.592
B F  3UD2B                152    0.160  32.126   0.000   0.010   0.158   0.832
E P  3UD2B                153    0.265  37.610   0.000   0.012   0.073   0.915
B L  3UD2B                154    0.203  37.154   0.000   0.008   0.197   0.795
B Y  3UD2B                155    0.194  41.530   0.000   0.005   0.808   0.187
B F  3UD2B                156    0.029   5.846   0.000   0.001   0.980   0.019
B V  3UD2B                157    0.008   1.177   0.000   0.001   0.995   0.004
B I  3UD2B                158    0.010   1.870   0.000   0.001   0.997   0.003
B M  3UD2B                159    0.017   3.446   0.000   0.001   0.989   0.010
B S  3UD2B                160    0.025   2.955   0.000   0.000   0.952   0.047
B R  3UD2B                161    0.220  50.492   0.000   0.000   0.829   0.170
B L  3UD2B                162    0.096  17.524   0.000   0.000   0.820   0.180
E C  3UD2B                163    0.254  35.657   0.000   0.001   0.897   0.102
E Q  3UD2B                164    0.456  81.483   0.000   0.003   0.870   0.127
E D  3UD2B                165    0.370  53.256   0.000   0.004   0.851   0.145
E Y  3UD2B                166    0.498 106.506   0.000   0.003   0.946   0.051
E D  3UD2B                167    0.354  51.004   0.000   0.004   0.953   0.043
E I  3UD2B                168    0.478  88.408   0.000   0.002   0.933   0.065
B I  3UD2B                169    0.139  25.689   0.000   0.002   0.736   0.262
E G  3UD2B                170    0.263  20.727   0.000   0.012   0.146   0.842
E P  3UD2B                171    0.613  87.018   0.000   0.177   0.032   0.791
E E  3UD2B                172    0.747 130.500   0.000   0.115   0.032   0.853
B G  3UD2B                173    0.229  17.986   0.000   0.163   0.335   0.502
B G  3UD2B                174    0.185  14.563   0.000   0.027   0.625   0.348
E S  3UD2B                175    0.328  38.461   0.000   0.002   0.922   0.076
B L  3UD2B                176    0.138  25.198   0.000   0.002   0.929   0.069
E K  3UD2B                177    0.507 104.330   0.000   0.002   0.939   0.060
B S  3UD2B                178    0.107  12.551   0.000   0.002   0.679   0.319
E K  3UD2B                179    0.609 125.343   0.000   0.004   0.278   0.719
E L  3UD2B                180    0.333  61.058   0.000   0.003   0.173   0.825
B V  3UD2B                181    0.179  27.485   0.000   0.003   0.186   0.812
E P  3UD2B                182    0.460  65.233   0.000   0.009   0.140   0.852
E L  3UD2B                183    0.374  68.554   0.000   0.008   0.234   0.758
B V  3UD2B                184    0.052   8.039   0.000   0.001   0.866   0.133
E Q  3UD2B                185    0.386  69.024   0.000   0.000   0.982   0.018
B A  3UD2B                186    0.050   5.486   0.000   0.000   0.991   0.009
E T  3UD2B                187    0.313  43.360   0.000   0.000   0.980   0.020
B F  3UD2B                188    0.064  12.866   0.000   0.000   0.590   0.410
B P  3UD2B                189    0.169  23.939   0.000   0.001   0.055   0.943
E E  3UD2B                190    0.699 122.108   0.000   0.028   0.006   0.966
E N  3UD2B                191    0.721 105.565   0.000   0.023   0.001   0.975
B A  3UD2B                192    0.050   5.557   0.000   0.103   0.042   0.855
B V  3UD2B                193    0.069  10.605   0.000   0.010   0.389   0.601
E T  3UD2B                194    0.653  90.538   0.000   0.004   0.244   0.752
E K  3UD2B                195    0.526 108.254   0.000   0.000   0.281   0.718
E R  3UD2B                196    0.618 141.431   0.000   0.000   0.382   0.618
B V  3UD2B                197    0.086  13.272   0.000   0.000   0.977   0.023
E K  3UD2B                198    0.490 100.827   0.000   0.000   0.979   0.021
B L  3UD2B                199    0.018   3.374   0.000   0.000   0.978   0.022
B A  3UD2B                200    0.086   9.465   0.000   0.000   0.985   0.014
B L  3UD2B                201    0.033   6.012   0.000   0.000   0.981   0.019
B Q  3UD2B                202    0.242  43.238   0.000   0.000   0.981   0.019
B A  3UD2B                203    0.068   7.457   0.000   0.000   0.979   0.021
B Q  3UD2B                204    0.180  32.141   0.000   0.000   0.959   0.041
E P  3UD2B                205    0.414  58.701   0.000   0.000   0.935   0.065
B V  3UD2B                206    0.061   9.446   0.000   0.000   0.157   0.843
E P  3UD2B                207    0.399  56.677   0.000   0.001   0.038   0.961
E D  3UD2B                208    0.613  88.380   0.000   0.963   0.000   0.037
E E  3UD2B                209    0.725 126.618   0.000   0.977   0.000   0.023
B L  3UD2B                210    0.191  34.904   0.000   0.991   0.000   0.009
B V  3UD2B                211    0.048   7.321   0.000   0.989   0.000   0.010
E T  3UD2B                212    0.455  63.138   0.000   0.987   0.000   0.013
E K  3UD2B                213    0.630 129.606   0.000   0.980   0.000   0.020
B L  3UD2B                214    0.157  28.723   0.000   0.955   0.000   0.045
B L  3UD2B                215    0.203  37.170   0.000   0.764   0.006   0.230
E G  3UD2B                216    0.518  40.738   0.000   0.225   0.005   0.769
E N  3UD2B                217    0.741 108.539   0.000   0.097   0.002   0.901
E Q  3UD2B                218    0.504  90.096   0.000   0.089   0.056   0.855
B A  3UD2B                219    0.119  13.129   0.000   0.015   0.286   0.699
B T  3UD2B                220    0.121  16.829   0.000   0.016   0.604   0.379
B F  3UD2B                221    0.092  18.509   0.000   0.003   0.688   0.309
B S  3UD2B                222    0.054   6.340   0.000   0.000   0.324   0.676
B P  3UD2B                223    0.096  13.610   0.000   0.001   0.363   0.636
B I  3UD2B                224    0.054  10.038   0.000   0.001   0.821   0.178
B V  3UD2B                225    0.031   4.720   0.000   0.000   0.971   0.029
B T  3UD2B                226    0.086  11.985   0.000   0.000   0.994   0.005
B V  3UD2B                227    0.030   4.673   0.000   0.000   0.988   0.012
E E  3UD2B                228    0.342  59.761   0.000   0.000   0.942   0.058
B P  3UD2B                229    0.209  29.693   0.000   0.001   0.850   0.149
E R  3UD2B                230    0.431  98.722   0.000   0.004   0.133   0.863
E R  3UD2B                231    0.752 172.173   0.000   0.006   0.038   0.956
E R  3UD2B                232    0.514 117.627   0.000   0.005   0.079   0.916
E K  3UD2B                233    0.631 129.700   0.000   0.006   0.110   0.883
B F  3UD2B                234    0.208  41.803   0.000   0.007   0.184   0.808
E H  3UD2B                235    0.610 110.923   0.000   0.006   0.086   0.908
E R  3UD2B                236    0.492 112.739   0.000   0.000   0.065   0.935
E P  3UD2B                237    0.426  60.452   0.000   0.000   0.092   0.908
B I  3UD2B                238    0.053   9.867   0.000   0.000   0.882   0.118
B G  3UD2B                239    0.187  14.690   0.000   0.000   0.958   0.042
B L  3UD2B                240    0.049   9.039   0.000   0.000   0.990   0.010
E R  3UD2B                241    0.414  94.843   0.000   0.000   0.995   0.005
B I  3UD2B                242    0.022   4.093   0.000   0.000   0.984   0.016
E P  3UD2B                243    0.283  40.154   0.000   0.000   0.914   0.086
B L  3UD2B                244    0.062  11.334   0.000   0.000   0.158   0.841
B P  3UD2B                245    0.150  21.318   0.000   0.003   0.005   0.992
E P  3UD2B                246    0.511  72.545   0.000   0.509   0.007   0.484
E S  3UD2B                247    0.434  50.898   0.000   0.504   0.012   0.484
B W  3UD2B                248    0.152  36.516   0.000   0.599   0.018   0.382
E T  3UD2B                249    0.359  49.751   0.000   0.358   0.026   0.616
E D  3UD2B                250    0.771 111.158   0.000   0.146   0.012   0.841
E N  3UD2B                251    0.488  71.415   0.000   0.008   0.016   0.976
E P  3UD2B                252    0.511  72.573   0.000   0.071   0.011   0.918
E R  3UD2B                253    0.542 124.196   0.000   0.109   0.028   0.863
E D  3UD2B                254    0.427  61.542   0.000   0.115   0.020   0.864
E S  3UD2B                255    0.543  63.682   0.000   0.080   0.012   0.908
E G  3UD2B                256    0.552  43.414   0.000   0.043   0.008   0.950
E E  3UD2B                257    0.695 121.406   0.000   0.051   0.012   0.938
E G  3UD2B                258    0.555  43.716   0.000   0.080   0.012   0.908
E D  3UD2B                259    0.533  76.744   0.000   0.069   0.023   0.908
E T  3UD2B                260    0.405  56.202   0.000   0.090   0.065   0.845
E T  3UD2B                261    0.367  50.959   0.000   0.066   0.123   0.811
B S  3UD2B                262    0.174  20.386   0.000   0.046   0.501   0.453
B L  3UD2B                263    0.030   5.472   0.000   0.003   0.897   0.101
B R  3UD2B                264    0.236  54.056   0.000   0.002   0.977   0.021
B L  3UD2B                265    0.033   6.093   0.000   0.003   0.987   0.010
B L  3UD2B                266    0.055  10.072   0.000   0.007   0.966   0.027
B C  3UD2B                267    0.049   6.897   0.000   0.005   0.959   0.036
B S  3UD2B                268    0.060   7.046   0.000   0.006   0.910   0.084
B V  3UD2B                269    0.114  17.521   0.000   0.018   0.521   0.461
B I  3UD2B                270    0.234  43.330   0.000   0.011   0.448   0.541
E G  3UD2B                271    0.363  28.535   0.000   0.014   0.148   0.838
E G  3UD2B                272    0.377  29.641   0.000   0.017   0.070   0.913
E T  3UD2B                273    0.540  74.937   0.000   0.033   0.050   0.917
E D  3UD2B                274    0.781 112.580   0.000   0.076   0.019   0.905
E Q  3UD2B                275    0.652 116.528   0.000   0.085   0.059   0.857
B A  3UD2B                276    0.231  25.487   0.000   0.033   0.159   0.808
E Q  3UD2B                277    0.537  95.903   0.000   0.012   0.649   0.339
B W  3UD2B                278    0.219  52.769   0.000   0.006   0.849   0.145
E E  3UD2B                279    0.465  81.222   0.000   0.010   0.877   0.113
E D  3UD2B                280    0.398  57.339   0.000   0.004   0.885   0.110
B I  3UD2B                281    0.112  20.720   0.000   0.036   0.110   0.854
E T  3UD2B                282    0.258  35.852   0.000   0.152   0.032   0.816
E G  3UD2B                283    0.456  35.861   0.000   0.027   0.024   0.949
E T  3UD2B                284    0.622  86.328   0.000   0.024   0.047   0.929
B T  3UD2B                285    0.233  32.304   0.000   0.002   0.118   0.880
E K  3UD2B                286    0.692 142.329   0.000   0.001   0.408   0.592
B L  3UD2B                287    0.186  34.142   0.000   0.001   0.491   0.508
E V  3UD2B                288    0.465  71.470   0.000   0.000   0.970   0.030
E Y  3UD2B                289    0.414  88.486   0.000   0.000   0.975   0.025
E A  3UD2B                290    0.377  41.583   0.000   0.001   0.892   0.107
E N  3UD2B                291    0.746 109.197   0.000   0.005   0.037   0.958
E E  3UD2B                292    0.543  94.805   0.000   0.004   0.053   0.943
B C  3UD2B                293    0.148  20.752   0.000   0.000   0.910   0.090
B A  3UD2B                294    0.020   2.225   0.000   0.000   0.991   0.009
E N  3UD2B                295    0.313  45.896   0.000   0.000   0.993   0.007
B F  3UD2B                296    0.028   5.681   0.000   0.000   0.997   0.003
E T  3UD2B                297    0.341  47.339   0.000   0.000   0.989   0.011
B T  3UD2B                298    0.031   4.307   0.000   0.000   0.934   0.066
E N  3UD2B                299    0.448  65.615   0.000   0.001   0.481   0.518
B V  3UD2B                300    0.113  17.339   0.000   0.002   0.639   0.359
B S  3UD2B                301    0.199  23.320   0.000   0.008   0.633   0.360
B A  3UD2B                302    0.077   8.491   0.000   0.027   0.553   0.420
E R  3UD2B                303    0.261  59.818   0.000   0.047   0.632   0.322
B F  3UD2B                304    0.070  14.024   0.000   0.036   0.859   0.105
B W  3UD2B                305    0.105  25.301   0.000   0.036   0.907   0.058
B L  3UD2B                306    0.029   5.293   0.000   0.182   0.783   0.035
B S  3UD2B                307    0.137  16.085   0.000   0.119   0.848   0.033
E D  3UD2B                308    0.359  51.745   0.000   0.144   0.722   0.134
B C  3UD2B                309    0.030   4.229   0.000   0.002   0.156   0.842
E P  3UD2B                310    0.501  71.137   0.000   0.002   0.016   0.981
E R  3UD2B                311    0.511 117.048   0.000   0.007   0.024   0.969
B T  3UD2B                312    0.249  34.547   0.000   0.957   0.001   0.043
E A  3UD2B                313    0.531  58.557   0.000   0.984   0.000   0.016
E E  3UD2B                314    0.401  70.102   0.000   0.987   0.000   0.013
B A  3UD2B                315    0.027   2.965   0.000   0.987   0.000   0.013
B V  3UD2B                316    0.243  37.357   0.000   0.991   0.001   0.009
E N  3UD2B                317    0.625  91.530   0.000   0.990   0.001   0.010
B F  3UD2B                318    0.181  36.375   0.000   0.988   0.000   0.012
B A  3UD2B                319    0.030   3.360   0.000   0.990   0.000   0.010
E T  3UD2B                320    0.368  51.101   0.000   0.986   0.000   0.013
E L  3UD2B                321    0.409  74.923   0.000   0.986   0.001   0.013
B L  3UD2B                322    0.119  21.871   0.000   0.974   0.001   0.025
E Y  3UD2B                323    0.268  57.359   0.000   0.935   0.003   0.062
E K  3UD2B                324    0.694 142.668   0.000   0.775   0.004   0.220
E E  3UD2B                325    0.618 107.894   0.000   0.518   0.003   0.479
E L  3UD2B                326    0.488  89.374   0.000   0.008   0.000   0.992
