# For publication of results, please cite:
# ...
# ... Michael Schantz Klausen, Martin Closter Jespersen, Henrik Nielsen, Kamilla Kjærgaard Jensen, 
# ... Vanessa Isabell Jurtz, Casper Kaae Sønderby, Morten Otto Alexander Sommer, Ole Winther, 
# ... Morten Nielsen, Bent Petersen, and Paolo Marcatili. 
# ... NetSurfP-2.0: Improved prediction of protein structural features by integrated deep learning.
# ... Proteins: Structure, Function, and Bioinformatics (Feb. 2019).
# ... https://doi.org/10.1002/prot.25674
# ...
#
# Column 1: Class assignment - B for buried or E for Exposed - Threshold: 25% exposure, but not based on RSA
# Column 2: Amino acid
# Column 3: Sequence name
# Column 4: Amino acid number
# Column 5: Relative Surface Accessibility - RSA
# Column 6: Absolute Surface Accessibility
# Column 7: Not used
# Column 8: Probability for Alpha-Helix
# Column 9: Probability for Beta-strand
# Column 10: Probability for Coil
E D  3MEZA                  1    0.890 128.186   0.000   0.002   0.001   0.997
E N  3MEZA                  2    0.715 104.673   0.000   0.026   0.154   0.820
E N  3MEZA                  3    0.446  65.241   0.000   0.013   0.253   0.734
E V  3MEZA                  4    0.409  62.861   0.000   0.000   0.940   0.060
B L  3MEZA                  5    0.092  16.765   0.000   0.000   0.923   0.076
E L  3MEZA                  6    0.372  68.137   0.000   0.001   0.523   0.476
E T  3MEZA                  7    0.429  59.532   0.000   0.000   0.005   0.995
E G  3MEZA                  8    0.596  46.915   0.000   0.000   0.001   0.999
E D  3MEZA                  9    0.482  69.447   0.000   0.000   0.010   0.990
E V  3MEZA                 10    0.526  80.821   0.000   0.000   0.950   0.050
B I  3MEZA                 11    0.042   7.844   0.000   0.000   0.894   0.105
E H  3MEZA                 12    0.529  96.273   0.000   0.001   0.231   0.769
E T  3MEZA                 13    0.368  50.989   0.000   0.001   0.005   0.995
E D  3MEZA                 14    0.754 108.656   0.000   0.001   0.005   0.994
E N  3MEZA                 15    0.404  59.139   0.000   0.001   0.064   0.935
E Q  3MEZA                 16    0.518  92.534   0.000   0.001   0.771   0.228
B L  3MEZA                 17    0.068  12.385   0.000   0.001   0.914   0.085
E S  3MEZA                 18    0.355  41.642   0.000   0.000   0.962   0.037
B Y  3MEZA                 19    0.172  36.803   0.000   0.001   0.607   0.392
E E  3MEZA                 20    0.785 137.148   0.000   0.002   0.018   0.980
E S  3MEZA                 21    0.474  55.579   0.000   0.002   0.017   0.981
B A  3MEZA                 22    0.137  15.042   0.000   0.001   0.789   0.210
B A  3MEZA                 23    0.161  17.731   0.000   0.000   0.972   0.028
B F  3MEZA                 24    0.045   8.998   0.000   0.000   0.985   0.015
B V  3MEZA                 25    0.161  24.682   0.000   0.000   0.990   0.010
B M  3MEZA                 26    0.077  15.316   0.000   0.001   0.935   0.065
E Q  3MEZA                 27    0.343  61.334   0.000   0.010   0.142   0.849
E G  3MEZA                 28    0.540  42.520   0.000   0.069   0.016   0.915
E D  3MEZA                 29    0.520  74.954   0.000   0.039   0.003   0.958
B C  3MEZA                 30    0.109  15.296   0.000   0.009   0.003   0.988
B N  3MEZA                 31    0.209  30.667   0.000   0.003   0.067   0.931
B L  3MEZA                 32    0.035   6.423   0.000   0.000   0.991   0.009
B V  3MEZA                 33    0.073  11.271   0.000   0.000   0.998   0.002
B L  3MEZA                 34    0.040   7.298   0.000   0.000   0.996   0.004
E Y  3MEZA                 35    0.284  60.744   0.000   0.000   0.957   0.042
E N  3MEZA                 36    0.265  38.743   0.000   0.004   0.414   0.582
E E  3MEZA                 37    0.725 126.723   0.000   0.035   0.009   0.955
E A  3MEZA                 38    0.728  80.254   0.000   0.045   0.005   0.950
E G  3MEZA                 39    0.341  26.831   0.000   0.036   0.260   0.704
B G  3MEZA                 40    0.200  15.757   0.000   0.001   0.675   0.324
B F  3MEZA                 41    0.143  28.767   0.000   0.000   0.956   0.043
E Q  3MEZA                 42    0.374  66.839   0.000   0.000   0.961   0.038
B S  3MEZA                 43    0.147  17.173   0.000   0.004   0.415   0.581
E N  3MEZA                 44    0.549  80.401   0.000   0.001   0.076   0.922
E T  3MEZA                 45    0.291  40.367   0.000   0.005   0.103   0.893
E H  3MEZA                 46    0.637 115.781   0.000   0.010   0.082   0.909
E G  3MEZA                 47    0.391  30.756   0.000   0.034   0.067   0.899
E R  3MEZA                 48    0.653 149.465   0.000   0.020   0.080   0.901
E G  3MEZA                 49    0.347  27.296   0.000   0.054   0.059   0.886
E V  3MEZA                 50    0.504  77.536   0.000   0.035   0.150   0.815
E D  3MEZA                 51    0.622  89.667   0.000   0.033   0.090   0.878
B C  3MEZA                 52    0.059   8.319   0.000   0.006   0.283   0.711
E T  3MEZA                 53    0.264  36.682   0.000   0.001   0.908   0.091
B L  3MEZA                 54    0.030   5.414   0.000   0.000   0.987   0.013
E R  3MEZA                 55    0.376  86.188   0.000   0.000   0.988   0.012
B L  3MEZA                 56    0.054   9.869   0.000   0.000   0.966   0.034
E N  3MEZA                 57    0.311  45.525   0.000   0.001   0.046   0.953
E N  3MEZA                 58    0.653  95.648   0.000   0.004   0.001   0.994
E R  3MEZA                 59    0.559 127.950   0.000   0.006   0.000   0.994
B G  3MEZA                 60    0.046   3.628   0.000   0.003   0.002   0.995
B Q  3MEZA                 61    0.186  33.258   0.000   0.000   0.140   0.860
B L  3MEZA                 62    0.014   2.576   0.000   0.000   0.997   0.003
B E  3MEZA                 63    0.154  26.878   0.000   0.000   0.999   0.001
B I  3MEZA                 64    0.021   3.802   0.000   0.000   0.997   0.003
B H  3MEZA                 65    0.190  34.635   0.000   0.000   0.995   0.005
B S  3MEZA                 66    0.108  12.619   0.000   0.000   0.828   0.172
E A  3MEZA                 67    0.475  52.321   0.000   0.010   0.001   0.989
E N  3MEZA                 68    0.877 128.362   0.000   0.014   0.001   0.985
E S  3MEZA                 69    0.470  55.032   0.000   0.024   0.005   0.971
E N  3MEZA                 70    0.810 118.581   0.000   0.001   0.002   0.998
E T  3MEZA                 71    0.609  84.433   0.000   0.000   0.207   0.792
E P  3MEZA                 72    0.452  64.140   0.000   0.000   0.964   0.036
B V  3MEZA                 73    0.245  37.587   0.000   0.000   0.821   0.179
B W  3MEZA                 74    0.205  49.406   0.000   0.000   0.958   0.042
E V  3MEZA                 75    0.368  56.527   0.000   0.000   0.960   0.040
B Y  3MEZA                 76    0.201  42.920   0.000   0.001   0.266   0.732
E P  3MEZA                 77    0.528  74.904   0.000   0.008   0.141   0.851
E R  3MEZA                 78    0.483 110.564   0.000   0.034   0.087   0.878
E S  3MEZA                 79    0.594  69.613   0.000   0.060   0.115   0.825
E V  3MEZA                 80    0.394  60.483   0.000   0.069   0.115   0.816
E N  3MEZA                 81    0.651  95.250   0.000   0.047   0.122   0.831
E T  3MEZA                 82    0.389  53.955   0.000   0.082   0.053   0.865
E V  3MEZA                 83    0.614  94.336   0.000   0.117   0.037   0.846
E R  3MEZA                 84    0.622 142.450   0.000   0.121   0.039   0.840
E G  3MEZA                 85    0.293  23.057   0.000   0.048   0.077   0.875
E N  3MEZA                 86    0.392  57.370   0.000   0.032   0.205   0.763
B Y  3MEZA                 87    0.171  36.506   0.000   0.016   0.611   0.373
B A  3MEZA                 88    0.124  13.654   0.000   0.001   0.919   0.081
B A  3MEZA                 89    0.021   2.305   0.000   0.000   0.985   0.015
E T  3MEZA                 90    0.264  36.626   0.000   0.000   0.991   0.009
B L  3MEZA                 91    0.064  11.730   0.000   0.000   0.970   0.030
B G  3MEZA                 92    0.211  16.579   0.000   0.002   0.007   0.991
E P  3MEZA                 93    0.662  93.910   0.000   0.019   0.003   0.978
E D  3MEZA                 94    0.623  89.801   0.000   0.011   0.001   0.988
E Q  3MEZA                 95    0.351  62.717   0.000   0.011   0.002   0.987
E H  3MEZA                 96    0.293  53.279   0.000   0.001   0.124   0.874
B V  3MEZA                 97    0.050   7.754   0.000   0.000   0.995   0.005
E T  3MEZA                 98    0.264  36.663   0.000   0.000   0.997   0.003
B I  3MEZA                 99    0.164  30.314   0.000   0.000   0.986   0.014
E Y  3MEZA                100    0.452  96.570   0.000   0.001   0.751   0.249
E G  3MEZA                101    0.288  22.639   0.000   0.001   0.189   0.810
E P  3MEZA                102    0.564  79.980   0.000   0.010   0.068   0.922
E A  3MEZA                103    0.408  45.014   0.000   0.011   0.199   0.790
E I  3MEZA                104    0.561 103.757   0.000   0.018   0.327   0.654
E W  3MEZA                105    0.633 152.325   0.000   0.024   0.333   0.643
E S  3MEZA                106    0.701  82.163   0.000   0.011   0.178   0.812
E T  3MEZA                107    0.602  83.546   0.000   0.001   0.026   0.973
E P  3MEZA                108    0.752 106.639   0.000   0.007   0.015   0.978
E A  3MEZA                109    0.808  89.034   0.000   0.010   0.007   0.983
E A  3MEZA                110    0.841  92.690   0.000   0.006   0.006   0.988
E A  3MEZA                111    0.970 106.909   0.000   0.000   0.000   1.000
