# For publication of results, please cite:
# ...
# ... Michael Schantz Klausen, Martin Closter Jespersen, Henrik Nielsen, Kamilla Kjærgaard Jensen, 
# ... Vanessa Isabell Jurtz, Casper Kaae Sønderby, Morten Otto Alexander Sommer, Ole Winther, 
# ... Morten Nielsen, Bent Petersen, and Paolo Marcatili. 
# ... NetSurfP-2.0: Improved prediction of protein structural features by integrated deep learning.
# ... Proteins: Structure, Function, and Bioinformatics (Feb. 2019).
# ... https://doi.org/10.1002/prot.25674
# ...
#
# Column 1: Class assignment - B for buried or E for Exposed - Threshold: 25% exposure, but not based on RSA
# Column 2: Amino acid
# Column 3: Sequence name
# Column 4: Amino acid number
# Column 5: Relative Surface Accessibility - RSA
# Column 6: Absolute Surface Accessibility
# Column 7: Not used
# Column 8: Probability for Alpha-Helix
# Column 9: Probability for Beta-strand
# Column 10: Probability for Coil
E K  1C9YA                  1    0.910 187.205   0.000   0.000   0.000   1.000
E V  1C9YA                  2    0.648  99.627   0.000   0.013   0.008   0.979
E Q  1C9YA                  3    0.741 132.395   0.000   0.020   0.017   0.964
E L  1C9YA                  4    0.346  63.366   0.000   0.026   0.026   0.949
E K  1C9YA                  5    0.648 133.345   0.000   0.022   0.024   0.954
E G  1C9YA                  6    0.564  44.351   0.000   0.052   0.015   0.933
E R  1C9YA                  7    0.570 130.539   0.000   0.069   0.055   0.876
E D  1C9YA                  8    0.325  46.867   0.000   0.040   0.166   0.793
B L  1C9YA                  9    0.166  30.448   0.000   0.005   0.253   0.741
B L  1C9YA                 10    0.096  17.505   0.000   0.002   0.322   0.676
B T  1C9YA                 11    0.187  25.948   0.000   0.002   0.215   0.783
B L  1C9YA                 12    0.099  18.099   0.000   0.857   0.001   0.142
E K  1C9YA                 13    0.665 136.820   0.000   0.903   0.000   0.097
E N  1C9YA                 14    0.506  74.044   0.000   0.937   0.001   0.062
B F  1C9YA                 15    0.061  12.191   0.000   0.006   0.008   0.986
E T  1C9YA                 16    0.498  69.133   0.000   0.001   0.004   0.995
E G  1C9YA                 17    0.368  28.935   0.000   0.986   0.000   0.014
E E  1C9YA                 18    0.676 118.039   0.000   0.996   0.000   0.003
B E  1C9YA                 19    0.218  38.033   0.000   0.998   0.000   0.002
B I  1C9YA                 20    0.043   8.033   0.000   0.999   0.000   0.001
E K  1C9YA                 21    0.457  93.944   0.000   0.999   0.000   0.001
E Y  1C9YA                 22    0.330  70.423   0.000   0.999   0.000   0.001
B M  1C9YA                 23    0.019   3.815   0.000   0.999   0.000   0.001
B L  1C9YA                 24    0.129  23.617   0.000   0.999   0.000   0.001
E W  1C9YA                 25    0.463 111.370   0.000   0.999   0.000   0.001
B L  1C9YA                 26    0.094  17.140   0.000   0.999   0.000   0.001
B S  1C9YA                 27    0.016   1.835   0.000   0.999   0.000   0.001
E A  1C9YA                 28    0.255  28.055   0.000   0.999   0.000   0.001
E D  1C9YA                 29    0.437  63.034   0.000   0.996   0.000   0.003
B L  1C9YA                 30    0.030   5.580   0.000   0.996   0.000   0.004
B K  1C9YA                 31    0.244  50.184   0.000   0.998   0.000   0.002
E F  1C9YA                 32    0.485  97.387   0.000   0.994   0.000   0.006
E R  1C9YA                 33    0.301  68.819   0.000   0.993   0.000   0.007
B I  1C9YA                 34    0.092  16.939   0.000   0.989   0.000   0.010
E K  1C9YA                 35    0.647 133.047   0.000   0.970   0.001   0.029
E Q  1C9YA                 36    0.750 134.000   0.000   0.817   0.001   0.182
E K  1C9YA                 37    0.621 127.810   0.000   0.513   0.001   0.486
E G  1C9YA                 38    0.624  49.134   0.000   0.059   0.002   0.939
E E  1C9YA                 39    0.615 107.521   0.000   0.058   0.022   0.920
E Y  1C9YA                 40    0.464  99.138   0.000   0.045   0.080   0.876
B L  1C9YA                 41    0.217  39.755   0.000   0.029   0.063   0.908
E P  1C9YA                 42    0.519  73.688   0.000   0.364   0.037   0.598
B L  1C9YA                 43    0.241  44.213   0.000   0.302   0.019   0.679
B L  1C9YA                 44    0.021   3.889   0.000   0.261   0.004   0.735
E Q  1C9YA                 45    0.571 101.989   0.000   0.002   0.003   0.994
E G  1C9YA                 46    0.684  53.843   0.000   0.002   0.001   0.997
E K  1C9YA                 47    0.286  58.771   0.000   0.000   0.010   0.989
B S  1C9YA                 48    0.128  14.945   0.000   0.000   0.977   0.023
B L  1C9YA                 49    0.009   1.633   0.000   0.000   0.995   0.005
B G  1C9YA                 50    0.007   0.519   0.000   0.000   0.996   0.004
B M  1C9YA                 51    0.034   6.866   0.000   0.000   0.979   0.020
B I  1C9YA                 52    0.027   4.935   0.000   0.000   0.922   0.078
B F  1C9YA                 53    0.064  12.778   0.000   0.000   0.718   0.282
E E  1C9YA                 54    0.367  64.150   0.000   0.003   0.046   0.951
E K  1C9YA                 55    0.513 105.524   0.000   0.001   0.011   0.987
E R  1C9YA                 56    0.570 130.429   0.000   0.001   0.006   0.993
B S  1C9YA                 57    0.238  27.901   0.000   0.008   0.045   0.946
E T  1C9YA                 58    0.492  68.271   0.000   0.611   0.003   0.386
E R  1C9YA                 59    0.457 104.730   0.000   0.883   0.000   0.117
B T  1C9YA                 60    0.209  28.990   0.000   0.889   0.003   0.108
E R  1C9YA                 61    0.417  95.583   0.000   0.900   0.003   0.097
E L  1C9YA                 62    0.280  51.209   0.000   0.945   0.002   0.052
B S  1C9YA                 63    0.081   9.490   0.000   0.991   0.000   0.009
B T  1C9YA                 64    0.063   8.758   0.000   0.994   0.000   0.006
E E  1C9YA                 65    0.281  49.117   0.000   0.997   0.000   0.003
B T  1C9YA                 66    0.239  33.215   0.000   0.997   0.000   0.003
B G  1C9YA                 67    0.020   1.541   0.000   0.997   0.000   0.003
B F  1C9YA                 68    0.049   9.837   0.000   0.997   0.000   0.003
E A  1C9YA                 69    0.417  45.923   0.000   0.994   0.000   0.006
E L  1C9YA                 70    0.355  65.051   0.000   0.928   0.000   0.072
B L  1C9YA                 71    0.069  12.625   0.000   0.175   0.000   0.824
E G  1C9YA                 72    0.364  28.686   0.000   0.006   0.002   0.993
B G  1C9YA                 73    0.060   4.703   0.000   0.001   0.068   0.931
E H  1C9YA                 74    0.462  84.084   0.000   0.000   0.976   0.024
B P  1C9YA                 75    0.248  35.240   0.000   0.000   0.987   0.013
B C  1C9YA                 76    0.198  27.806   0.000   0.000   0.838   0.162
E F  1C9YA                 77    0.488  97.872   0.000   0.001   0.610   0.389
B L  1C9YA                 78    0.142  26.067   0.000   0.002   0.206   0.792
E T  1C9YA                 79    0.405  56.232   0.000   0.004   0.116   0.880
E T  1C9YA                 80    0.347  48.156   0.000   0.405   0.007   0.589
E Q  1C9YA                 81    0.791 141.236   0.000   0.319   0.003   0.678
E D  1C9YA                 82    0.602  86.790   0.000   0.408   0.013   0.580
B I  1C9YA                 83    0.231  42.727   0.000   0.081   0.020   0.899
E H  1C9YA                 84    0.655 119.135   0.000   0.031   0.021   0.947
E L  1C9YA                 85    0.341  62.520   0.000   0.021   0.014   0.965
E G  1C9YA                 86    0.493  38.797   0.000   0.016   0.010   0.973
E V  1C9YA                 87    0.591  90.810   0.000   0.007   0.003   0.990
E N  1C9YA                 88    0.819 119.856   0.000   0.003   0.001   0.996
E E  1C9YA                 89    0.251  43.864   0.000   0.001   0.024   0.974
E S  1C9YA                 90    0.402  47.087   0.000   0.002   0.163   0.835
B L  1C9YA                 91    0.191  34.920   0.000   0.987   0.000   0.013
E T  1C9YA                 92    0.336  46.656   0.000   0.997   0.000   0.003
E D  1C9YA                 93    0.456  65.706   0.000   0.997   0.000   0.003
B T  1C9YA                 94    0.095  13.222   0.000   0.998   0.000   0.002
B A  1C9YA                 95    0.020   2.231   0.000   0.999   0.000   0.001
E R  1C9YA                 96    0.448 102.672   0.000   0.998   0.000   0.002
E V  1C9YA                 97    0.345  53.025   0.000   0.996   0.000   0.004
B L  1C9YA                 98    0.042   7.630   0.000   0.995   0.000   0.005
B S  1C9YA                 99    0.110  12.916   0.000   0.963   0.000   0.037
E S  1C9YA                100    0.575  67.429   0.000   0.621   0.000   0.379
E M  1C9YA                101    0.302  60.473   0.000   0.530   0.000   0.470
B A  1C9YA                102    0.030   3.260   0.000   0.000   0.014   0.986
E D  1C9YA                103    0.349  50.235   0.000   0.000   0.005   0.995
B A  1C9YA                104    0.015   1.645   0.000   0.000   0.989   0.011
B V  1C9YA                105    0.006   0.902   0.000   0.000   0.999   0.001
B L  1C9YA                106    0.013   2.321   0.000   0.000   0.998   0.002
B A  1C9YA                107    0.004   0.437   0.000   0.000   0.981   0.019
B R  1C9YA                108    0.183  41.881   0.000   0.000   0.795   0.204
B V  1C9YA                109    0.061   9.383   0.000   0.001   0.408   0.591
E Y  1C9YA                110    0.362  77.445   0.000   0.016   0.109   0.874
E K  1C9YA                111    0.562 115.672   0.000   0.079   0.014   0.907
E Q  1C9YA                112    0.588 105.056   0.000   0.215   0.006   0.779
E S  1C9YA                113    0.401  47.040   0.000   0.207   0.007   0.786
E D  1C9YA                114    0.356  51.369   0.000   0.571   0.007   0.421
B L  1C9YA                115    0.053   9.697   0.000   0.947   0.001   0.053
E D  1C9YA                116    0.484  69.777   0.000   0.991   0.000   0.009
E T  1C9YA                117    0.346  47.985   0.000   0.995   0.000   0.005
B L  1C9YA                118    0.019   3.547   0.000   0.996   0.000   0.004
B A  1C9YA                119    0.067   7.436   0.000   0.980   0.000   0.020
E K  1C9YA                120    0.716 147.268   0.000   0.829   0.000   0.171
E E  1C9YA                121    0.403  70.415   0.000   0.759   0.000   0.241
B A  1C9YA                122    0.049   5.358   0.000   0.008   0.014   0.978
E S  1C9YA                123    0.797  93.425   0.000   0.000   0.002   0.998
B I  1C9YA                124    0.154  28.506   0.000   0.000   0.002   0.998
B P  1C9YA                125    0.203  28.824   0.000   0.000   0.017   0.983
B I  1C9YA                126    0.026   4.867   0.000   0.000   0.995   0.005
B I  1C9YA                127    0.017   3.225   0.000   0.000   0.997   0.003
B N  1C9YA                128    0.024   3.480   0.000   0.000   0.980   0.020
B G  1C9YA                129    0.019   1.508   0.000   0.001   0.062   0.937
B L  1C9YA                130    0.130  23.789   0.000   0.000   0.027   0.972
B S  1C9YA                131    0.124  14.563   0.000   0.002   0.030   0.968
E D  1C9YA                132    0.357  51.404   0.000   0.025   0.002   0.973
E L  1C9YA                133    0.388  70.957   0.000   0.021   0.002   0.977
B Y  1C9YA                134    0.231  49.422   0.000   0.048   0.041   0.910
B H  1C9YA                135    0.119  21.707   0.000   0.088   0.015   0.897
B P  1C9YA                136    0.033   4.617   0.000   0.948   0.002   0.050
B I  1C9YA                137    0.020   3.624   0.000   0.986   0.000   0.014
B Q  1C9YA                138    0.049   8.775   0.000   0.997   0.000   0.003
B I  1C9YA                139    0.006   1.171   0.000   0.999   0.000   0.001
B L  1C9YA                140    0.014   2.564   0.000   0.999   0.000   0.001
B A  1C9YA                141    0.017   1.864   0.000   0.999   0.000   0.001
B D  1C9YA                142    0.018   2.621   0.000   1.000   0.000   0.000
B Y  1C9YA                143    0.015   3.130   0.000   0.999   0.000   0.001
B L  1C9YA                144    0.059  10.816   0.000   0.997   0.000   0.003
B T  1C9YA                145    0.044   6.118   0.000   0.990   0.000   0.010
B L  1C9YA                146    0.013   2.418   0.000   0.994   0.000   0.006
E Q  1C9YA                147    0.285  50.929   0.000   0.992   0.000   0.008
E E  1C9YA                148    0.563  98.312   0.000   0.977   0.000   0.023
E H  1C9YA                149    0.462  83.959   0.000   0.925   0.000   0.075
B Y  1C9YA                150    0.234  49.998   0.000   0.492   0.002   0.506
E S  1C9YA                151    0.747  87.604   0.000   0.176   0.001   0.823
E S  1C9YA                152    0.414  48.466   0.000   0.109   0.006   0.885
B L  1C9YA                153    0.034   6.161   0.000   0.198   0.007   0.796
E K  1C9YA                154    0.711 146.210   0.000   0.005   0.011   0.984
E G  1C9YA                155    0.696  54.768   0.000   0.008   0.002   0.990
B L  1C9YA                156    0.066  12.038   0.000   0.001   0.031   0.968
B T  1C9YA                157    0.218  30.168   0.000   0.000   0.952   0.048
B L  1C9YA                158    0.011   1.923   0.000   0.000   0.999   0.001
B S  1C9YA                159    0.004   0.511   0.000   0.000   1.000   0.000
B W  1C9YA                160    0.008   1.856   0.000   0.000   0.999   0.001
B I  1C9YA                161    0.011   2.035   0.000   0.000   0.979   0.021
B G  1C9YA                162    0.034   2.665   0.000   0.000   0.554   0.446
B D  1C9YA                163    0.160  22.999   0.000   0.001   0.120   0.878
B G  1C9YA                164    0.094   7.418   0.000   0.233   0.020   0.747
E N  1C9YA                165    0.365  53.377   0.000   0.394   0.003   0.603
E N  1C9YA                166    0.299  43.707   0.000   0.566   0.009   0.425
B I  1C9YA                167    0.081  14.895   0.000   0.874   0.007   0.119
B L  1C9YA                168    0.037   6.786   0.000   0.953   0.001   0.046
B H  1C9YA                169    0.245  44.638   0.000   0.978   0.000   0.021
B S  1C9YA                170    0.079   9.224   0.000   0.992   0.000   0.007
B I  1C9YA                171    0.029   5.340   0.000   0.998   0.000   0.002
B M  1C9YA                172    0.040   7.966   0.000   0.999   0.000   0.001
B M  1C9YA                173    0.188  37.581   0.000   0.999   0.000   0.001
B S  1C9YA                174    0.025   2.884   0.000   0.998   0.000   0.002
B A  1C9YA                175    0.005   0.595   0.000   0.997   0.000   0.003
B A  1C9YA                176    0.213  23.426   0.000   0.990   0.000   0.010
E K  1C9YA                177    0.418  85.897   0.000   0.931   0.000   0.068
B F  1C9YA                178    0.154  30.851   0.000   0.258   0.000   0.742
E G  1C9YA                179    0.405  31.869   0.000   0.002   0.001   0.997
B M  1C9YA                180    0.041   8.141   0.000   0.000   0.024   0.976
E H  1C9YA                181    0.377  68.512   0.000   0.000   0.962   0.038
B L  1C9YA                182    0.030   5.427   0.000   0.000   0.996   0.004
B Q  1C9YA                183    0.141  25.210   0.000   0.000   0.999   0.001
B A  1C9YA                184    0.021   2.297   0.000   0.000   0.999   0.001
B A  1C9YA                185    0.013   1.384   0.000   0.000   0.971   0.029
B T  1C9YA                186    0.016   2.154   0.000   0.000   0.630   0.370
B P  1C9YA                187    0.136  19.309   0.000   0.001   0.538   0.461
E K  1C9YA                188    0.672 138.260   0.000   0.599   0.001   0.400
E G  1C9YA                189    0.676  53.178   0.000   0.411   0.002   0.587
B Y  1C9YA                190    0.204  43.530   0.000   0.488   0.018   0.494
E E  1C9YA                191    0.634 110.713   0.000   0.001   0.024   0.975
B P  1C9YA                192    0.116  16.486   0.000   0.000   0.018   0.982
E D  1C9YA                193    0.470  67.729   0.000   0.001   0.001   0.998
E A  1C9YA                194    0.724  79.731   0.000   0.945   0.000   0.055
E S  1C9YA                195    0.522  61.176   0.000   0.948   0.000   0.052
B V  1C9YA                196    0.033   5.146   0.000   0.987   0.000   0.012
E T  1C9YA                197    0.256  35.547   0.000   0.994   0.000   0.006
E K  1C9YA                198    0.611 125.701   0.000   0.998   0.000   0.002
B L  1C9YA                199    0.245  44.785   0.000   0.998   0.000   0.002
B A  1C9YA                200    0.007   0.808   0.000   0.998   0.000   0.001
E E  1C9YA                201    0.460  80.421   0.000   0.998   0.000   0.002
E Q  1C9YA                202    0.578 103.239   0.000   0.997   0.000   0.003
B Y  1C9YA                203    0.207  44.194   0.000   0.996   0.000   0.004
B A  1C9YA                204    0.046   5.083   0.000   0.994   0.000   0.006
E K  1C9YA                205    0.743 152.887   0.000   0.990   0.000   0.010
E E  1C9YA                206    0.753 131.501   0.000   0.936   0.000   0.063
E N  1C9YA                207    0.395  57.841   0.000   0.396   0.000   0.604
E G  1C9YA                208    0.754  59.320   0.000   0.001   0.000   0.999
B T  1C9YA                209    0.105  14.571   0.000   0.001   0.022   0.977
E K  1C9YA                210    0.607 124.862   0.000   0.001   0.738   0.261
B L  1C9YA                211    0.174  31.829   0.000   0.000   0.934   0.065
E L  1C9YA                212    0.325  59.497   0.000   0.000   0.996   0.003
E L  1C9YA                213    0.353  64.714   0.000   0.000   0.998   0.002
B T  1C9YA                214    0.090  12.516   0.000   0.000   0.785   0.215
E N  1C9YA                215    0.725 106.082   0.000   0.000   0.007   0.993
E D  1C9YA                216    0.494  71.170   0.000   0.000   0.000   0.999
B P  1C9YA                217    0.057   8.091   0.000   0.963   0.000   0.037
E L  1C9YA                218    0.291  53.366   0.000   0.989   0.000   0.011
E E  1C9YA                219    0.554  96.792   0.000   0.988   0.000   0.012
B A  1C9YA                220    0.022   2.409   0.000   0.960   0.000   0.040
B A  1C9YA                221    0.017   1.901   0.000   0.590   0.002   0.409
E H  1C9YA                222    0.602 109.487   0.000   0.045   0.010   0.945
E G  1C9YA                223    0.495  38.968   0.000   0.021   0.001   0.978
B G  1C9YA                224    0.043   3.358   0.000   0.000   0.002   0.998
E N  1C9YA                225    0.277  40.566   0.000   0.000   0.009   0.991
B V  1C9YA                226    0.012   1.816   0.000   0.000   0.992   0.008
B L  1C9YA                227    0.005   0.896   0.000   0.000   1.000   0.000
B I  1C9YA                228    0.012   2.252   0.000   0.000   0.997   0.003
B T  1C9YA                229    0.007   0.904   0.000   0.000   0.922   0.078
B D  1C9YA                230    0.133  19.233   0.000   0.008   0.305   0.688
B T  1C9YA                231    0.141  19.537   0.000   0.260   0.007   0.733
E W  1C9YA                232    0.326  78.402   0.000   0.450   0.031   0.519
B I  1C9YA                233    0.190  35.148   0.000   0.469   0.020   0.511
E S  1C9YA                234    0.415  48.582   0.000   0.389   0.014   0.597
E M  1C9YA                235    0.502 100.354   0.000   0.163   0.008   0.829
E G  1C9YA                236    0.665  52.302   0.000   0.058   0.002   0.940
E R  1C9YA                237    0.457 104.725   0.000   0.168   0.009   0.823
E E  1C9YA                238    0.629 109.815   0.000   0.765   0.001   0.234
E E  1C9YA                239    0.716 125.103   0.000   0.705   0.001   0.294
E E  1C9YA                240    0.376  65.633   0.000   0.694   0.000   0.305
E K  1C9YA                241    0.360  74.107   0.000   0.858   0.000   0.142
E K  1C9YA                242    0.619 127.429   0.000   0.863   0.000   0.136
E K  1C9YA                243    0.548 112.671   0.000   0.875   0.001   0.124
B R  1C9YA                244    0.210  47.980   0.000   0.931   0.001   0.068
E L  1C9YA                245    0.296  54.180   0.000   0.924   0.002   0.074
E Q  1C9YA                246    0.667 119.206   0.000   0.927   0.001   0.072
E A  1C9YA                247    0.291  32.038   0.000   0.879   0.001   0.119
B F  1C9YA                248    0.131  26.388   0.000   0.721   0.004   0.276
E Q  1C9YA                249    0.592 105.696   0.000   0.513   0.006   0.481
E G  1C9YA                250    0.588  46.272   0.000   0.385   0.002   0.613
B Y  1C9YA                251    0.146  31.104   0.000   0.298   0.036   0.667
E Q  1C9YA                252    0.333  59.386   0.000   0.003   0.370   0.627
B V  1C9YA                253    0.054   8.352   0.000   0.002   0.344   0.654
E T  1C9YA                254    0.308  42.657   0.000   0.003   0.087   0.910
E M  1C9YA                255    0.406  81.333   0.000   0.961   0.001   0.037
E K  1C9YA                256    0.629 129.486   0.000   0.976   0.001   0.024
B T  1C9YA                257    0.074  10.272   0.000   0.989   0.000   0.011
B A  1C9YA                258    0.065   7.166   0.000   0.969   0.000   0.031
E K  1C9YA                259    0.693 142.486   0.000   0.545   0.000   0.455
E V  1C9YA                260    0.302  46.439   0.000   0.563   0.000   0.437
B A  1C9YA                261    0.036   3.946   0.000   0.097   0.021   0.882
E A  1C9YA                262    0.296  32.593   0.000   0.031   0.025   0.944
E S  1C9YA                263    0.794  93.033   0.000   0.011   0.005   0.984
E D  1C9YA                264    0.604  87.045   0.000   0.006   0.002   0.992
B W  1C9YA                265    0.030   7.109   0.000   0.001   0.112   0.887
B T  1C9YA                266    0.092  12.703   0.000   0.000   0.976   0.024
B F  1C9YA                267    0.008   1.644   0.000   0.000   0.999   0.001
B L  1C9YA                268    0.015   2.682   0.000   0.000   0.961   0.039
B H  1C9YA                269    0.031   5.719   0.000   0.000   0.529   0.470
B C  1C9YA                270    0.039   5.414   0.000   0.001   0.033   0.966
B L  1C9YA                271    0.120  21.977   0.000   0.001   0.013   0.986
B P  1C9YA                272    0.188  26.656   0.000   0.002   0.023   0.975
E R  1C9YA                273    0.408  93.501   0.000   0.003   0.023   0.974
E K  1C9YA                274    0.449  92.332   0.000   0.001   0.040   0.959
E P  1C9YA                275    0.516  73.223   0.000   0.251   0.010   0.740
E E  1C9YA                276    0.581 101.464   0.000   0.256   0.040   0.703
B E  1C9YA                277    0.226  39.531   0.000   0.258   0.083   0.659
B V  1C9YA                278    0.071  10.857   0.000   0.023   0.217   0.761
E D  1C9YA                279    0.361  51.983   0.000   0.011   0.028   0.961
E D  1C9YA                280    0.622  89.610   0.000   0.812   0.001   0.188
E E  1C9YA                281    0.590 103.049   0.000   0.894   0.001   0.105
B V  1C9YA                282    0.035   5.406   0.000   0.964   0.000   0.036
B F  1C9YA                283    0.134  26.868   0.000   0.862   0.001   0.138
E Y  1C9YA                284    0.654 139.707   0.000   0.362   0.001   0.637
B S  1C9YA                285    0.145  16.956   0.000   0.005   0.002   0.993
E P  1C9YA                286    0.677  96.124   0.000   0.048   0.001   0.951
E R  1C9YA                287    0.439 100.439   0.000   0.040   0.004   0.956
B S  1C9YA                288    0.038   4.449   0.000   0.052   0.266   0.683
B L  1C9YA                289    0.174  31.890   0.000   0.089   0.391   0.520
B V  1C9YA                290    0.078  11.951   0.000   0.407   0.182   0.411
B F  1C9YA                291    0.243  48.699   0.000   0.865   0.013   0.123
E P  1C9YA                292    0.289  41.046   0.000   0.925   0.007   0.068
B E  1C9YA                293    0.078  13.584   0.000   0.991   0.000   0.008
B A  1C9YA                294    0.062   6.849   0.000   0.981   0.001   0.018
E E  1C9YA                295    0.452  79.022   0.000   0.932   0.002   0.066
B N  1C9YA                296    0.066   9.717   0.000   0.854   0.001   0.145
B R  1C9YA                297    0.146  33.514   0.000   0.926   0.002   0.072
E K  1C9YA                298    0.250  51.457   0.000   0.996   0.000   0.003
B W  1C9YA                299    0.098  23.526   0.000   0.997   0.000   0.002
B T  1C9YA                300    0.014   1.911   0.000   1.000   0.000   0.000
B I  1C9YA                301    0.077  14.173   0.000   1.000   0.000   0.000
B M  1C9YA                302    0.090  17.947   0.000   1.000   0.000   0.000
B A  1C9YA                303    0.014   1.576   0.000   1.000   0.000   0.000
B V  1C9YA                304    0.014   2.121   0.000   1.000   0.000   0.000
B M  1C9YA                305    0.027   5.364   0.000   0.999   0.000   0.001
B V  1C9YA                306    0.080  12.231   0.000   0.998   0.000   0.002
B S  1C9YA                307    0.111  13.019   0.000   0.993   0.000   0.007
B L  1C9YA                308    0.072  13.202   0.000   0.946   0.001   0.053
B L  1C9YA                309    0.110  20.122   0.000   0.701   0.003   0.296
E T  1C9YA                310    0.388  53.814   0.000   0.385   0.008   0.607
E D  1C9YA                311    0.741 106.787   0.000   0.146   0.007   0.847
E Y  1C9YA                312    0.381  81.436   0.000   0.122   0.018   0.861
E S  1C9YA                313    0.392  45.921   0.000   0.020   0.020   0.960
E P  1C9YA                314    0.473  67.188   0.000   0.076   0.011   0.913
E Q  1C9YA                315    0.600 107.187   0.000   0.054   0.041   0.904
E L  1C9YA                316    0.311  56.940   0.000   0.043   0.075   0.883
E Q  1C9YA                317    0.645 115.252   0.000   0.023   0.062   0.915
E K  1C9YA                318    0.596 122.585   0.000   0.003   0.018   0.979
E P  1C9YA                319    0.340  48.206   0.000   0.004   0.012   0.984
E K  1C9YA                320    0.649 133.548   0.000   0.006   0.023   0.971
E F  1C9YA                321    0.594 119.220   0.000   0.000   0.000   0.999
