# For publication of results, please cite:
# ...
# ... Michael Schantz Klausen, Martin Closter Jespersen, Henrik Nielsen, Kamilla Kjærgaard Jensen, 
# ... Vanessa Isabell Jurtz, Casper Kaae Sønderby, Morten Otto Alexander Sommer, Ole Winther, 
# ... Morten Nielsen, Bent Petersen, and Paolo Marcatili. 
# ... NetSurfP-2.0: Improved prediction of protein structural features by integrated deep learning.
# ... Proteins: Structure, Function, and Bioinformatics (Feb. 2019).
# ... https://doi.org/10.1002/prot.25674
# ...
#
# Column 1: Class assignment - B for buried or E for Exposed - Threshold: 25% exposure, but not based on RSA
# Column 2: Amino acid
# Column 3: Sequence name
# Column 4: Amino acid number
# Column 5: Relative Surface Accessibility - RSA
# Column 6: Absolute Surface Accessibility
# Column 7: Not used
# Column 8: Probability for Alpha-Helix
# Column 9: Probability for Beta-strand
# Column 10: Probability for Coil
E M  2OPIA                  1    0.759 151.955   0.000   0.001   0.001   0.999
E I  2OPIA                  2    0.356  65.787   0.000   0.019   0.017   0.964
E T  2OPIA                  3    0.523  72.510   0.000   0.074   0.003   0.922
E D  2OPIA                  4    0.741 106.774   0.000   0.863   0.000   0.137
E E  2OPIA                  5    0.709 123.862   0.000   0.958   0.000   0.042
E H  2OPIA                  6    0.281  51.057   0.000   0.976   0.000   0.024
B I  2OPIA                  7    0.135  25.025   0.000   0.994   0.000   0.006
E E  2OPIA                  8    0.551  96.343   0.000   0.999   0.000   0.001
E L  2OPIA                  9    0.320  58.547   0.000   0.999   0.000   0.001
B F  2OPIA                 10    0.040   8.100   0.000   0.999   0.000   0.001
B L  2OPIA                 11    0.098  17.854   0.000   0.999   0.000   0.001
E A  2OPIA                 12    0.382  42.085   0.000   0.999   0.000   0.001
B Q  2OPIA                 13    0.172  30.641   0.000   0.998   0.000   0.002
B A  2OPIA                 14    0.015   1.686   0.000   0.998   0.000   0.002
E H  2OPIA                 15    0.339  61.705   0.000   0.998   0.000   0.002
E R  2OPIA                 16    0.435  99.577   0.000   0.997   0.000   0.003
B Y  2OPIA                 17    0.078  16.675   0.000   0.995   0.000   0.005
B G  2OPIA                 18    0.153  12.046   0.000   0.989   0.000   0.011
E D  2OPIA                 19    0.729 105.086   0.000   0.966   0.000   0.034
E A  2OPIA                 20    0.407  44.888   0.000   0.088   0.000   0.912
E K  2OPIA                 21    0.676 138.970   0.000   0.006   0.000   0.994
B L  2OPIA                 22    0.131  24.041   0.000   0.006   0.009   0.985
B M  2OPIA                 23    0.057  11.360   0.000   0.006   0.396   0.598
E L  2OPIA                 24    0.468  85.656   0.000   0.007   0.060   0.933
E C  2OPIA                 25    0.415  58.264   0.000   0.034   0.030   0.937
E S  2OPIA                 26    0.506  59.331   0.000   0.048   0.016   0.936
E S  2OPIA                 27    0.294  34.430   0.000   0.026   0.065   0.909
B G  2OPIA                 28    0.092   7.256   0.000   0.013   0.257   0.730
B N  2OPIA                 29    0.078  11.491   0.000   0.001   0.794   0.205
B L  2OPIA                 30    0.021   3.854   0.000   0.000   0.972   0.028
B S  2OPIA                 31    0.022   2.598   0.000   0.000   0.996   0.004
B W  2OPIA                 32    0.024   5.863   0.000   0.000   0.999   0.001
B R  2OPIA                 33    0.250  57.247   0.000   0.000   0.999   0.001
B I  2OPIA                 34    0.117  21.634   0.000   0.000   0.951   0.048
E G  2OPIA                 35    0.598  47.077   0.000   0.001   0.005   0.994
E E  2OPIA                 36    0.785 137.102   0.000   0.000   0.000   1.000
E E  2OPIA                 37    0.335  58.520   0.000   0.000   0.962   0.038
B A  2OPIA                 38    0.028   3.033   0.000   0.000   0.999   0.001
B L  2OPIA                 39    0.070  12.846   0.000   0.000   0.999   0.001
B I  2OPIA                 40    0.011   2.061   0.000   0.000   0.992   0.008
B S  2OPIA                 41    0.118  13.847   0.000   0.000   0.826   0.174
B G  2OPIA                 42    0.087   6.818   0.000   0.007   0.188   0.805
E T  2OPIA                 43    0.351  48.677   0.000   0.013   0.067   0.920
E G  2OPIA                 44    0.373  29.355   0.000   0.060   0.049   0.891
E S  2OPIA                 45    0.280  32.821   0.000   0.060   0.128   0.813
E W  2OPIA                 46    0.324  77.833   0.000   0.083   0.120   0.798
B V  2OPIA                 47    0.127  19.484   0.000   0.953   0.000   0.046
E P  2OPIA                 48    0.442  62.734   0.000   0.878   0.001   0.121
E T  2OPIA                 49    0.552  76.526   0.000   0.855   0.002   0.142
B L  2OPIA                 50    0.050   9.156   0.000   0.011   0.012   0.977
E A  2OPIA                 51    0.363  40.010   0.000   0.003   0.025   0.972
E K  2OPIA                 52    0.503 103.477   0.000   0.927   0.001   0.072
E E  2OPIA                 53    0.789 137.795   0.000   0.929   0.001   0.069
E K  2OPIA                 54    0.310  63.854   0.000   0.950   0.002   0.049
B V  2OPIA                 55    0.076  11.621   0.000   0.001   0.904   0.096
B S  2OPIA                 56    0.097  11.389   0.000   0.000   0.965   0.034
B I  2OPIA                 57    0.231  42.671   0.000   0.000   0.985   0.014
B C  2OPIA                 58    0.035   4.965   0.000   0.000   0.936   0.064
E N  2OPIA                 59    0.365  53.369   0.000   0.000   0.874   0.126
B I  2OPIA                 60    0.113  20.858   0.000   0.006   0.003   0.991
E A  2OPIA                 61    0.673  74.128   0.000   0.023   0.007   0.971
E S  2OPIA                 62    0.614  71.952   0.000   0.044   0.008   0.948
B G  2OPIA                 63    0.202  15.879   0.000   0.005   0.003   0.991
E T  2OPIA                 64    0.524  72.654   0.000   0.002   0.187   0.811
E P  2OPIA                 65    0.375  53.283   0.000   0.002   0.941   0.057
E T  2OPIA                 66    0.387  53.638   0.000   0.008   0.152   0.840
E N  2OPIA                 67    0.841 123.062   0.000   0.021   0.071   0.907
E G  2OPIA                 68    0.778  61.229   0.000   0.006   0.015   0.979
E V  2OPIA                 69    0.374  57.410   0.000   0.001   0.082   0.917
E K  2OPIA                 70    0.657 135.184   0.000   0.000   0.048   0.952
B P  2OPIA                 71    0.187  26.595   0.000   0.001   0.081   0.918
B S  2OPIA                 72    0.179  21.033   0.000   0.005   0.030   0.965
E M  2OPIA                 73    0.285  57.113   0.000   0.769   0.001   0.229
B E  2OPIA                 74    0.109  18.984   0.000   0.845   0.001   0.155
B S  2OPIA                 75    0.043   5.041   0.000   0.989   0.000   0.010
B T  2OPIA                 76    0.225  31.192   0.000   0.996   0.000   0.004
B F  2OPIA                 77    0.063  12.704   0.000   0.998   0.000   0.002
B H  2OPIA                 78    0.013   2.338   0.000   0.998   0.000   0.001
B L  2OPIA                 79    0.076  13.891   0.000   0.998   0.000   0.001
B G  2OPIA                 80    0.125   9.829   0.000   0.998   0.000   0.002
B V  2OPIA                 81    0.010   1.532   0.000   0.999   0.000   0.001
B L  2OPIA                 82    0.096  17.532   0.000   0.998   0.000   0.002
E R  2OPIA                 83    0.622 142.360   0.000   0.989   0.000   0.011
E E  2OPIA                 84    0.520  90.898   0.000   0.968   0.000   0.032
B R  2OPIA                 85    0.189  43.186   0.000   0.001   0.000   0.998
E P  2OPIA                 86    0.620  88.044   0.000   0.001   0.000   0.999
E D  2OPIA                 87    0.685  98.685   0.000   0.001   0.000   0.999
B V  2OPIA                 88    0.034   5.301   0.000   0.001   0.067   0.932
E N  2OPIA                 89    0.340  49.718   0.000   0.000   0.123   0.877
B V  2OPIA                 90    0.013   1.954   0.000   0.000   0.978   0.022
B V  2OPIA                 91    0.006   0.897   0.000   0.000   0.999   0.001
B L  2OPIA                 92    0.004   0.734   0.000   0.000   0.998   0.002
B H  2OPIA                 93    0.012   2.153   0.000   0.000   0.987   0.013
B F  2OPIA                 94    0.016   3.255   0.000   0.000   0.471   0.528
B Q  2OPIA                 95    0.078  14.017   0.000   0.000   0.093   0.907
B S  2OPIA                 96    0.068   7.924   0.000   0.056   0.071   0.873
E E  2OPIA                 97    0.379  66.238   0.000   0.950   0.001   0.049
B Y  2OPIA                 98    0.250  53.356   0.000   0.959   0.000   0.040
B A  2OPIA                 99    0.010   1.080   0.000   0.990   0.000   0.010
B T  2OPIA                100    0.145  20.070   0.000   0.993   0.000   0.007
B A  2OPIA                101    0.188  20.663   0.000   0.995   0.000   0.005
B I  2OPIA                102    0.089  16.400   0.000   0.992   0.000   0.008
B S  2OPIA                103    0.064   7.531   0.000   0.922   0.001   0.078
E C  2OPIA                104    0.360  50.503   0.000   0.599   0.005   0.396
E M  2OPIA                105    0.396  79.286   0.000   0.273   0.005   0.722
E K  2OPIA                106    0.610 125.500   0.000   0.080   0.004   0.916
E N  2OPIA                107    0.685 100.345   0.000   0.009   0.004   0.987
E K  2OPIA                108    0.569 116.968   0.000   0.005   0.011   0.984
E P  2OPIA                109    0.358  50.868   0.000   0.023   0.013   0.964
E T  2OPIA                110    0.455  63.045   0.000   0.036   0.130   0.834
E N  2OPIA                111    0.618  90.474   0.000   0.036   0.160   0.804
B F  2OPIA                112    0.204  40.958   0.000   0.044   0.219   0.737
E N  2OPIA                113    0.493  72.209   0.000   0.035   0.281   0.685
B V  2OPIA                114    0.247  37.991   0.000   0.158   0.211   0.631
E T  2OPIA                115    0.356  49.388   0.000   0.169   0.089   0.743
E A  2OPIA                116    0.413  45.503   0.000   0.292   0.042   0.666
E E  2OPIA                117    0.434  75.748   0.000   0.540   0.008   0.452
B I  2OPIA                118    0.085  15.789   0.000   0.939   0.002   0.060
B P  2OPIA                119    0.172  24.427   0.000   0.946   0.004   0.050
E C  2OPIA                120    0.377  52.918   0.000   0.943   0.020   0.037
E H  2OPIA                121    0.357  64.985   0.000   0.930   0.015   0.056
B V  2OPIA                122    0.101  15.564   0.000   0.784   0.025   0.191
E G  2OPIA                123    0.342  26.882   0.000   0.038   0.023   0.939
E S  2OPIA                124    0.543  63.645   0.000   0.009   0.011   0.980
E E  2OPIA                125    0.673 117.599   0.000   0.008   0.077   0.915
B I  2OPIA                126    0.062  11.462   0.000   0.001   0.221   0.778
B P  2OPIA                127    0.217  30.813   0.000   0.000   0.265   0.734
B V  2OPIA                128    0.188  28.933   0.000   0.000   0.952   0.048
B I  2OPIA                129    0.058  10.769   0.000   0.000   0.687   0.313
E P  2OPIA                130    0.438  62.172   0.000   0.001   0.110   0.888
E Y  2OPIA                131    0.393  84.046   0.000   0.003   0.023   0.974
E Y  2OPIA                132    0.326  69.568   0.000   0.003   0.033   0.964
E R  2OPIA                133    0.543 124.348   0.000   0.001   0.004   0.995
B P  2OPIA                134    0.241  34.163   0.000   0.002   0.003   0.995
E G  2OPIA                135    0.388  30.536   0.000   0.006   0.004   0.990
B S  2OPIA                136    0.237  27.790   0.000   0.020   0.001   0.979
E P  2OPIA                137    0.537  76.213   0.000   0.967   0.000   0.033
E E  2OPIA                138    0.713 124.633   0.000   0.990   0.000   0.010
B L  2OPIA                139    0.101  18.433   0.000   0.993   0.000   0.007
B A  2OPIA                140    0.021   2.318   0.000   0.998   0.000   0.002
E K  2OPIA                141    0.518 106.630   0.000   0.998   0.000   0.002
E A  2OPIA                142    0.262  28.853   0.000   0.998   0.000   0.002
B V  2OPIA                143    0.009   1.416   0.000   0.998   0.000   0.002
B V  2OPIA                144    0.087  13.369   0.000   0.999   0.000   0.001
E E  2OPIA                145    0.634 110.748   0.000   0.996   0.000   0.004
B A  2OPIA                146    0.115  12.620   0.000   0.984   0.000   0.016
B M  2OPIA                147    0.020   3.938   0.000   0.877   0.001   0.122
E L  2OPIA                148    0.405  74.173   0.000   0.520   0.002   0.479
E K  2OPIA                149    0.719 147.871   0.000   0.370   0.000   0.629
B H  2OPIA                150    0.203  36.857   0.000   0.083   0.008   0.909
E N  2OPIA                151    0.487  71.360   0.000   0.001   0.044   0.954
B S  2OPIA                152    0.013   1.578   0.000   0.000   0.900   0.100
B V  2OPIA                153    0.011   1.682   0.000   0.000   0.996   0.004
B L  2OPIA                154    0.021   3.830   0.000   0.000   0.997   0.003
B L  2OPIA                155    0.010   1.875   0.000   0.000   0.949   0.051
B T  2OPIA                156    0.206  28.571   0.000   0.002   0.182   0.816
E N  2OPIA                157    0.408  59.739   0.000   0.003   0.013   0.984
B H  2OPIA                158    0.062  11.300   0.000   0.005   0.027   0.968
B G  2OPIA                159    0.019   1.502   0.000   0.002   0.808   0.190
B Q  2OPIA                160    0.037   6.648   0.000   0.000   0.978   0.022
B V  2OPIA                161    0.021   3.285   0.000   0.000   0.997   0.003
B V  2OPIA                162    0.007   1.080   0.000   0.000   0.999   0.001
B C  2OPIA                163    0.032   4.430   0.000   0.000   0.999   0.001
B G  2OPIA                164    0.018   1.424   0.000   0.000   0.964   0.036
E K  2OPIA                165    0.574 118.157   0.000   0.000   0.001   0.999
E D  2OPIA                166    0.441  63.525   0.000   0.000   0.003   0.997
B F  2OPIA                167    0.120  24.062   0.000   0.991   0.000   0.009
E D  2OPIA                168    0.586  84.420   0.000   0.997   0.000   0.003
E Q  2OPIA                169    0.330  58.901   0.000   0.996   0.000   0.004
B V  2OPIA                170    0.004   0.610   0.000   0.999   0.000   0.001
B Y  2OPIA                171    0.191  40.748   0.000   0.999   0.000   0.001
E E  2OPIA                172    0.453  79.167   0.000   0.998   0.000   0.002
B R  2OPIA                173    0.172  39.406   0.000   0.997   0.000   0.003
B A  2OPIA                174    0.012   1.316   0.000   0.999   0.000   0.001
E T  2OPIA                175    0.264  36.680   0.000   0.998   0.000   0.001
B F  2OPIA                176    0.239  47.998   0.000   0.997   0.000   0.002
B F  2OPIA                177    0.026   5.296   0.000   0.999   0.000   0.001
B E  2OPIA                178    0.091  15.900   0.000   0.999   0.000   0.001
E M  2OPIA                179    0.318  63.715   0.000   0.999   0.000   0.001
B A  2OPIA                180    0.088   9.737   0.000   0.997   0.000   0.003
B C  2OPIA                181    0.016   2.278   0.000   0.995   0.000   0.005
E R  2OPIA                182    0.398  91.083   0.000   0.992   0.000   0.007
B I  2OPIA                183    0.250  46.176   0.000   0.994   0.000   0.006
B I  2OPIA                184    0.163  30.089   0.000   0.994   0.000   0.006
B V  2OPIA                185    0.210  32.329   0.000   0.978   0.000   0.022
E Q  2OPIA                186    0.622 111.115   0.000   0.882   0.001   0.117
E S  2OPIA                187    0.675  79.077   0.000   0.341   0.000   0.658
E G  2OPIA                188    0.703  55.359   0.000   0.062   0.000   0.938
E G  2OPIA                189    0.514  40.457   0.000   0.021   0.003   0.977
E D  2OPIA                190    0.796 114.730   0.000   0.004   0.013   0.984
E Y  2OPIA                191    0.360  76.955   0.000   0.007   0.062   0.931
E S  2OPIA                192    0.579  67.851   0.000   0.005   0.379   0.616
E V  2OPIA                193    0.489  75.222   0.000   0.003   0.448   0.548
B L  2OPIA                194    0.176  32.206   0.000   0.000   0.025   0.975
E T  2OPIA                195    0.461  63.979   0.000   0.001   0.001   0.999
E P  2OPIA                196    0.604  85.731   0.000   0.984   0.000   0.016
E E  2OPIA                197    0.720 125.711   0.000   0.990   0.000   0.010
E E  2OPIA                198    0.396  69.268   0.000   0.991   0.000   0.009
B I  2OPIA                199    0.134  24.806   0.000   0.991   0.000   0.009
E E  2OPIA                200    0.559  97.676   0.000   0.983   0.000   0.016
E D  2OPIA                201    0.546  78.749   0.000   0.965   0.000   0.034
B L  2OPIA                202    0.227  41.654   0.000   0.970   0.000   0.029
E E  2OPIA                203    0.372  64.955   0.000   0.973   0.000   0.026
E I  2OPIA                204    0.537  99.343   0.000   0.965   0.001   0.034
E Y  2OPIA                205    0.641 136.912   0.000   0.960   0.001   0.039
E V  2OPIA                206    0.400  61.427   0.000   0.908   0.001   0.091
E L  2OPIA                207    0.501  91.792   0.000   0.653   0.004   0.343
E G  2OPIA                208    0.735  57.806   0.000   0.114   0.002   0.884
E K  2OPIA                209    0.724 148.872   0.000   0.058   0.007   0.935
E K  2OPIA                210    0.740 152.281   0.000   0.039   0.010   0.952
E T  2OPIA                211    0.774 107.317   0.000   0.020   0.007   0.973
E K  2OPIA                212    0.903 185.847   0.000   0.000   0.000   1.000
