# For publication of results, please cite:
# ...
# ... Michael Schantz Klausen, Martin Closter Jespersen, Henrik Nielsen, Kamilla Kjærgaard Jensen, 
# ... Vanessa Isabell Jurtz, Casper Kaae Sønderby, Morten Otto Alexander Sommer, Ole Winther, 
# ... Morten Nielsen, Bent Petersen, and Paolo Marcatili. 
# ... NetSurfP-2.0: Improved prediction of protein structural features by integrated deep learning.
# ... Proteins: Structure, Function, and Bioinformatics (Feb. 2019).
# ... https://doi.org/10.1002/prot.25674
# ...
#
# Column 1: Class assignment - B for buried or E for Exposed - Threshold: 25% exposure, but not based on RSA
# Column 2: Amino acid
# Column 3: Sequence name
# Column 4: Amino acid number
# Column 5: Relative Surface Accessibility - RSA
# Column 6: Absolute Surface Accessibility
# Column 7: Not used
# Column 8: Probability for Alpha-Helix
# Column 9: Probability for Beta-strand
# Column 10: Probability for Coil
E M  3AXGI                  1    0.848 169.626   0.000   0.000   0.000   0.999
E N  3AXGI                  2    0.840 123.020   0.000   0.004   0.005   0.990
E T  3AXGI                  3    0.778 107.942   0.000   0.007   0.009   0.984
E T  3AXGI                  4    0.643  89.156   0.000   0.003   0.015   0.982
E P  3AXGI                  5    0.596  84.542   0.000   0.053   0.057   0.889
E V  3AXGI                  6    0.528  81.095   0.000   0.065   0.113   0.823
E H  3AXGI                  7    0.527  95.779   0.000   0.103   0.166   0.731
E A  3AXGI                  8    0.457  50.330   0.000   0.098   0.168   0.734
E L  3AXGI                  9    0.406  74.268   0.000   0.128   0.245   0.627
E T  3AXGI                 10    0.446  61.843   0.000   0.080   0.354   0.566
E D  3AXGI                 11    0.560  80.748   0.000   0.052   0.206   0.742
E I  3AXGI                 12    0.422  78.111   0.000   0.065   0.176   0.759
E D  3AXGI                 13    0.707 101.820   0.000   0.100   0.113   0.787
E G  3AXGI                 14    0.595  46.843   0.000   0.047   0.041   0.912
E G  3AXGI                 15    0.412  32.432   0.000   0.067   0.136   0.797
E I  3AXGI                 16    0.421  77.942   0.000   0.022   0.385   0.593
E A  3AXGI                 17    0.423  46.668   0.000   0.027   0.368   0.606
E V  3AXGI                 18    0.374  57.544   0.000   0.010   0.340   0.649
E D  3AXGI                 19    0.425  61.295   0.000   0.001   0.128   0.871
E P  3AXGI                 20    0.427  60.549   0.000   0.037   0.061   0.902
E A  3AXGI                 21    0.321  35.378   0.000   0.177   0.027   0.796
E P  3AXGI                 22    0.452  64.098   0.000   0.494   0.031   0.475
E R  3AXGI                 23    0.448 102.504   0.000   0.443   0.093   0.464
E L  3AXGI                 24    0.314  57.478   0.000   0.372   0.162   0.466
E A  3AXGI                 25    0.357  39.299   0.000   0.118   0.189   0.693
E G  3AXGI                 26    0.300  23.633   0.000   0.010   0.148   0.842
E P  3AXGI                 27    0.437  62.042   0.000   0.006   0.016   0.978
E P  3AXGI                 28    0.417  59.206   0.000   0.038   0.070   0.893
E V  3AXGI                 29    0.469  72.148   0.000   0.059   0.168   0.773
E F  3AXGI                 30    0.418  83.878   0.000   0.063   0.104   0.832
E G  3AXGI                 31    0.612  48.170   0.000   0.017   0.045   0.938
E G  3AXGI                 32    0.356  27.985   0.000   0.025   0.057   0.917
E P  3AXGI                 33    0.590  83.790   0.000   0.034   0.060   0.906
E G  3AXGI                 34    0.394  31.009   0.000   0.053   0.072   0.874
E N  3AXGI                 35    0.328  48.033   0.000   0.240   0.089   0.671
E D  3AXGI                 36    0.822 118.443   0.000   0.556   0.008   0.436
E A  3AXGI                 37    0.551  60.755   0.000   0.427   0.012   0.560
B F  3AXGI                 38    0.224  44.864   0.000   0.276   0.026   0.699
E D  3AXGI                 39    0.718 103.442   0.000   0.027   0.039   0.934
B L  3AXGI                 40    0.174  31.815   0.000   0.018   0.175   0.807
E A  3AXGI                 41    0.412  45.436   0.000   0.009   0.160   0.831
E P  3AXGI                 42    0.352  49.887   0.000   0.009   0.234   0.758
E V  3AXGI                 43    0.363  55.860   0.000   0.012   0.335   0.653
E R  3AXGI                 44    0.474 108.656   0.000   0.015   0.309   0.676
E S  3AXGI                 45    0.455  53.322   0.000   0.009   0.263   0.729
E T  3AXGI                 46    0.477  66.119   0.000   0.014   0.220   0.766
E G  3AXGI                 47    0.354  27.873   0.000   0.074   0.141   0.785
E R  3AXGI                 48    0.666 152.405   0.000   0.167   0.094   0.739
E E  3AXGI                 49    0.484  84.487   0.000   0.157   0.172   0.671
B M  3AXGI                 50    0.161  32.314   0.000   0.123   0.298   0.579
B L  3AXGI                 51    0.172  31.480   0.000   0.087   0.315   0.598
E R  3AXGI                 52    0.295  67.661   0.000   0.083   0.464   0.454
B F  3AXGI                 53    0.175  35.108   0.000   0.102   0.408   0.490
E D  3AXGI                 54    0.454  65.424   0.000   0.045   0.209   0.746
B F  3AXGI                 55    0.077  15.442   0.000   0.001   0.444   0.555
E P  3AXGI                 56    0.561  79.659   0.000   0.003   0.089   0.908
E G  3AXGI                 57    0.384  30.236   0.000   0.003   0.028   0.969
B V  3AXGI                 58    0.060   9.264   0.000   0.001   0.518   0.480
B S  3AXGI                 59    0.186  21.827   0.000   0.000   0.975   0.024
B I  3AXGI                 60    0.105  19.337   0.000   0.000   0.990   0.010
B G  3AXGI                 61    0.079   6.256   0.000   0.000   0.987   0.013
B A  3AXGI                 62    0.182  20.075   0.000   0.000   0.970   0.030
B A  3AXGI                 63    0.051   5.591   0.000   0.000   0.985   0.014
E H  3AXGI                 64    0.323  58.671   0.000   0.001   0.940   0.058
B Y  3AXGI                 65    0.155  33.148   0.000   0.003   0.779   0.218
E E  3AXGI                 66    0.591 103.332   0.000   0.019   0.230   0.750
E E  3AXGI                 67    0.700 122.302   0.000   0.018   0.110   0.872
B G  3AXGI                 68    0.216  16.990   0.000   0.006   0.406   0.588
B P  3AXGI                 69    0.244  34.620   0.000   0.001   0.368   0.630
B T  3AXGI                 70    0.043   5.943   0.000   0.000   0.706   0.293
B G  3AXGI                 71    0.033   2.600   0.000   0.001   0.770   0.230
B A  3AXGI                 72    0.011   1.207   0.000   0.000   0.938   0.061
B T  3AXGI                 73    0.016   2.205   0.000   0.000   0.993   0.007
B V  3AXGI                 74    0.015   2.278   0.000   0.000   0.998   0.002
B I  3AXGI                 75    0.017   3.075   0.000   0.000   0.998   0.002
B H  3AXGI                 76    0.134  24.464   0.000   0.000   0.971   0.028
B I  3AXGI                 77    0.029   5.288   0.000   0.000   0.280   0.719
B P  3AXGI                 78    0.202  28.625   0.000   0.002   0.095   0.903
E A  3AXGI                 79    0.576  63.499   0.000   0.008   0.012   0.980
E G  3AXGI                 80    0.501  39.412   0.000   0.004   0.015   0.981
B A  3AXGI                 81    0.047   5.143   0.000   0.001   0.144   0.855
E R  3AXGI                 82    0.302  69.102   0.000   0.000   0.892   0.108
B T  3AXGI                 83    0.017   2.380   0.000   0.000   0.989   0.011
B A  3AXGI                 84    0.053   5.831   0.000   0.000   0.988   0.012
B V  3AXGI                 85    0.047   7.258   0.000   0.000   0.988   0.012
B D  3AXGI                 86    0.139  19.986   0.000   0.001   0.945   0.055
B A  3AXGI                 87    0.078   8.615   0.000   0.009   0.666   0.325
E R  3AXGI                 88    0.276  63.151   0.000   0.011   0.456   0.533
E G  3AXGI                 89    0.349  27.498   0.000   0.047   0.083   0.871
E G  3AXGI                 90    0.358  28.137   0.000   0.099   0.052   0.848
B A  3AXGI                 91    0.235  25.949   0.000   0.060   0.103   0.837
E V  3AXGI                 92    0.355  54.487   0.000   0.160   0.074   0.766
B G  3AXGI                 93    0.211  16.640   0.000   0.181   0.077   0.742
E L  3AXGI                 94    0.280  51.293   0.000   0.197   0.144   0.660
E S  3AXGI                 95    0.451  52.899   0.000   0.175   0.119   0.706
E G  3AXGI                 96    0.559  43.992   0.000   0.107   0.035   0.859
E G  3AXGI                 97    0.401  31.543   0.000   0.124   0.117   0.759
B Y  3AXGI                 98    0.237  50.587   0.000   0.039   0.332   0.629
E D  3AXGI                 99    0.551  79.434   0.000   0.060   0.227   0.713
E F  3AXGI                100    0.271  54.432   0.000   0.059   0.252   0.689
E N  3AXGI                101    0.344  50.292   0.000   0.043   0.401   0.556
B H  3AXGI                102    0.137  24.841   0.000   0.021   0.589   0.391
B A  3AXGI                103    0.023   2.573   0.000   0.007   0.796   0.197
B I  3AXGI                104    0.022   4.078   0.000   0.002   0.985   0.013
B C  3AXGI                105    0.020   2.762   0.000   0.000   0.996   0.004
B L  3AXGI                106    0.033   6.088   0.000   0.001   0.972   0.028
B A  3AXGI                107    0.045   5.008   0.000   0.002   0.741   0.256
B G  3AXGI                108    0.123   9.679   0.000   0.051   0.307   0.642
B G  3AXGI                109    0.157  12.325   0.000   0.604   0.019   0.377
B A  3AXGI                110    0.211  23.265   0.000   0.827   0.009   0.165
B S  3AXGI                111    0.187  21.947   0.000   0.885   0.008   0.108
B Y  3AXGI                112    0.131  27.945   0.000   0.870   0.013   0.117
B G  3AXGI                113    0.043   3.357   0.000   0.875   0.005   0.120
B L  3AXGI                114    0.242  44.331   0.000   0.969   0.001   0.030
E E  3AXGI                115    0.318  55.510   0.000   0.986   0.001   0.013
B A  3AXGI                116    0.010   1.132   0.000   0.988   0.000   0.012
B G  3AXGI                117    0.031   2.461   0.000   0.994   0.000   0.006
E A  3AXGI                118    0.284  31.337   0.000   0.991   0.000   0.009
B G  3AXGI                119    0.084   6.650   0.000   0.996   0.000   0.004
B V  3AXGI                120    0.009   1.335   0.000   0.998   0.000   0.002
B S  3AXGI                121    0.079   9.281   0.000   0.997   0.000   0.003
E G  3AXGI                122    0.253  19.942   0.000   0.996   0.000   0.004
B A  3AXGI                123    0.093  10.237   0.000   0.996   0.000   0.004
B L  3AXGI                124    0.033   6.080   0.000   0.988   0.000   0.012
B L  3AXGI                125    0.216  39.488   0.000   0.975   0.001   0.025
E E  3AXGI                126    0.669 116.843   0.000   0.925   0.001   0.075
E R  3AXGI                127    0.449 102.895   0.000   0.871   0.001   0.129
B L  3AXGI                128    0.217  39.812   0.000   0.503   0.010   0.487
E E  3AXGI                129    0.746 130.276   0.000   0.186   0.014   0.800
E Y  3AXGI                130    0.342  73.006   0.000   0.165   0.039   0.796
E R  3AXGI                131    0.665 152.245   0.000   0.076   0.039   0.885
E T  3AXGI                132    0.288  39.948   0.000   0.065   0.120   0.815
E G  3AXGI                133    0.371  29.187   0.000   0.046   0.090   0.864
E F  3AXGI                134    0.277  55.533   0.000   0.146   0.134   0.720
E A  3AXGI                135    0.370  40.735   0.000   0.172   0.145   0.683
E E  3AXGI                136    0.495  86.530   0.000   0.136   0.225   0.639
B A  3AXGI                137    0.117  12.844   0.000   0.065   0.252   0.683
B Q  3AXGI                138    0.229  40.869   0.000   0.017   0.548   0.435
B L  3AXGI                139    0.046   8.438   0.000   0.003   0.889   0.108
B V  3AXGI                140    0.039   6.039   0.000   0.004   0.899   0.097
B S  3AXGI                141    0.035   4.072   0.000   0.005   0.840   0.155
B S  3AXGI                142    0.046   5.354   0.000   0.012   0.850   0.138
B A  3AXGI                143    0.034   3.718   0.000   0.015   0.864   0.121
B V  3AXGI                144    0.048   7.322   0.000   0.009   0.920   0.071
B I  3AXGI                145    0.024   4.495   0.000   0.023   0.799   0.178
B Y  3AXGI                146    0.176  37.644   0.000   0.049   0.478   0.474
B D  3AXGI                147    0.108  15.496   0.000   0.076   0.281   0.644
B F  3AXGI                148    0.162  32.422   0.000   0.334   0.089   0.577
E S  3AXGI                149    0.285  33.382   0.000   0.421   0.060   0.519
E A  3AXGI                150    0.260  28.643   0.000   0.288   0.068   0.644
E R  3AXGI                151    0.446 102.096   0.000   0.064   0.031   0.904
E S  3AXGI                152    0.272  31.834   0.000   0.062   0.089   0.849
E T  3AXGI                153    0.427  59.202   0.000   0.094   0.051   0.854
E A  3AXGI                154    0.343  37.764   0.000   0.075   0.060   0.865
B V  3AXGI                155    0.180  27.662   0.000   0.069   0.121   0.810
B Y  3AXGI                156    0.239  51.114   0.000   0.001   0.015   0.985
B P  3AXGI                157    0.034   4.756   0.000   0.002   0.081   0.917
E D  3AXGI                158    0.423  60.938   0.000   0.001   0.011   0.988
E K  3AXGI                159    0.424  87.124   0.000   0.984   0.000   0.016
E A  3AXGI                160    0.463  51.070   0.000   0.996   0.000   0.004
B L  3AXGI                161    0.079  14.542   0.000   0.998   0.000   0.002
B G  3AXGI                162    0.004   0.328   0.000   0.999   0.000   0.001
E R  3AXGI                163    0.286  65.596   0.000   0.999   0.000   0.000
E A  3AXGI                164    0.273  30.064   0.000   1.000   0.000   0.000
B A  3AXGI                165    0.011   1.192   0.000   0.999   0.000   0.000
B L  3AXGI                166    0.053   9.652   0.000   0.997   0.000   0.003
E E  3AXGI                167    0.634 110.779   0.000   0.952   0.000   0.048
E F  3AXGI                168    0.417  83.779   0.000   0.679   0.000   0.321
B A  3AXGI                169    0.070   7.741   0.000   0.115   0.015   0.870
E V  3AXGI                170    0.331  50.893   0.000   0.004   0.118   0.877
E P  3AXGI                171    0.603  85.504   0.000   0.014   0.064   0.921
E G  3AXGI                172    0.570  44.880   0.000   0.018   0.145   0.837
E E  3AXGI                173    0.642 112.093   0.000   0.021   0.265   0.714
B F  3AXGI                174    0.088  17.678   0.000   0.008   0.314   0.678
E P  3AXGI                175    0.318  45.085   0.000   0.011   0.310   0.678
E Q  3AXGI                176    0.295  52.657   0.000   0.008   0.305   0.687
B G  3AXGI                177    0.101   7.917   0.000   0.023   0.445   0.532
B R  3AXGI                178    0.120  27.555   0.000   0.011   0.450   0.539
B A  3AXGI                179    0.058   6.412   0.000   0.022   0.503   0.475
B G  3AXGI                180    0.058   4.553   0.000   0.094   0.499   0.407
B A  3AXGI                181    0.070   7.766   0.000   0.271   0.183   0.545
B G  3AXGI                182    0.092   7.247   0.000   0.232   0.179   0.589
B M  3AXGI                183    0.092  18.478   0.000   0.149   0.158   0.693
B S  3AXGI                184    0.106  12.413   0.000   0.154   0.269   0.577
B A  3AXGI                185    0.031   3.428   0.000   0.068   0.622   0.310
B S  3AXGI                186    0.085   9.968   0.000   0.016   0.914   0.070
B A  3AXGI                187    0.025   2.770   0.000   0.024   0.783   0.193
B G  3AXGI                188    0.102   8.011   0.000   0.071   0.318   0.611
E K  3AXGI                189    0.384  78.950   0.000   0.061   0.255   0.685
B V  3AXGI                190    0.137  21.006   0.000   0.046   0.314   0.640
E D  3AXGI                191    0.392  56.528   0.000   0.027   0.093   0.880
E W  3AXGI                192    0.336  80.896   0.000   0.498   0.025   0.478
E D  3AXGI                193    0.630  90.730   0.000   0.366   0.024   0.610
E R  3AXGI                194    0.333  76.160   0.000   0.296   0.114   0.590
B T  3AXGI                195    0.073  10.081   0.000   0.036   0.370   0.594
B E  3AXGI                196    0.135  23.504   0.000   0.011   0.649   0.341
B I  3AXGI                197    0.080  14.743   0.000   0.004   0.721   0.275
B T  3AXGI                198    0.056   7.800   0.000   0.005   0.638   0.357
B G  3AXGI                199    0.041   3.191   0.000   0.003   0.729   0.269
B Q  3AXGI                200    0.121  21.666   0.000   0.002   0.744   0.254
B G  3AXGI                201    0.030   2.389   0.000   0.002   0.853   0.146
B A  3AXGI                202    0.048   5.333   0.000   0.000   0.905   0.095
B A  3AXGI                203    0.025   2.783   0.000   0.000   0.984   0.015
B F  3AXGI                204    0.101  20.329   0.000   0.000   0.996   0.003
B R  3AXGI                205    0.159  36.308   0.000   0.000   1.000   0.000
E R  3AXGI                206    0.456 104.412   0.000   0.000   0.999   0.001
B L  3AXGI                207    0.138  25.287   0.000   0.000   0.974   0.025
E G  3AXGI                208    0.742  58.390   0.000   0.001   0.014   0.985
E D  3AXGI                209    0.782 112.615   0.000   0.000   0.000   0.999
B V  3AXGI                210    0.094  14.425   0.000   0.000   0.984   0.016
B R  3AXGI                211    0.213  48.889   0.000   0.000   0.999   0.001
B I  3AXGI                212    0.008   1.522   0.000   0.000   1.000   0.000
B L  3AXGI                213    0.021   3.870   0.000   0.000   0.998   0.002
B A  3AXGI                214    0.002   0.274   0.000   0.000   0.999   0.001
B V  3AXGI                215    0.009   1.401   0.000   0.000   0.997   0.003
B V  3AXGI                216    0.005   0.777   0.000   0.000   0.994   0.006
B V  3AXGI                217    0.012   1.891   0.000   0.000   0.944   0.056
B P  3AXGI                218    0.009   1.224   0.000   0.000   0.790   0.210
B N  3AXGI                219    0.033   4.853   0.000   0.001   0.267   0.732
B P  3AXGI                220    0.038   5.402   0.000   0.007   0.058   0.935
B V  3AXGI                221    0.081  12.468   0.000   0.006   0.227   0.766
B G  3AXGI                222    0.045   3.539   0.000   0.015   0.284   0.701
B V  3AXGI                223    0.134  20.531   0.000   0.002   0.601   0.396
B I  3AXGI                224    0.062  11.521   0.000   0.001   0.888   0.111
B M  3AXGI                225    0.159  31.791   0.000   0.000   0.987   0.013
B D  3AXGI                226    0.223  32.186   0.000   0.001   0.067   0.932
E R  3AXGI                227    0.474 108.488   0.000   0.002   0.007   0.991
E A  3AXGI                228    0.637  70.192   0.000   0.003   0.001   0.996
E G  3AXGI                229    0.382  30.053   0.000   0.003   0.002   0.996
E T  3AXGI                230    0.420  58.247   0.000   0.001   0.025   0.974
E V  3AXGI                231    0.260  39.953   0.000   0.000   0.963   0.037
B V  3AXGI                232    0.207  31.751   0.000   0.002   0.718   0.280
B R  3AXGI                233    0.193  44.233   0.000   0.002   0.814   0.184
B G  3AXGI                234    0.103   8.099   0.000   0.001   0.561   0.438
E N  3AXGI                235    0.289  42.339   0.000   0.001   0.609   0.389
E Y  3AXGI                236    0.305  65.157   0.000   0.002   0.877   0.121
E D  3AXGI                237    0.276  39.733   0.000   0.004   0.504   0.492
E A  3AXGI                238    0.609  67.154   0.000   0.033   0.015   0.952
E Q  3AXGI                239    0.812 145.018   0.000   0.043   0.024   0.934
E T  3AXGI                240    0.532  73.842   0.000   0.041   0.008   0.951
E G  3AXGI                241    0.440  34.636   0.000   0.009   0.025   0.966
E V  3AXGI                242    0.469  72.075   0.000   0.007   0.421   0.572
E R  3AXGI                243    0.462 105.725   0.000   0.001   0.919   0.080
E R  3AXGI                244    0.399  91.337   0.000   0.002   0.663   0.335
E H  3AXGI                245    0.445  80.959   0.000   0.003   0.234   0.763
E P  3AXGI                246    0.284  40.232   0.000   0.018   0.196   0.786
E V  3AXGI                247    0.392  60.225   0.000   0.048   0.140   0.812
E F  3AXGI                248    0.315  63.122   0.000   0.087   0.141   0.772
E D  3AXGI                249    0.437  63.005   0.000   0.111   0.088   0.801
B Y  3AXGI                250    0.218  46.598   0.000   0.917   0.002   0.081
E Q  3AXGI                251    0.551  98.416   0.000   0.946   0.002   0.052
E E  3AXGI                252    0.525  91.782   0.000   0.954   0.003   0.043
B A  3AXGI                253    0.110  12.100   0.000   0.953   0.002   0.046
B F  3AXGI                254    0.225  45.150   0.000   0.832   0.008   0.160
E A  3AXGI                255    0.514  56.666   0.000   0.805   0.003   0.192
E E  3AXGI                256    0.654 114.308   0.000   0.617   0.004   0.379
E Q  3AXGI                257    0.520  92.911   0.000   0.374   0.009   0.617
E V  3AXGI                258    0.339  52.108   0.000   0.005   0.008   0.987
E P  3AXGI                259    0.426  60.483   0.000   0.003   0.001   0.996
E P  3AXGI                260    0.640  90.831   0.000   0.022   0.006   0.971
E V  3AXGI                261    0.404  62.163   0.000   0.039   0.014   0.947
E T  3AXGI                262    0.587  81.463   0.000   0.021   0.008   0.971
E E  3AXGI                263    0.694 121.269   0.000   0.077   0.008   0.915
E A  3AXGI                264    0.390  42.923   0.000   0.054   0.019   0.927
B G  3AXGI                265    0.237  18.647   0.000   0.029   0.056   0.915
B N  3AXGI                266    0.141  20.676   0.000   0.015   0.227   0.758
B T  3AXGI                267    0.024   3.393   0.000   0.001   0.790   0.208
B T  3AXGI                268    0.013   1.790   0.000   0.000   0.992   0.008
B I  3AXGI                269    0.006   1.134   0.000   0.000   0.999   0.001
B S  3AXGI                270    0.005   0.597   0.000   0.000   1.000   0.000
B A  3AXGI                271    0.002   0.238   0.000   0.000   1.000   0.000
B I  3AXGI                272    0.007   1.327   0.000   0.000   0.999   0.001
B V  3AXGI                273    0.007   1.061   0.000   0.000   0.998   0.002
B T  3AXGI                274    0.020   2.761   0.000   0.000   0.978   0.022
B N  3AXGI                275    0.222  32.457   0.000   0.000   0.157   0.843
B V  3AXGI                276    0.077  11.812   0.000   0.000   0.222   0.778
E R  3AXGI                277    0.524 120.106   0.000   0.000   0.173   0.827
B M  3AXGI                278    0.061  12.267   0.000   0.000   0.023   0.977
E S  3AXGI                279    0.383  44.834   0.000   0.000   0.001   0.999
E P  3AXGI                280    0.517  73.413   0.000   0.993   0.000   0.007
E V  3AXGI                281    0.547  84.099   0.000   0.997   0.000   0.003
B E  3AXGI                282    0.223  38.908   0.000   0.999   0.000   0.001
B L  3AXGI                283    0.030   5.567   0.000   0.999   0.000   0.001
E N  3AXGI                284    0.418  61.255   0.000   0.999   0.000   0.001
E Q  3AXGI                285    0.390  69.607   0.000   0.999   0.000   0.001
B F  3AXGI                286    0.035   6.957   0.000   0.999   0.000   0.001
B A  3AXGI                287    0.035   3.813   0.000   0.999   0.000   0.001
E K  3AXGI                288    0.481  99.028   0.000   0.997   0.000   0.003
E Q  3AXGI                289    0.253  45.214   0.000   0.986   0.000   0.014
B V  3AXGI                290    0.022   3.355   0.000   0.986   0.000   0.014
B H  3AXGI                291    0.220  39.936   0.000   0.982   0.001   0.017
E S  3AXGI                292    0.320  37.562   0.000   0.986   0.001   0.014
B S  3AXGI                293    0.133  15.565   0.000   0.978   0.001   0.021
B M  3AXGI                294    0.087  17.421   0.000   0.976   0.001   0.023
E H  3AXGI                295    0.351  63.820   0.000   0.866   0.009   0.125
E R  3AXGI                296    0.426  97.506   0.000   0.690   0.017   0.293
B G  3AXGI                297    0.111   8.719   0.000   0.515   0.035   0.450
B I  3AXGI                298    0.131  24.165   0.000   0.174   0.249   0.577
E Q  3AXGI                299    0.399  71.218   0.000   0.023   0.203   0.775
E P  3AXGI                300    0.266  37.718   0.000   0.032   0.165   0.803
E F  3AXGI                301    0.262  52.651   0.000   0.045   0.172   0.783
E H  3AXGI                302    0.319  57.976   0.000   0.038   0.173   0.789
B T  3AXGI                303    0.181  25.125   0.000   0.013   0.078   0.909
E D  3AXGI                304    0.511  73.683   0.000   0.009   0.003   0.988
E M  3AXGI                305    0.306  61.290   0.000   0.010   0.005   0.986
B D  3AXGI                306    0.221  31.908   0.000   0.004   0.011   0.984
B G  3AXGI                307    0.070   5.542   0.000   0.003   0.058   0.939
B D  3AXGI                308    0.091  13.144   0.000   0.002   0.391   0.607
B T  3AXGI                309    0.033   4.544   0.000   0.000   0.993   0.007
B L  3AXGI                310    0.014   2.516   0.000   0.000   0.998   0.002
B F  3AXGI                311    0.028   5.564   0.000   0.000   0.999   0.001
B A  3AXGI                312    0.005   0.539   0.000   0.000   0.999   0.001
B V  3AXGI                313    0.021   3.266   0.000   0.000   0.997   0.003
B T  3AXGI                314    0.017   2.392   0.000   0.000   0.981   0.019
B T  3AXGI                315    0.047   6.575   0.000   0.000   0.551   0.449
B D  3AXGI                316    0.165  23.825   0.000   0.003   0.413   0.584
E E  3AXGI                317    0.471  82.197   0.000   0.005   0.267   0.728
B I  3AXGI                318    0.197  36.460   0.000   0.005   0.337   0.658
E D  3AXGI                319    0.631  90.919   0.000   0.005   0.239   0.756
B L  3AXGI                320    0.192  35.147   0.000   0.008   0.087   0.905
E P  3AXGI                321    0.379  53.786   0.000   0.009   0.043   0.948
E T  3AXGI                322    0.681  94.422   0.000   0.015   0.041   0.944
E T  3AXGI                323    0.459  63.630   0.000   0.002   0.034   0.965
E P  3AXGI                324    0.697  98.891   0.000   0.007   0.011   0.981
E G  3AXGI                325    0.726  57.132   0.000   0.016   0.010   0.975
E S  3AXGI                326    0.425  49.813   0.000   0.044   0.075   0.881
E S  3AXGI                327    0.562  65.854   0.000   0.088   0.099   0.814
E R  3AXGI                328    0.567 129.771   0.000   0.087   0.110   0.803
E G  3AXGI                329    0.419  32.943   0.000   0.125   0.142   0.733
E R  3AXGI                330    0.524 120.060   0.000   0.136   0.219   0.645
E L  3AXGI                331    0.281  51.434   0.000   0.140   0.202   0.658
E S  3AXGI                332    0.452  53.006   0.000   0.122   0.113   0.765
E V  3AXGI                333    0.267  41.084   0.000   0.210   0.076   0.715
E N  3AXGI                334    0.435  63.715   0.000   0.222   0.078   0.700
B A  3AXGI                335    0.100  11.024   0.000   0.345   0.119   0.536
B T  3AXGI                336    0.218  30.188   0.000   0.369   0.024   0.607
B A  3AXGI                337    0.140  15.408   0.000   0.992   0.001   0.008
B L  3AXGI                338    0.054   9.905   0.000   0.998   0.000   0.002
B G  3AXGI                339    0.025   1.932   0.000   0.999   0.000   0.001
B A  3AXGI                340    0.192  21.172   0.000   0.999   0.000   0.000
B I  3AXGI                341    0.062  11.390   0.000   1.000   0.000   0.000
B A  3AXGI                342    0.007   0.758   0.000   1.000   0.000   0.000
B S  3AXGI                343    0.051   5.983   0.000   1.000   0.000   0.000
E E  3AXGI                344    0.337  58.908   0.000   1.000   0.000   0.000
B V  3AXGI                345    0.017   2.624   0.000   0.999   0.000   0.001
B M  3AXGI                346    0.020   3.978   0.000   0.999   0.000   0.001
B W  3AXGI                347    0.099  23.874   0.000   1.000   0.000   0.000
E D  3AXGI                348    0.284  40.989   0.000   0.999   0.000   0.001
B A  3AXGI                349    0.014   1.523   0.000   1.000   0.000   0.000
B V  3AXGI                350    0.022   3.347   0.000   0.999   0.000   0.001
B L  3AXGI                351    0.171  31.325   0.000   0.992   0.000   0.007
E E  3AXGI                352    0.455  79.479   0.000   0.935   0.001   0.064
B A  3AXGI                353    0.102  11.238   0.000   0.611   0.001   0.387
E G  3AXGI                354    0.261  20.516   0.000   0.218   0.006   0.776
E K  3AXGI                355    0.685 140.818   0.000   0.002   0.001   0.997
