# For publication of results, please cite:
# ...
# ... Michael Schantz Klausen, Martin Closter Jespersen, Henrik Nielsen, Kamilla Kjærgaard Jensen, 
# ... Vanessa Isabell Jurtz, Casper Kaae Sønderby, Morten Otto Alexander Sommer, Ole Winther, 
# ... Morten Nielsen, Bent Petersen, and Paolo Marcatili. 
# ... NetSurfP-2.0: Improved prediction of protein structural features by integrated deep learning.
# ... Proteins: Structure, Function, and Bioinformatics (Feb. 2019).
# ... https://doi.org/10.1002/prot.25674
# ...
#
# Column 1: Class assignment - B for buried or E for Exposed - Threshold: 25% exposure, but not based on RSA
# Column 2: Amino acid
# Column 3: Sequence name
# Column 4: Amino acid number
# Column 5: Relative Surface Accessibility - RSA
# Column 6: Absolute Surface Accessibility
# Column 7: Not used
# Column 8: Probability for Alpha-Helix
# Column 9: Probability for Beta-strand
# Column 10: Probability for Coil
E D  1FJRB                  1    0.947 136.456   0.000   0.000   0.000   1.000
E I  1FJRB                  2    0.631 116.822   0.000   0.019   0.015   0.966
E L  1FJRB                  3    0.627 114.762   0.000   0.023   0.014   0.963
E E  1FJRB                  4    0.747 130.416   0.000   0.018   0.049   0.933
B C  1FJRB                  5    0.170  23.883   0.000   0.007   0.044   0.949
E D  1FJRB                  6    0.605  87.166   0.000   0.009   0.028   0.963
E Y  1FJRB                  7    0.349  74.668   0.000   0.643   0.010   0.347
E F  1FJRB                  8    0.470  94.413   0.000   0.731   0.048   0.222
E D  1FJRB                  9    0.345  49.723   0.000   0.808   0.048   0.143
B T  1FJRB                 10    0.160  22.146   0.000   0.097   0.534   0.368
B V  1FJRB                 11    0.091  14.053   0.000   0.005   0.879   0.115
E D  1FJRB                 12    0.371  53.524   0.000   0.000   0.926   0.074
B I  1FJRB                 13    0.025   4.536   0.000   0.017   0.031   0.952
E S  1FJRB                 14    0.255  29.877   0.000   0.102   0.026   0.872
E A  1FJRB                 15    0.701  77.199   0.000   0.041   0.017   0.942
B A  1FJRB                 16    0.180  19.795   0.000   0.004   0.018   0.978
E Q  1FJRB                 17    0.648 115.693   0.000   0.002   0.770   0.228
E K  1FJRB                 18    0.551 113.403   0.000   0.001   0.916   0.084
B L  1FJRB                 19    0.242  44.333   0.000   0.000   0.048   0.952
E Q  1FJRB                 20    0.922 164.598   0.000   0.010   0.003   0.987
E N  1FJRB                 21    0.587  85.973   0.000   0.017   0.003   0.980
B G  1FJRB                 22    0.246  19.343   0.000   0.005   0.004   0.991
B S  1FJRB                 23    0.063   7.329   0.000   0.000   0.031   0.968
B Y  1FJRB                 24    0.086  18.409   0.000   0.000   0.992   0.008
E L  1FJRB                 25    0.260  47.647   0.000   0.000   0.990   0.010
B F  1FJRB                 26    0.131  26.251   0.000   0.001   0.969   0.030
E E  1FJRB                 27    0.625 109.200   0.000   0.004   0.075   0.921
E G  1FJRB                 28    0.598  47.065   0.000   0.003   0.013   0.984
B L  1FJRB                 29    0.170  31.118   0.000   0.000   0.963   0.037
E L  1FJRB                 30    0.259  47.431   0.000   0.000   0.992   0.008
B V  1FJRB                 31    0.012   1.810   0.000   0.000   0.949   0.051
B P  1FJRB                 32    0.163  23.130   0.000   0.000   0.646   0.353
B A  1FJRB                 33    0.234  25.790   0.000   0.904   0.001   0.095
E I  1FJRB                 34    0.511  94.605   0.000   0.912   0.002   0.086
B L  1FJRB                 35    0.098  18.023   0.000   0.935   0.009   0.056
B T  1FJRB                 36    0.147  20.412   0.000   0.024   0.857   0.119
B G  1FJRB                 37    0.193  15.226   0.000   0.005   0.884   0.111
E E  1FJRB                 38    0.468  81.748   0.000   0.008   0.911   0.081
B Y  1FJRB                 39    0.120  25.733   0.000   0.004   0.907   0.090
E D  1FJRB                 40    0.430  61.936   0.000   0.002   0.809   0.189
B F  1FJRB                 41    0.098  19.578   0.000   0.000   0.896   0.103
E R  1FJRB                 42    0.420  96.278   0.000   0.000   0.976   0.024
E I  1FJRB                 43    0.254  47.079   0.000   0.000   0.975   0.025
B L  1FJRB                 44    0.231  42.273   0.000   0.001   0.015   0.984
E P  1FJRB                 45    0.710 100.795   0.000   0.011   0.007   0.981
E D  1FJRB                 46    0.798 115.010   0.000   0.008   0.001   0.990
E D  1FJRB                 47    0.704 101.462   0.000   0.010   0.005   0.985
E S  1FJRB                 48    0.428  50.186   0.000   0.003   0.091   0.905
E K  1FJRB                 49    0.537 110.395   0.000   0.003   0.908   0.089
E Q  1FJRB                 50    0.479  85.549   0.000   0.000   0.982   0.018
E K  1FJRB                 51    0.648 133.202   0.000   0.000   0.987   0.013
B V  1FJRB                 52    0.113  17.339   0.000   0.011   0.515   0.473
E A  1FJRB                 53    0.597  65.752   0.000   0.020   0.259   0.721
E R  1FJRB                 54    0.599 137.266   0.000   0.017   0.240   0.743
B H  1FJRB                 55    0.161  29.277   0.000   0.004   0.762   0.235
B I  1FJRB                 56    0.234  43.309   0.000   0.003   0.810   0.187
B R  1FJRB                 57    0.175  40.007   0.000   0.004   0.799   0.198
B G  1FJRB                 58    0.066   5.181   0.000   0.016   0.734   0.250
B C  1FJRB                 59    0.064   8.916   0.000   0.021   0.613   0.366
B V  1FJRB                 60    0.069  10.601   0.000   0.396   0.149   0.454
B C  1FJRB                 61    0.108  15.200   0.000   0.414   0.095   0.491
E K  1FJRB                 62    0.494 101.595   0.000   0.287   0.057   0.656
E L  1FJRB                 63    0.377  69.012   0.000   0.126   0.118   0.756
E K  1FJRB                 64    0.326  67.102   0.000   0.011   0.189   0.801
E P  1FJRB                 65    0.312  44.329   0.000   0.016   0.209   0.775
B C  1FJRB                 66    0.057   8.012   0.000   0.016   0.713   0.272
B V  1FJRB                 67    0.020   3.067   0.000   0.005   0.933   0.061
B R  1FJRB                 68    0.211  48.315   0.000   0.006   0.922   0.072
B F  1FJRB                 69    0.077  15.380   0.000   0.006   0.918   0.076
B C  1FJRB                 70    0.074  10.373   0.000   0.005   0.833   0.163
B C  1FJRB                 71    0.038   5.345   0.000   0.000   0.536   0.464
B P  1FJRB                 72    0.208  29.485   0.000   0.004   0.258   0.738
E H  1FJRB                 73    0.463  84.192   0.000   0.119   0.023   0.857
E D  1FJRB                 74    0.643  92.602   0.000   0.084   0.011   0.905
E H  1FJRB                 75    0.337  61.281   0.000   0.084   0.629   0.286
B I  1FJRB                 76    0.181  33.567   0.000   0.005   0.933   0.062
B M  1FJRB                 77    0.184  36.745   0.000   0.004   0.899   0.098
E D  1FJRB                 78    0.493  71.037   0.000   0.004   0.834   0.163
E N  1FJRB                 79    0.830 121.580   0.000   0.008   0.008   0.984
E G  1FJRB                 80    0.471  37.081   0.000   0.016   0.011   0.973
E V  1FJRB                 81    0.473  72.643   0.000   0.002   0.923   0.075
B C  1FJRB                 82    0.166  23.371   0.000   0.004   0.894   0.102
E Y  1FJRB                 83    0.341  72.782   0.000   0.023   0.470   0.507
E D  1FJRB                 84    0.733 105.630   0.000   0.039   0.091   0.870
E N  1FJRB                 85    0.800 117.116   0.000   0.059   0.035   0.906
B M  1FJRB                 86    0.174  34.745   0.000   0.007   0.016   0.977
E S  1FJRB                 87    0.466  54.639   0.000   0.018   0.007   0.975
E D  1FJRB                 88    0.773 111.445   0.000   0.920   0.000   0.079
E E  1FJRB                 89    0.775 135.329   0.000   0.943   0.001   0.056
E E  1FJRB                 90    0.392  68.422   0.000   0.944   0.002   0.054
B L  1FJRB                 91    0.150  27.535   0.000   0.931   0.005   0.064
E A  1FJRB                 92    0.508  56.014   0.000   0.808   0.008   0.184
E E  1FJRB                 93    0.652 113.975   0.000   0.596   0.009   0.396
B L  1FJRB                 94    0.159  29.164   0.000   0.189   0.021   0.791
E D  1FJRB                 95    0.385  55.474   0.000   0.010   0.026   0.964
B P  1FJRB                 96    0.229  32.506   0.000   0.029   0.031   0.940
E F  1FJRB                 97    0.367  73.659   0.000   0.023   0.322   0.655
B L  1FJRB                 98    0.069  12.552   0.000   0.020   0.604   0.376
E N  1FJRB                 99    0.438  64.138   0.000   0.004   0.851   0.145
B V  1FJRB                100    0.047   7.262   0.000   0.002   0.927   0.072
E T  1FJRB                101    0.326  45.240   0.000   0.002   0.945   0.053
B L  1FJRB                102    0.162  29.631   0.000   0.007   0.419   0.574
E D  1FJRB                103    0.698 100.601   0.000   0.015   0.020   0.965
E D  1FJRB                104    0.764 110.127   0.000   0.021   0.004   0.975
E G  1FJRB                105    0.657  51.701   0.000   0.017   0.005   0.978
E S  1FJRB                106    0.324  37.924   0.000   0.003   0.043   0.954
E V  1FJRB                107    0.450  69.105   0.000   0.001   0.928   0.071
E S  1FJRB                108    0.346  40.559   0.000   0.000   0.974   0.025
E R  1FJRB                109    0.559 127.965   0.000   0.001   0.970   0.029
E R  1FJRB                110    0.374  85.713   0.000   0.001   0.958   0.042
E H  1FJRB                111    0.474  86.219   0.000   0.001   0.935   0.064
B F  1FJRB                112    0.047   9.482   0.000   0.328   0.063   0.609
E K  1FJRB                113    0.367  75.552   0.000   0.842   0.017   0.141
E N  1FJRB                114    0.788 115.290   0.000   0.830   0.006   0.164
E E  1FJRB                115    0.331  57.882   0.000   0.689   0.020   0.291
B L  1FJRB                116    0.053   9.634   0.000   0.009   0.572   0.419
B I  1FJRB                117    0.121  22.301   0.000   0.001   0.945   0.054
B V  1FJRB                118    0.062   9.464   0.000   0.001   0.966   0.033
B Q  1FJRB                119    0.137  24.555   0.000   0.002   0.942   0.056
B W  1FJRB                120    0.204  48.968   0.000   0.003   0.782   0.215
E D  1FJRB                121    0.490  70.546   0.000   0.005   0.303   0.692
B L  1FJRB                122    0.196  35.953   0.000   0.006   0.193   0.800
E P  1FJRB                123    0.408  57.912   0.000   0.005   0.089   0.906
E M  1FJRB                124    0.467  93.471   0.000   0.004   0.143   0.854
E P  1FJRB                125    0.405  57.514   0.000   0.025   0.126   0.849
B C  1FJRB                126    0.180  25.318   0.000   0.038   0.126   0.837
E D  1FJRB                127    0.789 113.635   0.000   0.029   0.088   0.883
E G  1FJRB                128    0.506  39.839   0.000   0.034   0.181   0.784
E M  1FJRB                129    0.295  59.126   0.000   0.013   0.291   0.695
B F  1FJRB                130    0.225  45.221   0.000   0.009   0.765   0.226
E Y  1FJRB                131    0.451  96.384   0.000   0.004   0.709   0.288
B L  1FJRB                132    0.104  18.999   0.000   0.002   0.331   0.667
E D  1FJRB                133    0.457  65.922   0.000   0.004   0.081   0.915
E N  1FJRB                134    0.435  63.637   0.000   0.011   0.006   0.982
E R  1FJRB                135    0.760 174.071   0.000   0.016   0.001   0.983
E E  1FJRB                136    0.445  77.694   0.000   0.035   0.004   0.961
E E  1FJRB                137    0.754 131.732   0.000   0.853   0.001   0.146
E Q  1FJRB                138    0.554  98.955   0.000   0.864   0.002   0.135
B D  1FJRB                139    0.097  14.023   0.000   0.781   0.009   0.210
E K  1FJRB                140    0.492 101.231   0.000   0.138   0.041   0.821
B Y  1FJRB                141    0.155  33.067   0.000   0.023   0.426   0.550
B T  1FJRB                142    0.175  24.290   0.000   0.001   0.967   0.032
B L  1FJRB                143    0.035   6.499   0.000   0.000   0.985   0.015
B F  1FJRB                144    0.173  34.751   0.000   0.003   0.579   0.419
E E  1FJRB                145    0.557  97.266   0.000   0.099   0.112   0.789
E N  1FJRB                146    0.526  77.008   0.000   0.033   0.018   0.949
B G  1FJRB                147    0.024   1.910   0.000   0.025   0.018   0.957
B T  1FJRB                148    0.058   8.068   0.000   0.001   0.636   0.363
B F  1FJRB                149    0.010   2.088   0.000   0.000   0.998   0.002
B F  1FJRB                150    0.131  26.330   0.000   0.000   0.988   0.012
B R  1FJRB                151    0.158  36.152   0.000   0.001   0.891   0.108
E H  1FJRB                152    0.329  59.887   0.000   0.018   0.167   0.815
E F  1FJRB                153    0.517 103.705   0.000   0.021   0.078   0.901
E D  1FJRB                154    0.632  91.124   0.000   0.025   0.034   0.941
E R  1FJRB                155    0.681 155.917   0.000   0.009   0.050   0.942
E V  1FJRB                156    0.423  65.055   0.000   0.002   0.602   0.395
E T  1FJRB                157    0.359  49.833   0.000   0.000   0.890   0.110
B L  1FJRB                158    0.077  14.147   0.000   0.000   0.895   0.105
E R  1FJRB                159    0.438 100.374   0.000   0.002   0.561   0.438
E K  1FJRB                160    0.325  66.769   0.000   0.863   0.008   0.130
E R  1FJRB                161    0.492 112.626   0.000   0.869   0.014   0.116
E E  1FJRB                162    0.261  45.570   0.000   0.880   0.042   0.078
B Y  1FJRB                163    0.058  12.429   0.000   0.066   0.691   0.243
B C  1FJRB                164    0.019   2.727   0.000   0.001   0.912   0.087
B L  1FJRB                165    0.025   4.569   0.000   0.000   0.968   0.032
B Q  1FJRB                166    0.220  39.307   0.000   0.000   0.982   0.018
E H  1FJRB                167    0.293  53.216   0.000   0.000   0.969   0.030
B L  1FJRB                168    0.208  38.122   0.000   0.001   0.949   0.050
E T  1FJRB                169    0.528  73.258   0.000   0.001   0.923   0.076
E F  1FJRB                170    0.264  52.987   0.000   0.004   0.460   0.536
E A  1FJRB                171    0.661  72.798   0.000   0.016   0.197   0.788
E D  1FJRB                172    0.802 115.525   0.000   0.018   0.037   0.945
E G  1FJRB                173    0.684  53.800   0.000   0.022   0.011   0.967
E N  1FJRB                174    0.621  90.931   0.000   0.006   0.062   0.933
E A  1FJRB                175    0.406  44.763   0.000   0.008   0.782   0.210
E T  1FJRB                176    0.346  47.991   0.000   0.004   0.785   0.211
E S  1FJRB                177    0.255  29.872   0.000   0.002   0.917   0.080
B I  1FJRB                178    0.070  12.984   0.000   0.000   0.977   0.023
E R  1FJRB                179    0.283  64.801   0.000   0.000   0.993   0.007
B I  1FJRB                180    0.036   6.607   0.000   0.000   0.990   0.010
B A  1FJRB                181    0.146  16.049   0.000   0.000   0.939   0.061
B P  1FJRB                182    0.249  35.308   0.000   0.002   0.848   0.150
B H  1FJRB                183    0.168  30.538   0.000   0.006   0.782   0.211
E N  1FJRB                184    0.418  61.170   0.000   0.010   0.637   0.353
B C  1FJRB                185    0.139  19.552   0.000   0.014   0.430   0.556
E L  1FJRB                186    0.473  86.629   0.000   0.005   0.439   0.556
E I  1FJRB                187    0.542 100.268   0.000   0.002   0.219   0.779
E V  1FJRB                188    0.865 133.015   0.000   0.000   0.000   1.000
