# For publication of results, please cite:
# ...
# ... Michael Schantz Klausen, Martin Closter Jespersen, Henrik Nielsen, Kamilla Kjærgaard Jensen, 
# ... Vanessa Isabell Jurtz, Casper Kaae Sønderby, Morten Otto Alexander Sommer, Ole Winther, 
# ... Morten Nielsen, Bent Petersen, and Paolo Marcatili. 
# ... NetSurfP-2.0: Improved prediction of protein structural features by integrated deep learning.
# ... Proteins: Structure, Function, and Bioinformatics (Feb. 2019).
# ... https://doi.org/10.1002/prot.25674
# ...
#
# Column 1: Class assignment - B for buried or E for Exposed - Threshold: 25% exposure, but not based on RSA
# Column 2: Amino acid
# Column 3: Sequence name
# Column 4: Amino acid number
# Column 5: Relative Surface Accessibility - RSA
# Column 6: Absolute Surface Accessibility
# Column 7: Not used
# Column 8: Probability for Alpha-Helix
# Column 9: Probability for Beta-strand
# Column 10: Probability for Coil
E M  2ONKC                  1    0.926 185.363   0.000   0.000   0.000   1.000
E G  2ONKC                  2    0.925  72.830   0.000   0.000   0.000   1.000
E H  2ONKC                  3    0.875 159.177   0.000   0.000   0.000   1.000
E H  2ONKC                  4    0.838 152.506   0.000   0.000   0.000   1.000
E H  2ONKC                  5    0.822 149.439   0.000   0.000   0.000   1.000
E H  2ONKC                  6    0.812 147.679   0.000   0.000   0.000   1.000
E H  2ONKC                  7    0.807 146.837   0.000   0.000   0.000   1.000
E H  2ONKC                  8    0.799 145.386   0.000   0.000   0.000   1.000
E H  2ONKC                  9    0.794 144.350   0.000   0.000   0.000   1.000
E H  2ONKC                 10    0.792 143.985   0.000   0.000   0.000   1.000
E H  2ONKC                 11    0.783 142.510   0.000   0.000   0.000   1.000
E H  2ONKC                 12    0.785 142.812   0.000   0.000   0.000   1.000
E S  2ONKC                 13    0.814  95.438   0.000   0.000   0.000   1.000
E S  2ONKC                 14    0.822  96.290   0.000   0.001   0.000   0.999
E G  2ONKC                 15    0.793  62.412   0.000   0.002   0.000   0.998
E E  2ONKC                 16    0.782 136.572   0.000   0.005   0.000   0.995
E N  2ONKC                 17    0.834 122.162   0.000   0.006   0.000   0.994
E L  2ONKC                 18    0.700 128.156   0.000   0.019   0.001   0.980
E Y  2ONKC                 19    0.770 164.522   0.000   0.018   0.001   0.982
E F  2ONKC                 20    0.727 145.925   0.000   0.022   0.001   0.977
E Q  2ONKC                 21    0.784 140.022   0.000   0.041   0.001   0.959
E G  2ONKC                 22    0.760  59.802   0.000   0.096   0.000   0.903
E H  2ONKC                 23    0.759 138.143   0.000   0.281   0.001   0.717
E M  2ONKC                 24    0.521 104.334   0.000   0.432   0.004   0.564
E R  2ONKC                 25    0.518 118.583   0.000   0.524   0.008   0.468
E L  2ONKC                 26    0.670 122.698   0.000   0.766   0.002   0.232
E L  2ONKC                 27    0.620 113.484   0.000   0.862   0.001   0.137
B F  2ONKC                 28    0.224  45.003   0.000   0.924   0.000   0.075
E S  2ONKC                 29    0.400  46.845   0.000   0.950   0.000   0.050
E A  2ONKC                 30    0.589  64.954   0.000   0.972   0.000   0.028
E L  2ONKC                 31    0.423  77.457   0.000   0.979   0.000   0.021
B L  2ONKC                 32    0.148  27.070   0.000   0.979   0.000   0.021
E A  2ONKC                 33    0.451  49.651   0.000   0.987   0.000   0.013
E L  2ONKC                 34    0.514  94.066   0.000   0.989   0.000   0.011
B L  2ONKC                 35    0.233  42.636   0.000   0.996   0.000   0.004
E S  2ONKC                 36    0.259  30.351   0.000   0.995   0.000   0.005
E S  2ONKC                 37    0.489  57.358   0.000   0.993   0.000   0.007
E I  2ONKC                 38    0.384  71.050   0.000   0.996   0.000   0.004
B I  2ONKC                 39    0.198  36.582   0.000   0.997   0.000   0.003
E L  2ONKC                 40    0.349  63.937   0.000   0.995   0.000   0.005
E L  2ONKC                 41    0.474  86.876   0.000   0.990   0.000   0.010
E F  2ONKC                 42    0.285  57.267   0.000   0.977   0.000   0.023
B V  2ONKC                 43    0.182  27.929   0.000   0.931   0.000   0.069
E L  2ONKC                 44    0.440  80.505   0.000   0.938   0.000   0.062
E L  2ONKC                 45    0.386  70.690   0.000   0.987   0.000   0.013
B P  2ONKC                 46    0.118  16.768   0.000   0.989   0.000   0.011
E V  2ONKC                 47    0.299  45.893   0.000   0.994   0.000   0.006
E A  2ONKC                 48    0.473  52.071   0.000   0.990   0.000   0.010
B A  2ONKC                 49    0.146  16.118   0.000   0.978   0.000   0.022
B T  2ONKC                 50    0.097  13.427   0.000   0.964   0.000   0.035
E V  2ONKC                 51    0.415  63.833   0.000   0.952   0.000   0.048
E T  2ONKC                 52    0.453  62.762   0.000   0.920   0.000   0.080
B L  2ONKC                 53    0.204  37.381   0.000   0.833   0.001   0.166
E Q  2ONKC                 54    0.353  63.041   0.000   0.641   0.002   0.357
E L  2ONKC                 55    0.503  92.117   0.000   0.326   0.003   0.671
E F  2ONKC                 56    0.465  93.311   0.000   0.074   0.003   0.923
E N  2ONKC                 57    0.531  77.766   0.000   0.017   0.006   0.977
E F  2ONKC                 58    0.613 123.115   0.000   0.747   0.002   0.252
E D  2ONKC                 59    0.719 103.665   0.000   0.855   0.000   0.145
E E  2ONKC                 60    0.271  47.327   0.000   0.897   0.001   0.102
E F  2ONKC                 61    0.269  53.928   0.000   0.935   0.000   0.065
E L  2ONKC                 62    0.523  95.842   0.000   0.917   0.001   0.082
E K  2ONKC                 63    0.535 110.095   0.000   0.904   0.001   0.095
B A  2ONKC                 64    0.119  13.132   0.000   0.899   0.000   0.100
E A  2ONKC                 65    0.464  51.137   0.000   0.550   0.000   0.450
E S  2ONKC                 66    0.759  88.998   0.000   0.309   0.000   0.691
E D  2ONKC                 67    0.339  48.816   0.000   0.004   0.000   0.996
E P  2ONKC                 68    0.696  98.752   0.000   0.763   0.000   0.237
E A  2ONKC                 69    0.261  28.771   0.000   0.889   0.000   0.111
B V  2ONKC                 70    0.188  28.819   0.000   0.962   0.000   0.038
E W  2ONKC                 71    0.591 142.209   0.000   0.971   0.000   0.028
E K  2ONKC                 72    0.453  93.236   0.000   0.976   0.000   0.024
B V  2ONKC                 73    0.049   7.600   0.000   0.981   0.000   0.019
E V  2ONKC                 74    0.290  44.633   0.000   0.991   0.000   0.009
E L  2ONKC                 75    0.522  95.665   0.000   0.988   0.000   0.012
B T  2ONKC                 76    0.107  14.804   0.000   0.986   0.000   0.014
B T  2ONKC                 77    0.020   2.843   0.000   0.987   0.000   0.013
E Y  2ONKC                 78    0.391  83.564   0.000   0.997   0.000   0.003
E Y  2ONKC                 79    0.489 104.516   0.000   0.998   0.000   0.002
B A  2ONKC                 80    0.052   5.739   0.000   0.997   0.000   0.003
B A  2ONKC                 81    0.027   2.942   0.000   0.999   0.000   0.001
E L  2ONKC                 82    0.419  76.678   0.000   0.998   0.000   0.002
E I  2ONKC                 83    0.360  66.593   0.000   0.995   0.000   0.005
B S  2ONKC                 84    0.008   0.945   0.000   0.996   0.000   0.004
B T  2ONKC                 85    0.105  14.583   0.000   0.997   0.000   0.003
E L  2ONKC                 86    0.459  83.954   0.000   0.998   0.000   0.002
E I  2ONKC                 87    0.299  55.226   0.000   0.997   0.000   0.003
B A  2ONKC                 88    0.006   0.716   0.000   0.998   0.000   0.002
B V  2ONKC                 89    0.139  21.425   0.000   0.997   0.000   0.003
E I  2ONKC                 90    0.474  87.599   0.000   0.985   0.000   0.015
E F  2ONKC                 91    0.334  67.060   0.000   0.931   0.000   0.069
B G  2ONKC                 92    0.005   0.362   0.000   0.975   0.000   0.025
B T  2ONKC                 93    0.188  26.073   0.000   0.995   0.000   0.005
E P  2ONKC                 94    0.370  52.534   0.000   0.996   0.000   0.004
B L  2ONKC                 95    0.224  41.047   0.000   0.999   0.000   0.001
B A  2ONKC                 96    0.014   1.575   0.000   0.999   0.000   0.001
E Y  2ONKC                 97    0.332  71.004   0.000   0.996   0.000   0.004
E I  2ONKC                 98    0.423  78.237   0.000   0.985   0.000   0.015
B L  2ONKC                 99    0.243  44.486   0.000   0.929   0.000   0.071
B A  2ONKC                100    0.144  15.895   0.000   0.770   0.001   0.229
E R  2ONKC                101    0.562 128.731   0.000   0.397   0.002   0.601
E K  2ONKC                102    0.652 134.189   0.000   0.166   0.003   0.831
E S  2ONKC                103    0.661  77.491   0.000   0.080   0.004   0.916
E F  2ONKC                104    0.368  73.919   0.000   0.016   0.011   0.973
E P  2ONKC                105    0.695  98.660   0.000   0.058   0.005   0.937
E G  2ONKC                106    0.628  49.403   0.000   0.141   0.004   0.855
E K  2ONKC                107    0.403  82.823   0.000   0.439   0.006   0.555
E S  2ONKC                108    0.440  51.532   0.000   0.657   0.003   0.339
E V  2ONKC                109    0.557  85.621   0.000   0.871   0.002   0.126
E V  2ONKC                110    0.287  44.071   0.000   0.934   0.001   0.065
B E  2ONKC                111    0.225  39.237   0.000   0.964   0.001   0.036
B G  2ONKC                112    0.248  19.519   0.000   0.982   0.000   0.018
E I  2ONKC                113    0.477  88.197   0.000   0.941   0.001   0.058
B V  2ONKC                114    0.154  23.688   0.000   0.889   0.001   0.110
B D  2ONKC                115    0.104  14.960   0.000   0.839   0.000   0.161
E L  2ONKC                116    0.425  77.857   0.000   0.934   0.000   0.065
E P  2ONKC                117    0.263  37.372   0.000   0.934   0.000   0.066
B V  2ONKC                118    0.153  23.453   0.000   0.919   0.001   0.080
B V  2ONKC                119    0.196  30.111   0.000   0.812   0.001   0.186
E I  2ONKC                120    0.391  72.272   0.000   0.716   0.001   0.282
B P  2ONKC                121    0.215  30.519   0.000   0.649   0.002   0.349
B H  2ONKC                122    0.130  23.594   0.000   0.970   0.000   0.029
E T  2ONKC                123    0.341  47.298   0.000   0.992   0.000   0.008
E V  2ONKC                124    0.440  67.667   0.000   0.992   0.000   0.008
B A  2ONKC                125    0.129  14.189   0.000   0.987   0.000   0.013
B G  2ONKC                126    0.039   3.052   0.000   0.994   0.000   0.006
E I  2ONKC                127    0.427  79.076   0.000   0.995   0.000   0.005
E A  2ONKC                128    0.419  46.150   0.000   0.994   0.000   0.006
B L  2ONKC                129    0.115  21.109   0.000   0.993   0.000   0.007
B L  2ONKC                130    0.185  33.864   0.000   0.991   0.000   0.009
E V  2ONKC                131    0.583  89.577   0.000   0.971   0.000   0.028
E V  2ONKC                132    0.493  75.734   0.000   0.928   0.000   0.072
B F  2ONKC                133    0.185  37.217   0.000   0.745   0.001   0.253
E G  2ONKC                134    0.270  21.270   0.000   0.496   0.007   0.497
E S  2ONKC                135    0.727  85.169   0.000   0.423   0.007   0.570
E S  2ONKC                136    0.562  65.896   0.000   0.201   0.015   0.784
E G  2ONKC                137    0.363  28.545   0.000   0.053   0.019   0.928
E L  2ONKC                138    0.431  78.985   0.000   0.099   0.034   0.867
E I  2ONKC                139    0.383  70.892   0.000   0.121   0.077   0.802
E G  2ONKC                140    0.394  31.006   0.000   0.151   0.069   0.781
E S  2ONKC                141    0.565  66.186   0.000   0.078   0.085   0.837
E F  2ONKC                142    0.604 121.201   0.000   0.056   0.088   0.856
E S  2ONKC                143    0.503  58.957   0.000   0.029   0.057   0.914
E P  2ONKC                144    0.612  86.873   0.000   0.142   0.031   0.827
E L  2ONKC                145    0.453  82.866   0.000   0.178   0.070   0.752
E K  2ONKC                146    0.577 118.776   0.000   0.182   0.077   0.740
E F  2ONKC                147    0.609 122.261   0.000   0.246   0.044   0.710
E V  2ONKC                148    0.587  90.153   0.000   0.237   0.038   0.725
E D  2ONKC                149    0.582  83.804   0.000   0.247   0.013   0.740
B A  2ONKC                150    0.145  16.001   0.000   0.562   0.004   0.434
E L  2ONKC                151    0.341  62.447   0.000   0.927   0.000   0.072
E P  2ONKC                152    0.435  61.793   0.000   0.939   0.001   0.060
B G  2ONKC                153    0.119   9.397   0.000   0.983   0.000   0.016
B I  2ONKC                154    0.085  15.686   0.000   0.993   0.000   0.007
B V  2ONKC                155    0.235  36.082   0.000   0.998   0.000   0.002
E V  2ONKC                156    0.406  62.357   0.000   0.998   0.000   0.002
B A  2ONKC                157    0.098  10.777   0.000   0.996   0.000   0.004
B M  2ONKC                158    0.079  15.762   0.000   0.991   0.000   0.009
E L  2ONKC                159    0.346  63.278   0.000   0.983   0.000   0.017
E F  2ONKC                160    0.494  99.225   0.000   0.964   0.000   0.036
B V  2ONKC                161    0.130  19.954   0.000   0.883   0.000   0.117
B S  2ONKC                162    0.082   9.580   0.000   0.693   0.001   0.306
E V  2ONKC                163    0.317  48.698   0.000   0.965   0.000   0.035
B P  2ONKC                164    0.219  31.106   0.000   0.989   0.000   0.011
B I  2ONKC                165    0.154  28.471   0.000   0.993   0.000   0.007
B Y  2ONKC                166    0.199  42.557   0.000   0.994   0.000   0.005
E I  2ONKC                167    0.272  50.255   0.000   0.995   0.000   0.005
E N  2ONKC                168    0.305  44.628   0.000   0.994   0.000   0.006
B Q  2ONKC                169    0.137  24.511   0.000   0.983   0.001   0.016
B A  2ONKC                170    0.193  21.253   0.000   0.969   0.001   0.030
E K  2ONKC                171    0.437  89.869   0.000   0.984   0.000   0.016
E E  2ONKC                172    0.405  70.673   0.000   0.968   0.000   0.031
B G  2ONKC                173    0.108   8.488   0.000   0.950   0.000   0.049
B F  2ONKC                174    0.242  48.498   0.000   0.935   0.000   0.064
E A  2ONKC                175    0.554  61.066   0.000   0.689   0.001   0.310
E S  2ONKC                176    0.555  65.077   0.000   0.397   0.000   0.602
B V  2ONKC                177    0.120  18.454   0.000   0.007   0.006   0.987
E D  2ONKC                178    0.501  72.167   0.000   0.010   0.005   0.985
E V  2ONKC                179    0.548  84.295   0.000   0.947   0.000   0.053
E R  2ONKC                180    0.501 114.712   0.000   0.971   0.000   0.028
B L  2ONKC                181    0.102  18.606   0.000   0.991   0.000   0.009
B E  2ONKC                182    0.233  40.708   0.000   0.997   0.000   0.002
E H  2ONKC                183    0.445  80.953   0.000   0.999   0.000   0.001
B V  2ONKC                184    0.117  18.053   0.000   0.998   0.000   0.002
B A  2ONKC                185    0.012   1.367   0.000   0.997   0.000   0.003
E R  2ONKC                186    0.522 119.608   0.000   0.990   0.000   0.010
E T  2ONKC                187    0.603  83.659   0.000   0.936   0.000   0.064
E L  2ONKC                188    0.319  58.424   0.000   0.269   0.000   0.731
E G  2ONKC                189    0.631  49.647   0.000   0.004   0.000   0.996
B S  2ONKC                190    0.095  11.175   0.000   0.001   0.004   0.995
E S  2ONKC                191    0.386  45.213   0.000   0.001   0.001   0.999
E P  2ONKC                192    0.485  68.778   0.000   0.964   0.000   0.036
E L  2ONKC                193    0.712 130.347   0.000   0.973   0.000   0.027
E R  2ONKC                194    0.385  88.084   0.000   0.990   0.000   0.010
B V  2ONKC                195    0.059   9.031   0.000   0.997   0.000   0.003
E F  2ONKC                196    0.321  64.388   0.000   0.995   0.000   0.005
E F  2ONKC                197    0.603 120.995   0.000   0.997   0.000   0.003
E T  2ONKC                198    0.402  55.762   0.000   0.995   0.000   0.005
B V  2ONKC                199    0.159  24.451   0.000   0.981   0.000   0.019
B S  2ONKC                200    0.180  21.107   0.000   0.938   0.000   0.062
E L  2ONKC                201    0.398  72.850   0.000   0.971   0.000   0.029
E P  2ONKC                202    0.319  45.290   0.000   0.978   0.000   0.022
B L  2ONKC                203    0.155  28.388   0.000   0.975   0.000   0.025
B S  2ONKC                204    0.143  16.797   0.000   0.924   0.000   0.076
E V  2ONKC                205    0.421  64.740   0.000   0.969   0.000   0.031
E R  2ONKC                206    0.416  95.349   0.000   0.972   0.000   0.027
B H  2ONKC                207    0.113  20.516   0.000   0.987   0.000   0.013
E I  2ONKC                208    0.252  46.649   0.000   0.996   0.000   0.004
E V  2ONKC                209    0.438  67.352   0.000   0.997   0.000   0.003
B A  2ONKC                210    0.108  11.860   0.000   0.997   0.000   0.003
B G  2ONKC                211    0.030   2.334   0.000   0.999   0.000   0.001
E A  2ONKC                212    0.301  33.140   0.000   0.999   0.000   0.001
E I  2ONKC                213    0.399  73.861   0.000   0.998   0.000   0.002
B M  2ONKC                214    0.089  17.816   0.000   0.995   0.000   0.005
B S  2ONKC                215    0.046   5.383   0.000   0.995   0.000   0.005
E W  2ONKC                216    0.415  99.841   0.000   0.990   0.000   0.010
E A  2ONKC                217    0.318  34.991   0.000   0.989   0.000   0.011
B R  2ONKC                218    0.198  45.238   0.000   0.962   0.001   0.037
B G  2ONKC                219    0.061   4.814   0.000   0.950   0.000   0.050
E I  2ONKC                220    0.343  63.373   0.000   0.924   0.001   0.075
E S  2ONKC                221    0.393  46.019   0.000   0.780   0.001   0.219
B E  2ONKC                222    0.212  37.028   0.000   0.758   0.001   0.241
B F  2ONKC                223    0.214  42.853   0.000   0.769   0.004   0.227
B G  2ONKC                224    0.165  12.991   0.000   0.942   0.000   0.058
B A  2ONKC                225    0.225  24.824   0.000   0.974   0.000   0.026
B V  2ONKC                226    0.063   9.625   0.000   0.990   0.000   0.009
B V  2ONKC                227    0.160  24.664   0.000   0.991   0.001   0.008
E V  2ONKC                228    0.354  54.458   0.000   0.976   0.001   0.023
B I  2ONKC                229    0.249  46.061   0.000   0.890   0.001   0.109
B A  2ONKC                230    0.127  13.990   0.000   0.631   0.005   0.363
E Y  2ONKC                231    0.502 107.355   0.000   0.246   0.007   0.748
E Y  2ONKC                232    0.461  98.427   0.000   0.043   0.004   0.953
E P  2ONKC                233    0.485  68.876   0.000   0.106   0.004   0.890
E M  2ONKC                234    0.358  71.676   0.000   0.193   0.010   0.797
B I  2ONKC                235    0.191  35.414   0.000   0.595   0.004   0.400
B A  2ONKC                236    0.139  15.306   0.000   0.986   0.000   0.014
B P  2ONKC                237    0.087  12.341   0.000   0.990   0.000   0.009
B T  2ONKC                238    0.169  23.371   0.000   0.997   0.000   0.003
B L  2ONKC                239    0.210  38.454   0.000   0.994   0.000   0.005
B I  2ONKC                240    0.155  28.702   0.000   0.993   0.000   0.007
B Y  2ONKC                241    0.235  50.162   0.000   0.994   0.000   0.006
E E  2ONKC                242    0.417  72.927   0.000   0.986   0.000   0.014
E R  2ONKC                243    0.380  87.093   0.000   0.962   0.000   0.037
E Y  2ONKC                244    0.277  59.213   0.000   0.932   0.000   0.067
E L  2ONKC                245    0.347  63.526   0.000   0.844   0.001   0.155
E S  2ONKC                246    0.700  81.986   0.000   0.754   0.001   0.245
E E  2ONKC                247    0.681 118.955   0.000   0.545   0.001   0.454
E G  2ONKC                248    0.421  33.096   0.000   0.153   0.002   0.845
E L  2ONKC                249    0.311  56.899   0.000   0.500   0.007   0.493
E S  2ONKC                250    0.568  66.613   0.000   0.711   0.003   0.286
E A  2ONKC                251    0.354  39.040   0.000   0.658   0.002   0.341
B A  2ONKC                252    0.057   6.243   0.000   0.870   0.000   0.129
B M  2ONKC                253    0.211  42.168   0.000   0.990   0.000   0.010
E P  2ONKC                254    0.298  42.228   0.000   0.993   0.000   0.007
B V  2ONKC                255    0.168  25.889   0.000   0.998   0.000   0.002
B A  2ONKC                256    0.034   3.768   0.000   0.999   0.000   0.001
E A  2ONKC                257    0.315  34.710   0.000   0.999   0.000   0.001
E I  2ONKC                258    0.426  78.855   0.000   0.999   0.000   0.001
B L  2ONKC                259    0.104  18.990   0.000   0.998   0.000   0.002
B I  2ONKC                260    0.143  26.518   0.000   0.999   0.000   0.001
E L  2ONKC                261    0.469  85.883   0.000   0.999   0.000   0.001
E L  2ONKC                262    0.397  72.620   0.000   0.999   0.000   0.001
B S  2ONKC                263    0.038   4.434   0.000   0.997   0.000   0.003
E L  2ONKC                264    0.290  53.112   0.000   0.997   0.000   0.003
E A  2ONKC                265    0.494  54.415   0.000   0.997   0.000   0.003
E V  2ONKC                266    0.298  45.849   0.000   0.996   0.000   0.004
B F  2ONKC                267    0.098  19.724   0.000   0.990   0.000   0.010
E V  2ONKC                268    0.374  57.480   0.000   0.989   0.000   0.011
E A  2ONKC                269    0.548  60.422   0.000   0.982   0.000   0.018
B L  2ONKC                270    0.223  40.778   0.000   0.977   0.000   0.023
E R  2ONKC                271    0.321  73.605   0.000   0.963   0.000   0.036
E I  2ONKC                272    0.598 110.542   0.000   0.934   0.001   0.066
E I  2ONKC                273    0.622 115.056   0.000   0.852   0.000   0.147
E V  2ONKC                274    0.360  55.400   0.000   0.516   0.001   0.483
E G  2ONKC                275    0.572  45.047   0.000   0.152   0.002   0.846
E R  2ONKC                276    0.595 136.328   0.000   0.111   0.007   0.883
E E  2ONKC                277    0.682 119.081   0.000   0.117   0.006   0.877
E D  2ONKC                278    0.644  92.757   0.000   0.097   0.007   0.896
E V  2ONKC                279    0.455  70.004   0.000   0.081   0.004   0.916
E S  2ONKC                280    0.671  78.670   0.000   0.074   0.004   0.922
E E  2ONKC                281    0.742 129.647   0.000   0.037   0.002   0.961
E G  2ONKC                282    0.697  54.832   0.000   0.011   0.001   0.989
E Q  2ONKC                283    0.730 130.428   0.000   0.006   0.002   0.992
E G  2ONKC                284    0.902  71.015   0.000   0.000   0.000   1.000
