# For publication of results, please cite:
# ...
# ... Michael Schantz Klausen, Martin Closter Jespersen, Henrik Nielsen, Kamilla Kjærgaard Jensen, 
# ... Vanessa Isabell Jurtz, Casper Kaae Sønderby, Morten Otto Alexander Sommer, Ole Winther, 
# ... Morten Nielsen, Bent Petersen, and Paolo Marcatili. 
# ... NetSurfP-2.0: Improved prediction of protein structural features by integrated deep learning.
# ... Proteins: Structure, Function, and Bioinformatics (Feb. 2019).
# ... https://doi.org/10.1002/prot.25674
# ...
#
# Column 1: Class assignment - B for buried or E for Exposed - Threshold: 25% exposure, but not based on RSA
# Column 2: Amino acid
# Column 3: Sequence name
# Column 4: Amino acid number
# Column 5: Relative Surface Accessibility - RSA
# Column 6: Absolute Surface Accessibility
# Column 7: Not used
# Column 8: Probability for Alpha-Helix
# Column 9: Probability for Beta-strand
# Column 10: Probability for Coil
E M  3OQIA                  1    0.870 173.988   0.000   0.000   0.000   1.000
E T  3OQIA                  2    0.894 124.001   0.000   0.001   0.000   0.999
E E  3OQIA                  3    0.810 141.542   0.000   0.006   0.001   0.993
E L  3OQIA                  4    0.664 121.506   0.000   0.009   0.002   0.989
E I  3OQIA                  5    0.551 101.938   0.000   0.018   0.008   0.974
E M  3OQIA                  6    0.577 115.549   0.000   0.022   0.006   0.972
E E  3OQIA                  7    0.693 121.144   0.000   0.025   0.009   0.966
E S  3OQIA                  8    0.597  69.943   0.000   0.030   0.008   0.962
E K  3OQIA                  9    0.651 133.819   0.000   0.054   0.010   0.936
E H  3OQIA                 10    0.665 120.999   0.000   0.065   0.010   0.925
E Q  3OQIA                 11    0.776 138.512   0.000   0.058   0.012   0.929
E L  3OQIA                 12    0.486  88.901   0.000   0.063   0.023   0.914
B F  3OQIA                 13    0.219  43.973   0.000   0.013   0.176   0.812
E K  3OQIA                 14    0.600 123.445   0.000   0.005   0.656   0.340
E T  3OQIA                 15    0.278  38.538   0.000   0.003   0.742   0.255
E E  3OQIA                 16    0.587 102.504   0.000   0.002   0.809   0.189
E T  3OQIA                 17    0.321  44.505   0.000   0.001   0.709   0.290
E L  3OQIA                 18    0.254  46.589   0.000   0.003   0.125   0.872
B T  3OQIA                 19    0.206  28.513   0.000   0.013   0.030   0.957
E Q  3OQIA                 20    0.760 135.700   0.000   0.849   0.000   0.150
E N  3OQIA                 21    0.379  55.522   0.000   0.595   0.001   0.404
B C  3OQIA                 22    0.021   2.940   0.000   0.958   0.001   0.041
E N  3OQIA                 23    0.444  65.013   0.000   0.984   0.000   0.016
E E  3OQIA                 24    0.486  84.939   0.000   0.987   0.000   0.012
B I  3OQIA                 25    0.025   4.636   0.000   0.993   0.000   0.006
B L  3OQIA                 26    0.113  20.767   0.000   0.977   0.000   0.023
E K  3OQIA                 27    0.687 141.297   0.000   0.889   0.000   0.110
E R  3OQIA                 28    0.550 125.888   0.000   0.628   0.000   0.372
E R  3OQIA                 29    0.351  80.401   0.000   0.031   0.003   0.966
E R  3OQIA                 30    0.463 106.121   0.000   0.003   0.008   0.989
B H  3OQIA                 31    0.167  30.333   0.000   0.002   0.624   0.374
B V  3OQIA                 32    0.006   0.964   0.000   0.000   0.978   0.022
B L  3OQIA                 33    0.010   1.827   0.000   0.000   0.998   0.002
B V  3OQIA                 34    0.003   0.503   0.000   0.000   0.998   0.002
B G  3OQIA                 35    0.012   0.958   0.000   0.000   0.955   0.045
B I  3OQIA                 36    0.014   2.642   0.000   0.000   0.799   0.201
B S  3OQIA                 37    0.064   7.529   0.000   0.001   0.085   0.915
B P  3OQIA                 38    0.069   9.728   0.000   0.025   0.022   0.954
E F  3OQIA                 39    0.354  71.145   0.000   0.018   0.012   0.970
B N  3OQIA                 40    0.220  32.188   0.000   0.071   0.034   0.895
E S  3OQIA                 41    0.631  73.969   0.000   0.135   0.001   0.863
E R  3OQIA                 42    0.531 121.707   0.000   0.164   0.001   0.834
B F  3OQIA                 43    0.106  21.310   0.000   0.048   0.009   0.943
E S  3OQIA                 44    0.395  46.269   0.000   0.011   0.003   0.986
E E  3OQIA                 45    0.442  77.208   0.000   0.965   0.000   0.035
E D  3OQIA                 46    0.713 102.766   0.000   0.983   0.000   0.017
B Y  3OQIA                 47    0.238  50.793   0.000   0.992   0.000   0.008
B I  3OQIA                 48    0.006   1.180   0.000   0.996   0.000   0.004
E H  3OQIA                 49    0.296  53.783   0.000   0.999   0.000   0.001
E R  3OQIA                 50    0.400  91.555   0.000   0.999   0.000   0.001
B L  3OQIA                 51    0.009   1.726   0.000   0.999   0.000   0.000
B I  3OQIA                 52    0.010   1.903   0.000   0.999   0.000   0.001
E A  3OQIA                 53    0.271  29.891   0.000   0.999   0.000   0.001
B W  3OQIA                 54    0.095  22.936   0.000   0.998   0.000   0.002
B A  3OQIA                 55    0.002   0.247   0.000   0.996   0.000   0.004
B V  3OQIA                 56    0.129  19.855   0.000   0.945   0.000   0.055
E R  3OQIA                 57    0.630 144.210   0.000   0.722   0.000   0.278
E E  3OQIA                 58    0.368  64.269   0.000   0.705   0.000   0.295
B F  3OQIA                 59    0.045   9.022   0.000   0.012   0.116   0.873
E Q  3OQIA                 60    0.672 120.018   0.000   0.001   0.061   0.938
E S  3OQIA                 61    0.295  34.624   0.000   0.002   0.807   0.192
B V  3OQIA                 62    0.016   2.409   0.000   0.000   0.965   0.035
B S  3OQIA                 63    0.060   7.089   0.000   0.000   0.990   0.010
B V  3OQIA                 64    0.010   1.477   0.000   0.000   0.999   0.001
B L  3OQIA                 65    0.013   2.441   0.000   0.000   0.995   0.005
B L  3OQIA                 66    0.019   3.520   0.000   0.000   0.783   0.217
B A  3OQIA                 67    0.033   3.605   0.000   0.000   0.201   0.798
B G  3OQIA                 68    0.135  10.649   0.000   0.041   0.094   0.866
E K  3OQIA                 69    0.401  82.418   0.000   0.965   0.001   0.034
E E  3OQIA                 70    0.262  45.828   0.000   0.984   0.001   0.015
B A  3OQIA                 71    0.035   3.826   0.000   0.992   0.000   0.008
B A  3OQIA                 72    0.083   9.164   0.000   0.993   0.000   0.007
E N  3OQIA                 73    0.305  44.631   0.000   0.991   0.000   0.009
B L  3OQIA                 74    0.151  27.671   0.000   0.994   0.000   0.006
B L  3OQIA                 75    0.036   6.548   0.000   0.995   0.000   0.005
E E  3OQIA                 76    0.473  82.713   0.000   0.986   0.000   0.014
E A  3OQIA                 77    0.614  67.626   0.000   0.923   0.001   0.077
E L  3OQIA                 78    0.429  78.588   0.000   0.314   0.000   0.686
E G  3OQIA                 79    0.774  60.931   0.000   0.004   0.000   0.996
E T  3OQIA                 80    0.279  38.673   0.000   0.001   0.001   0.999
E P  3OQIA                 81    0.559  79.322   0.000   0.003   0.001   0.996
E H  3OQIA                 82    0.565 102.838   0.000   0.777   0.001   0.223
E G  3OQIA                 83    0.519  40.876   0.000   0.790   0.001   0.209
E K  3OQIA                 84    0.529 108.773   0.000   0.927   0.001   0.072
B A  3OQIA                 85    0.049   5.390   0.000   0.980   0.000   0.020
E E  3OQIA                 86    0.390  68.108   0.000   0.992   0.000   0.007
E R  3OQIA                 87    0.601 137.606   0.000   0.997   0.000   0.003
E K  3OQIA                 88    0.408  84.021   0.000   0.997   0.000   0.003
B V  3OQIA                 89    0.035   5.361   0.000   0.997   0.000   0.003
E R  3OQIA                 90    0.452 103.523   0.000   0.998   0.000   0.002
E K  3OQIA                 91    0.593 122.045   0.000   0.998   0.000   0.002
E E  3OQIA                 92    0.287  50.226   0.000   0.996   0.000   0.003
B V  3OQIA                 93    0.041   6.279   0.000   0.996   0.000   0.004
E S  3OQIA                 94    0.445  52.106   0.000   0.997   0.000   0.003
E R  3OQIA                 95    0.527 120.678   0.000   0.997   0.000   0.003
B N  3OQIA                 96    0.099  14.515   0.000   0.995   0.000   0.005
E R  3OQIA                 97    0.288  65.876   0.000   0.999   0.000   0.001
E R  3OQIA                 98    0.571 130.691   0.000   0.999   0.000   0.001
E F  3OQIA                 99    0.303  60.716   0.000   0.999   0.000   0.001
B A  3OQIA                100    0.008   0.923   0.000   0.999   0.000   0.001
E E  3OQIA                101    0.413  72.140   0.000   0.999   0.000   0.001
E K  3OQIA                102    0.552 113.564   0.000   0.999   0.000   0.001
B A  3OQIA                103    0.053   5.788   0.000   0.999   0.000   0.001
B L  3OQIA                104    0.045   8.326   0.000   0.996   0.000   0.004
E E  3OQIA                105    0.722 126.057   0.000   0.986   0.000   0.014
E A  3OQIA                106    0.579  63.818   0.000   0.890   0.000   0.110
E H  3OQIA                107    0.260  47.368   0.000   0.257   0.000   0.742
E G  3OQIA                108    0.674  53.072   0.000   0.013   0.001   0.986
B G  3OQIA                109    0.247  19.447   0.000   0.003   0.003   0.995
E N  3OQIA                110    0.556  81.471   0.000   0.002   0.006   0.992
E P  3OQIA                111    0.384  54.425   0.000   0.880   0.001   0.119
E E  3OQIA                112    0.800 139.784   0.000   0.853   0.005   0.142
E D  3OQIA                113    0.386  55.687   0.000   0.890   0.018   0.092
B I  3OQIA                114    0.147  27.125   0.000   0.001   0.865   0.134
B H  3OQIA                115    0.238  43.338   0.000   0.000   0.933   0.067
E T  3OQIA                116    0.252  34.940   0.000   0.001   0.829   0.170
B F  3OQIA                117    0.043   8.643   0.000   0.904   0.001   0.095
E S  3OQIA                118    0.387  45.391   0.000   0.959   0.000   0.041
E D  3OQIA                119    0.577  83.171   0.000   0.969   0.000   0.031
B F  3OQIA                120    0.041   8.140   0.000   0.921   0.000   0.079
B A  3OQIA                121    0.204  22.483   0.000   0.653   0.000   0.346
E N  3OQIA                122    0.864 126.489   0.000   0.251   0.000   0.749
E Q  3OQIA                123    0.316  56.388   0.000   0.002   0.000   0.997
E T  3OQIA                124    0.751 104.155   0.000   0.966   0.000   0.034
E A  3OQIA                125    0.296  32.628   0.000   0.972   0.000   0.028
B Y  3OQIA                126    0.054  11.638   0.000   0.985   0.000   0.014
E R  3OQIA                127    0.538 123.148   0.000   0.995   0.000   0.005
E N  3OQIA                128    0.613  89.754   0.000   0.993   0.000   0.007
B L  3OQIA                129    0.077  14.092   0.000   0.996   0.000   0.004
B R  3OQIA                130    0.244  55.861   0.000   0.998   0.000   0.002
E M  3OQIA                131    0.533 106.672   0.000   0.998   0.000   0.002
E E  3OQIA                132    0.474  82.817   0.000   0.998   0.000   0.002
B V  3OQIA                133    0.010   1.501   0.000   0.998   0.000   0.002
E E  3OQIA                134    0.355  62.034   0.000   0.998   0.000   0.002
E A  3OQIA                135    0.516  56.868   0.000   0.992   0.000   0.008
B A  3OQIA                136    0.215  23.644   0.000   0.989   0.000   0.011
B F  3OQIA                137    0.056  11.329   0.000   0.960   0.000   0.040
E F  3OQIA                138    0.452  90.727   0.000   0.755   0.000   0.245
E D  3OQIA                139    0.826 119.018   0.000   0.491   0.000   0.509
E Q  3OQIA                140    0.293  52.284   0.000   0.002   0.000   0.998
E T  3OQIA                141    0.666  92.339   0.000   0.974   0.000   0.026
E H  3OQIA                142    0.554 100.748   0.000   0.984   0.000   0.016
B F  3OQIA                143    0.035   6.976   0.000   0.994   0.000   0.006
E R  3OQIA                144    0.331  75.694   0.000   0.999   0.000   0.001
E N  3OQIA                145    0.556  81.453   0.000   0.998   0.000   0.002
B A  3OQIA                146    0.093  10.304   0.000   0.999   0.000   0.001
B C  3OQIA                147    0.017   2.407   0.000   0.999   0.000   0.001
E L  3OQIA                148    0.252  46.184   0.000   0.998   0.000   0.002
E E  3OQIA                149    0.584 102.039   0.000   0.997   0.000   0.003
B M  3OQIA                150    0.145  29.090   0.000   0.997   0.000   0.003
B S  3OQIA                151    0.030   3.492   0.000   0.995   0.000   0.005
E H  3OQIA                152    0.423  76.970   0.000   0.993   0.000   0.007
E A  3OQIA                153    0.347  38.243   0.000   0.992   0.000   0.008
B A  3OQIA                154    0.083   9.198   0.000   0.988   0.000   0.012
B I  3OQIA                155    0.079  14.560   0.000   0.952   0.001   0.047
E L  3OQIA                156    0.415  75.958   0.000   0.843   0.001   0.156
E G  3OQIA                157    0.357  28.135   0.000   0.597   0.002   0.401
E R  3OQIA                158    0.371  84.919   0.000   0.571   0.009   0.420
E A  3OQIA                159    0.253  27.932   0.000   0.365   0.018   0.617
E R  3OQIA                160    0.715 163.698   0.000   0.252   0.007   0.741
E G  3OQIA                161    0.812  63.871   0.000   0.069   0.001   0.930
E T  3OQIA                162    0.531  73.656   0.000   0.044   0.006   0.949
E R  3OQIA                163    0.813 186.065   0.000   0.014   0.005   0.981
E M  3OQIA                164    0.434  86.872   0.000   0.022   0.012   0.966
E D  3OQIA                165    0.722 103.996   0.000   0.026   0.014   0.960
E V  3OQIA                166    0.409  62.863   0.000   0.235   0.022   0.743
E V  3OQIA                167    0.523  80.449   0.000   0.246   0.012   0.742
E E  3OQIA                168    0.780 136.203   0.000   0.238   0.013   0.749
B V  3OQIA                169    0.177  27.258   0.000   0.030   0.007   0.963
E S  3OQIA                170    0.464  54.398   0.000   0.028   0.001   0.970
E A  3OQIA                171    0.609  67.123   0.000   0.904   0.000   0.096
E D  3OQIA                172    0.693  99.789   0.000   0.941   0.000   0.059
B M  3OQIA                173    0.196  39.143   0.000   0.971   0.000   0.029
B L  3OQIA                174    0.111  20.302   0.000   0.990   0.000   0.009
E E  3OQIA                175    0.500  87.342   0.000   0.997   0.000   0.003
B L  3OQIA                176    0.217  39.764   0.000   0.995   0.000   0.005
B A  3OQIA                177    0.011   1.237   0.000   0.997   0.000   0.003
B V  3OQIA                178    0.040   6.179   0.000   0.998   0.000   0.002
E E  3OQIA                179    0.430  75.036   0.000   0.999   0.000   0.001
B Y  3OQIA                180    0.119  25.508   0.000   0.998   0.000   0.002
B V  3OQIA                181    0.007   1.132   0.000   0.999   0.000   0.001
B I  3OQIA                182    0.049   9.062   0.000   0.997   0.000   0.003
B A  3OQIA                183    0.185  20.385   0.000   0.900   0.000   0.100
B E  3OQIA                184    0.047   8.177   0.000   0.850   0.000   0.150
B L  3OQIA                185    0.016   2.885   0.000   0.911   0.000   0.089
B P  3OQIA                186    0.058   8.161   0.000   0.965   0.000   0.035
B F  3OQIA                187    0.128  25.682   0.000   0.943   0.004   0.053
B F  3OQIA                188    0.063  12.689   0.000   0.946   0.003   0.051
B I  3OQIA                189    0.059  10.977   0.000   0.681   0.007   0.312
B A  3OQIA                190    0.094  10.364   0.000   0.575   0.005   0.420
B A  3OQIA                191    0.038   4.160   0.000   0.930   0.000   0.070
B P  3OQIA                192    0.065   9.248   0.000   0.985   0.000   0.015
E D  3OQIA                193    0.466  67.203   0.000   0.986   0.000   0.014
B I  3OQIA                194    0.171  31.610   0.000   0.972   0.001   0.027
B L  3OQIA                195    0.183  33.466   0.000   0.851   0.001   0.148
E G  3OQIA                196    0.698  54.913   0.000   0.008   0.000   0.992
B V  3OQIA                197    0.160  24.660   0.000   0.002   0.010   0.988
E E  3OQIA                198    0.617 107.856   0.000   0.004   0.020   0.976
B E  3OQIA                199    0.198  34.614   0.000   0.003   0.378   0.619
B T  3OQIA                200    0.093  12.915   0.000   0.003   0.618   0.378
B L  3OQIA                201    0.044   8.080   0.000   0.003   0.929   0.068
B L  3OQIA                202    0.067  12.269   0.000   0.002   0.978   0.021
B A  3OQIA                203    0.031   3.381   0.000   0.001   0.972   0.027
B Y  3OQIA                204    0.120  25.586   0.000   0.001   0.864   0.135
B H  3OQIA                205    0.230  41.920   0.000   0.001   0.322   0.677
E R  3OQIA                206    0.386  88.394   0.000   0.007   0.125   0.868
E P  3OQIA                207    0.450  63.801   0.000   0.017   0.069   0.914
B W  3OQIA                208    0.176  42.403   0.000   0.066   0.146   0.788
E K  3OQIA                209    0.513 105.526   0.000   0.265   0.104   0.631
B L  3OQIA                210    0.138  25.223   0.000   0.920   0.001   0.079
B G  3OQIA                211    0.083   6.511   0.000   0.961   0.000   0.039
E E  3OQIA                212    0.406  70.842   0.000   0.982   0.001   0.017
B Q  3OQIA                213    0.235  41.972   0.000   0.980   0.002   0.018
B I  3OQIA                214    0.110  20.373   0.000   0.967   0.002   0.031
E S  3OQIA                215    0.309  36.269   0.000   0.860   0.004   0.136
E R  3OQIA                216    0.597 136.691   0.000   0.231   0.002   0.766
E N  3OQIA                217    0.618  90.460   0.000   0.023   0.000   0.976
E E  3OQIA                218    0.638 111.398   0.000   0.026   0.004   0.970
E F  3OQIA                219    0.304  60.971   0.000   0.030   0.020   0.950
E A  3OQIA                220    0.339  37.376   0.000   0.014   0.039   0.948
B V  3OQIA                221    0.162  24.824   0.000   0.009   0.154   0.837
E K  3OQIA                222    0.554 113.926   0.000   0.003   0.265   0.732
B M  3OQIA                223    0.210  42.116   0.000   0.001   0.322   0.677
E R  3OQIA                224    0.405  92.796   0.000   0.001   0.082   0.917
E P  3OQIA                225    0.709 100.577   0.000   0.017   0.004   0.979
E N  3OQIA                226    0.515  75.341   0.000   0.027   0.005   0.968
B Q  3OQIA                227    0.231  41.199   0.000   0.032   0.329   0.638
B G  3OQIA                228    0.080   6.289   0.000   0.005   0.586   0.409
B Y  3OQIA                229    0.116  24.798   0.000   0.001   0.927   0.073
B L  3OQIA                230    0.020   3.631   0.000   0.000   0.992   0.008
B M  3OQIA                231    0.108  21.554   0.000   0.000   0.994   0.006
B V  3OQIA                232    0.027   4.222   0.000   0.000   0.988   0.012
E S  3OQIA                233    0.294  34.468   0.000   0.000   0.937   0.063
E E  3OQIA                234    0.576 100.597   0.000   0.003   0.823   0.174
E A  3OQIA                235    0.567  62.514   0.000   0.019   0.013   0.968
E D  3OQIA                236    0.913 131.622   0.000   0.019   0.002   0.978
E E  3OQIA                237    0.733 128.107   0.000   0.055   0.001   0.943
E R  3OQIA                238    0.695 159.155   0.000   0.056   0.004   0.939
E V  3OQIA                239    0.691 106.160   0.000   0.025   0.002   0.973
E E  3OQIA                240    0.708 123.747   0.000   0.020   0.002   0.978
E S  3OQIA                241    0.735  86.182   0.000   0.011   0.000   0.989
E K  3OQIA                242    0.764 157.115   0.000   0.005   0.000   0.995
E S  3OQIA                243    0.758  88.821   0.000   0.003   0.000   0.997
E M  3OQIA                244    0.705 141.020   0.000   0.003   0.000   0.997
E Q  3OQIA                245    0.740 132.092   0.000   0.003   0.000   0.997
E E  3OQIA                246    0.712 124.401   0.000   0.004   0.000   0.995
E E  3OQIA                247    0.698 121.959   0.000   0.005   0.001   0.994
E R  3OQIA                248    0.638 146.138   0.000   0.007   0.001   0.992
E V  3OQIA                249    0.625  96.039   0.000   0.005   0.001   0.994
E L  3OQIA                250    0.679 124.397   0.000   0.004   0.001   0.995
E E  3OQIA                251    0.733 128.074   0.000   0.002   0.000   0.997
E H  3OQIA                252    0.724 131.624   0.000   0.001   0.000   0.998
E H  3OQIA                253    0.711 129.267   0.000   0.001   0.000   0.999
E H  3OQIA                254    0.708 128.729   0.000   0.001   0.000   0.999
E H  3OQIA                255    0.691 125.777   0.000   0.002   0.001   0.997
E H  3OQIA                256    0.774 140.854   0.000   0.001   0.000   0.999
E H  3OQIA                257    0.883 160.619   0.000   0.000   0.000   1.000
