# For publication of results, please cite:
# ...
# ... Michael Schantz Klausen, Martin Closter Jespersen, Henrik Nielsen, Kamilla Kjærgaard Jensen, 
# ... Vanessa Isabell Jurtz, Casper Kaae Sønderby, Morten Otto Alexander Sommer, Ole Winther, 
# ... Morten Nielsen, Bent Petersen, and Paolo Marcatili. 
# ... NetSurfP-2.0: Improved prediction of protein structural features by integrated deep learning.
# ... Proteins: Structure, Function, and Bioinformatics (Feb. 2019).
# ... https://doi.org/10.1002/prot.25674
# ...
#
# Column 1: Class assignment - B for buried or E for Exposed - Threshold: 25% exposure, but not based on RSA
# Column 2: Amino acid
# Column 3: Sequence name
# Column 4: Amino acid number
# Column 5: Relative Surface Accessibility - RSA
# Column 6: Absolute Surface Accessibility
# Column 7: Not used
# Column 8: Probability for Alpha-Helix
# Column 9: Probability for Beta-strand
# Column 10: Probability for Coil
E A  2I9LI                  1    0.924 101.837   0.000   0.001   0.000   0.999
E A  2I9LI                  2    0.605  66.635   0.000   0.224   0.008   0.768
E S  2I9LI                  3    0.498  58.357   0.000   0.257   0.012   0.731
B I  2I9LI                  4    0.155  28.688   0.000   0.944   0.001   0.055
E Q  2I9LI                  5    0.518  92.518   0.000   0.981   0.000   0.019
E T  2I9LI                  6    0.489  67.795   0.000   0.988   0.000   0.012
B T  2I9LI                  7    0.132  18.287   0.000   0.997   0.000   0.003
B V  2I9LI                  8    0.077  11.858   0.000   0.996   0.000   0.004
E N  2I9LI                  9    0.498  72.856   0.000   0.997   0.000   0.003
E T  2I9LI                 10    0.415  57.542   0.000   0.998   0.000   0.002
B L  2I9LI                 11    0.053   9.788   0.000   0.998   0.000   0.002
B S  2I9LI                 12    0.126  14.810   0.000   0.997   0.000   0.003
E E  2I9LI                 13    0.629 109.966   0.000   0.998   0.000   0.002
E R  2I9LI                 14    0.462 105.737   0.000   0.998   0.000   0.002
B I  2I9LI                 15    0.047   8.712   0.000   0.997   0.000   0.003
B S  2I9LI                 16    0.186  21.815   0.000   0.992   0.000   0.008
E S  2I9LI                 17    0.502  58.881   0.000   0.989   0.000   0.011
E K  2I9LI                 18    0.389  79.966   0.000   0.989   0.000   0.011
B L  2I9LI                 19    0.057  10.508   0.000   0.978   0.001   0.021
E E  2I9LI                 20    0.548  95.675   0.000   0.933   0.001   0.065
E Q  2I9LI                 21    0.715 127.681   0.000   0.857   0.001   0.142
E E  2I9LI                 22    0.401  70.117   0.000   0.701   0.002   0.297
B A  2I9LI                 23    0.243  26.796   0.000   0.411   0.009   0.580
E N  2I9LI                 24    0.784 114.771   0.000   0.189   0.026   0.785
E A  2I9LI                 25    0.338  37.234   0.000   0.053   0.030   0.917
E S  2I9LI                 26    0.629  73.765   0.000   0.029   0.346   0.625
E A  2I9LI                 27    0.273  30.054   0.000   0.052   0.501   0.447
E Q  2I9LI                 28    0.650 116.099   0.000   0.028   0.758   0.214
B T  2I9LI                 29    0.201  27.933   0.000   0.014   0.821   0.166
E K  2I9LI                 30    0.577 118.614   0.000   0.013   0.786   0.202
B C  2I9LI                 31    0.110  15.455   0.000   0.017   0.569   0.414
E D  2I9LI                 32    0.553  79.647   0.000   0.002   0.639   0.359
B I  2I9LI                 33    0.076  14.096   0.000   0.002   0.867   0.131
E E  2I9LI                 34    0.455  79.560   0.000   0.000   0.981   0.019
B I  2I9LI                 35    0.106  19.541   0.000   0.001   0.958   0.041
E G  2I9LI                 36    0.304  23.953   0.000   0.005   0.417   0.578
E N  2I9LI                 37    0.476  69.650   0.000   0.002   0.633   0.365
B F  2I9LI                 38    0.052  10.383   0.000   0.000   0.985   0.014
E Y  2I9LI                 39    0.381  81.514   0.000   0.000   0.997   0.003
B I  2I9LI                 40    0.058  10.686   0.000   0.000   0.998   0.002
E R  2I9LI                 41    0.448 102.705   0.000   0.000   0.990   0.009
E Q  2I9LI                 42    0.287  51.171   0.000   0.003   0.865   0.132
E N  2I9LI                 43    0.524  76.699   0.000   0.029   0.248   0.723
E H  2I9LI                 44    0.677 123.118   0.000   0.028   0.039   0.934
E G  2I9LI                 45    0.381  30.006   0.000   0.014   0.064   0.923
B C  2I9LI                 46    0.073  10.199   0.000   0.003   0.555   0.443
E N  2I9LI                 47    0.398  58.258   0.000   0.001   0.931   0.069
B L  2I9LI                 48    0.026   4.686   0.000   0.001   0.987   0.012
B T  2I9LI                 49    0.204  28.324   0.000   0.000   0.997   0.003
B V  2I9LI                 50    0.014   2.226   0.000   0.000   0.998   0.002
E K  2I9LI                 51    0.322  66.220   0.000   0.000   0.990   0.010
B N  2I9LI                 52    0.117  17.123   0.000   0.001   0.942   0.057
E M  2I9LI                 53    0.257  51.373   0.000   0.027   0.342   0.631
B C  2I9LI                 54    0.133  18.662   0.000   0.053   0.221   0.725
E S  2I9LI                 55    0.417  48.868   0.000   0.067   0.140   0.793
E A  2I9LI                 56    0.680  74.896   0.000   0.078   0.006   0.916
E D  2I9LI                 57    0.594  85.647   0.000   0.011   0.004   0.985
B A  2I9LI                 58    0.196  21.565   0.000   0.941   0.001   0.059
E D  2I9LI                 59    0.631  90.910   0.000   0.971   0.000   0.029
E A  2I9LI                 60    0.279  30.728   0.000   0.976   0.000   0.023
B Q  2I9LI                 61    0.171  30.611   0.000   0.980   0.001   0.019
B L  2I9LI                 62    0.059  10.828   0.000   0.992   0.001   0.007
E D  2I9LI                 63    0.474  68.326   0.000   0.998   0.000   0.002
B A  2I9LI                 64    0.136  14.960   0.000   0.999   0.000   0.001
B V  2I9LI                 65    0.024   3.687   0.000   0.999   0.000   0.001
B L  2I9LI                 66    0.071  12.976   0.000   0.999   0.000   0.001
E S  2I9LI                 67    0.439  51.458   0.000   0.997   0.000   0.003
B A  2I9LI                 68    0.057   6.292   0.000   0.995   0.000   0.005
B A  2I9LI                 69    0.014   1.596   0.000   0.991   0.000   0.009
B T  2I9LI                 70    0.242  33.629   0.000   0.995   0.000   0.005
E E  2I9LI                 71    0.595 103.970   0.000   0.991   0.000   0.009
B T  2I9LI                 72    0.106  14.765   0.000   0.981   0.000   0.018
B Y  2I9LI                 73    0.076  16.306   0.000   0.952   0.001   0.048
E S  2I9LI                 74    0.647  75.845   0.000   0.663   0.000   0.337
E G  2I9LI                 75    0.715  56.301   0.000   0.287   0.000   0.713
B L  2I9LI                 76    0.071  12.927   0.000   0.002   0.000   0.998
E T  2I9LI                 77    0.455  63.096   0.000   0.000   0.000   0.999
E P  2I9LI                 78    0.721 102.286   0.000   0.984   0.000   0.016
E E  2I9LI                 79    0.745 130.068   0.000   0.984   0.000   0.016
B Q  2I9LI                 80    0.232  41.357   0.000   0.971   0.000   0.029
E K  2I9LI                 81    0.331  67.989   0.000   0.969   0.000   0.031
E A  2I9LI                 82    0.595  65.602   0.000   0.785   0.001   0.214
E Y  2I9LI                 83    0.461  98.509   0.000   0.805   0.000   0.195
B V  2I9LI                 84    0.012   1.847   0.000   0.995   0.000   0.005
B P  2I9LI                 85    0.225  31.865   0.000   0.995   0.000   0.005
E A  2I9LI                 86    0.527  58.080   0.000   0.997   0.000   0.003
E M  2I9LI                 87    0.251  50.140   0.000   0.998   0.000   0.002
B F  2I9LI                 88    0.019   3.762   0.000   0.995   0.000   0.004
E T  2I9LI                 89    0.274  38.061   0.000   0.995   0.000   0.004
E A  2I9LI                 90    0.683  75.271   0.000   0.988   0.000   0.012
E A  2I9LI                 91    0.331  36.475   0.000   0.957   0.000   0.042
B L  2I9LI                 92    0.115  21.071   0.000   0.609   0.001   0.391
E N  2I9LI                 93    0.890 130.281   0.000   0.005   0.000   0.994
B I  2I9LI                 94    0.232  42.977   0.000   0.009   0.007   0.984
E Q  2I9LI                 95    0.857 153.044   0.000   0.006   0.007   0.987
E T  2I9LI                 96    0.347  48.193   0.000   0.011   0.017   0.973
E S  2I9LI                 97    0.511  59.937   0.000   0.007   0.013   0.980
B V  2I9LI                 98    0.211  32.465   0.000   0.786   0.004   0.210
E N  2I9LI                 99    0.684 100.071   0.000   0.882   0.002   0.115
E T  2I9LI                100    0.424  58.844   0.000   0.906   0.005   0.089
B V  2I9LI                101    0.081  12.470   0.000   0.899   0.008   0.093
B V  2I9LI                102    0.198  30.384   0.000   0.863   0.010   0.127
E R  2I9LI                103    0.651 148.998   0.000   0.890   0.004   0.106
E D  2I9LI                104    0.512  73.750   0.000   0.872   0.003   0.124
B F  2I9LI                105    0.068  13.714   0.000   0.951   0.002   0.047
E E  2I9LI                106    0.373  65.098   0.000   0.970   0.003   0.027
E N  2I9LI                107    0.612  89.611   0.000   0.968   0.003   0.029
E Y  2I9LI                108    0.341  72.912   0.000   0.985   0.004   0.012
B V  2I9LI                109    0.021   3.205   0.000   0.988   0.005   0.007
E K  2I9LI                110    0.421  86.566   0.000   0.984   0.004   0.012
E Q  2I9LI                111    0.666 118.964   0.000   0.945   0.009   0.046
E T  2I9LI                112    0.402  55.764   0.000   0.912   0.006   0.082
B C  2I9LI                113    0.071   9.984   0.000   0.485   0.024   0.491
E N  2I9LI                114    0.656  96.060   0.000   0.238   0.092   0.670
E S  2I9LI                115    0.393  46.058   0.000   0.159   0.173   0.668
E S  2I9LI                116    0.582  68.210   0.000   0.123   0.536   0.341
E A  2I9LI                117    0.316  34.829   0.000   0.085   0.612   0.304
E V  2I9LI                118    0.438  67.321   0.000   0.075   0.733   0.192
B V  2I9LI                119    0.248  38.120   0.000   0.069   0.760   0.171
E D  2I9LI                120    0.619  89.143   0.000   0.066   0.527   0.407
E N  2I9LI                121    0.560  81.952   0.000   0.031   0.471   0.498
E K  2I9LI                122    0.550 113.088   0.000   0.013   0.788   0.199
B L  2I9LI                123    0.139  25.541   0.000   0.003   0.876   0.121
E K  2I9LI                124    0.497 102.220   0.000   0.002   0.892   0.106
B I  2I9LI                125    0.148  27.321   0.000   0.009   0.901   0.090
E Q  2I9LI                126    0.404  72.150   0.000   0.006   0.851   0.144
E N  2I9LI                127    0.519  75.948   0.000   0.004   0.966   0.030
B V  2I9LI                128    0.095  14.543   0.000   0.001   0.962   0.036
E I  2I9LI                129    0.371  68.617   0.000   0.000   0.964   0.035
B I  2I9LI                130    0.093  17.261   0.000   0.013   0.893   0.094
E D  2I9LI                131    0.537  77.320   0.000   0.020   0.550   0.430
E E  2I9LI                132    0.552  96.497   0.000   0.015   0.796   0.189
B C  2I9LI                133    0.076  10.704   0.000   0.002   0.886   0.111
E Y  2I9LI                134    0.427  91.258   0.000   0.001   0.943   0.056
B G  2I9LI                135    0.122   9.621   0.000   0.001   0.687   0.312
E A  2I9LI                136    0.347  38.235   0.000   0.001   0.052   0.947
E P  2I9LI                137    0.649  92.034   0.000   0.002   0.007   0.990
E G  2I9LI                138    0.740  58.208   0.000   0.002   0.003   0.995
E S  2I9LI                139    0.440  51.515   0.000   0.000   0.115   0.885
E P  2I9LI                140    0.519  73.709   0.000   0.001   0.435   0.565
B T  2I9LI                141    0.103  14.289   0.000   0.000   0.929   0.071
E N  2I9LI                142    0.450  65.853   0.000   0.000   0.953   0.047
B L  2I9LI                143    0.023   4.264   0.000   0.000   0.979   0.021
E E  2I9LI                144    0.270  47.227   0.000   0.000   0.995   0.005
B F  2I9LI                145    0.019   3.847   0.000   0.000   0.997   0.003
B I  2I9LI                146    0.076  13.970   0.000   0.000   0.986   0.014
B N  2I9LI                147    0.060   8.748   0.000   0.000   0.944   0.056
B T  2I9LI                148    0.126  17.519   0.000   0.005   0.238   0.758
B G  2I9LI                149    0.204  16.082   0.000   0.007   0.112   0.881
E S  2I9LI                150    0.277  32.471   0.000   0.018   0.074   0.908
E S  2I9LI                151    0.328  38.385   0.000   0.813   0.004   0.184
E K  2I9LI                152    0.524 107.756   0.000   0.884   0.003   0.113
B G  2I9LI                153    0.060   4.739   0.000   0.899   0.004   0.097
B N  2I9LI                154    0.163  23.821   0.000   0.907   0.004   0.088
B C  2I9LI                155    0.109  15.323   0.000   0.978   0.003   0.019
B A  2I9LI                156    0.020   2.225   0.000   0.999   0.000   0.001
B I  2I9LI                157    0.052   9.533   0.000   0.998   0.001   0.001
E K  2I9LI                158    0.401  82.552   0.000   0.999   0.000   0.001
B A  2I9LI                159    0.092  10.191   0.000   1.000   0.000   0.000
B L  2I9LI                160    0.019   3.462   0.000   0.999   0.000   0.001
B M  2I9LI                161    0.156  31.229   0.000   0.999   0.000   0.001
E Q  2I9LI                162    0.491  87.778   0.000   0.997   0.000   0.003
B L  2I9LI                163    0.125  22.861   0.000   0.992   0.000   0.007
B T  2I9LI                164    0.106  14.763   0.000   0.977   0.001   0.022
E T  2I9LI                165    0.334  46.293   0.000   0.950   0.002   0.049
E K  2I9LI                166    0.558 114.723   0.000   0.897   0.002   0.101
E A  2I9LI                167    0.270  29.727   0.000   0.819   0.009   0.172
E T  2I9LI                168    0.277  38.389   0.000   0.509   0.043   0.447
E T  2I9LI                169    0.649  89.979   0.000   0.366   0.026   0.609
E Q  2I9LI                170    0.613 109.440   0.000   0.259   0.092   0.649
E I  2I9LI                171    0.374  69.248   0.000   0.105   0.133   0.763
E A  2I9LI                172    0.632  69.639   0.000   0.005   0.070   0.926
E P  2I9LI                173    0.894 126.890   0.000   0.002   0.000   0.998
