# For publication of results, please cite:
# ...
# ... Michael Schantz Klausen, Martin Closter Jespersen, Henrik Nielsen, Kamilla Kjærgaard Jensen, 
# ... Vanessa Isabell Jurtz, Casper Kaae Sønderby, Morten Otto Alexander Sommer, Ole Winther, 
# ... Morten Nielsen, Bent Petersen, and Paolo Marcatili. 
# ... NetSurfP-2.0: Improved prediction of protein structural features by integrated deep learning.
# ... Proteins: Structure, Function, and Bioinformatics (Feb. 2019).
# ... https://doi.org/10.1002/prot.25674
# ...
#
# Column 1: Class assignment - B for buried or E for Exposed - Threshold: 25% exposure, but not based on RSA
# Column 2: Amino acid
# Column 3: Sequence name
# Column 4: Amino acid number
# Column 5: Relative Surface Accessibility - RSA
# Column 6: Absolute Surface Accessibility
# Column 7: Not used
# Column 8: Probability for Alpha-Helix
# Column 9: Probability for Beta-strand
# Column 10: Probability for Coil
E I  3I9OB                  1    0.650 120.248   0.000   0.000   0.003   0.997
E V  3I9OB                  2    0.489  75.109   0.000   0.002   0.055   0.942
E P  3I9OB                  3    0.320  45.346   0.000   0.013   0.035   0.952
E T  3I9OB                  4    0.335  46.396   0.000   0.156   0.014   0.830
E R  3I9OB                  5    0.646 147.959   0.000   0.700   0.003   0.297
E E  3I9OB                  6    0.424  74.058   0.000   0.795   0.002   0.203
B L  3I9OB                  7    0.063  11.459   0.000   0.957   0.001   0.042
E E  3I9OB                  8    0.362  63.168   0.000   0.972   0.001   0.027
E N  3I9OB                  9    0.471  68.931   0.000   0.967   0.001   0.032
B V  3I9OB                 10    0.118  18.104   0.000   0.975   0.001   0.024
B F  3I9OB                 11    0.062  12.530   0.000   0.952   0.003   0.045
B L  3I9OB                 12    0.197  36.008   0.000   0.804   0.006   0.190
E G  3I9OB                 13    0.270  21.278   0.000   0.586   0.014   0.401
E R  3I9OB                 14    0.259  59.307   0.000   0.684   0.017   0.299
B C  3I9OB                 15    0.056   7.816   0.000   0.633   0.081   0.286
E K  3I9OB                 16    0.415  85.381   0.000   0.603   0.072   0.324
E D  3I9OB                 17    0.488  70.382   0.000   0.560   0.046   0.394
B Y  3I9OB                 18    0.117  24.925   0.000   0.548   0.108   0.344
E E  3I9OB                 19    0.393  68.596   0.000   0.512   0.254   0.233
E I  3I9OB                 20    0.328  60.699   0.000   0.603   0.235   0.161
B T  3I9OB                 21    0.202  27.964   0.000   0.522   0.233   0.245
E R  3I9OB                 22    0.399  91.277   0.000   0.396   0.187   0.417
E Y  3I9OB                 23    0.388  82.913   0.000   0.264   0.109   0.627
E L  3I9OB                 24    0.366  67.015   0.000   0.208   0.084   0.707
E D  3I9OB                 25    0.685  98.770   0.000   0.132   0.048   0.820
B I  3I9OB                 26    0.223  41.215   0.000   0.187   0.044   0.769
E L  3I9OB                 27    0.302  55.318   0.000   0.114   0.031   0.855
E P  3I9OB                 28    0.510  72.438   0.000   0.465   0.014   0.521
E R  3I9OB                 29    0.595 136.364   0.000   0.482   0.028   0.490
E V  3I9OB                 30    0.255  39.259   0.000   0.365   0.030   0.604
E R  3I9OB                 31    0.607 138.905   0.000   0.192   0.037   0.772
E S  3I9OB                 32    0.479  56.110   0.000   0.102   0.052   0.846
E D  3I9OB                 33    0.505  72.838   0.000   0.045   0.043   0.912
B C  3I9OB                 34    0.056   7.799   0.000   0.878   0.002   0.120
E S  3I9OB                 35    0.406  47.621   0.000   0.985   0.000   0.015
E A  3I9OB                 36    0.325  35.848   0.000   0.997   0.000   0.003
B L  3I9OB                 37    0.020   3.689   0.000   0.998   0.000   0.002
B W  3I9OB                 38    0.066  15.807   0.000   0.998   0.000   0.002
E K  3I9OB                 39    0.530 108.931   0.000   0.998   0.000   0.002
E D  3I9OB                 40    0.280  40.392   0.000   0.997   0.000   0.003
B F  3I9OB                 41    0.016   3.143   0.000   0.996   0.000   0.004
B F  3I9OB                 42    0.190  38.129   0.000   0.993   0.000   0.007
E K  3I9OB                 43    0.522 107.466   0.000   0.969   0.000   0.030
B A  3I9OB                 44    0.058   6.348   0.000   0.954   0.001   0.045
B F  3I9OB                 45    0.063  12.568   0.000   0.832   0.007   0.160
E S  3I9OB                 46    0.295  34.598   0.000   0.550   0.008   0.441
E F  3I9OB                 47    0.544 109.110   0.000   0.360   0.004   0.636
E K  3I9OB                 48    0.337  69.411   0.000   0.025   0.010   0.965
E N  3I9OB                 49    0.427  62.444   0.000   0.003   0.015   0.983
B P  3I9OB                 50    0.121  17.121   0.000   0.409   0.003   0.588
B C  3I9OB                 51    0.132  18.508   0.000   0.397   0.013   0.590
E D  3I9OB                 52    0.736 106.052   0.000   0.313   0.008   0.679
B L  3I9OB                 53    0.085  15.526   0.000   0.005   0.011   0.985
E D  3I9OB                 54    0.620  89.284   0.000   0.003   0.007   0.990
E L  3I9OB                 55    0.365  66.784   0.000   0.826   0.001   0.173
E G  3I9OB                 56    0.507  39.906   0.000   0.890   0.001   0.109
B S  3I9OB                 57    0.218  25.585   0.000   0.941   0.000   0.059
B Y  3I9OB                 58    0.028   5.940   0.000   0.892   0.001   0.107
E K  3I9OB                 59    0.487 100.077   0.000   0.991   0.000   0.008
E D  3I9OB                 60    0.557  80.280   0.000   0.995   0.000   0.005
B F  3I9OB                 61    0.038   7.662   0.000   0.998   0.000   0.002
B F  3I9OB                 62    0.033   6.620   0.000   0.991   0.000   0.009
E T  3I9OB                 63    0.595  82.487   0.000   0.925   0.001   0.074
E S  3I9OB                 64    0.373  43.683   0.000   0.742   0.001   0.258
B A  3I9OB                 65    0.073   8.048   0.000   0.250   0.004   0.746
E Q  3I9OB                 66    0.685 122.364   0.000   0.068   0.012   0.920
E Q  3I9OB                 67    0.347  61.943   0.000   0.018   0.047   0.934
E Q  3I9OB                 68    0.725 129.497   0.000   0.020   0.151   0.829
B L  3I9OB                 69    0.133  24.442   0.000   0.002   0.135   0.863
E P  3I9OB                 70    0.339  48.049   0.000   0.005   0.100   0.896
E K  3I9OB                 71    0.565 116.194   0.000   0.043   0.023   0.933
E N  3I9OB                 72    0.577  84.434   0.000   0.036   0.028   0.936
E K  3I9OB                 73    0.323  66.405   0.000   0.025   0.329   0.645
B V  3I9OB                 74    0.068  10.447   0.000   0.007   0.855   0.137
B M  3I9OB                 75    0.021   4.170   0.000   0.013   0.920   0.068
B F  3I9OB                 76    0.028   5.712   0.000   0.013   0.911   0.076
B W  3I9OB                 77    0.097  23.350   0.000   0.029   0.682   0.289
B S  3I9OB                 78    0.130  15.233   0.000   0.049   0.214   0.737
E G  3I9OB                 79    0.308  24.213   0.000   0.029   0.031   0.940
B V  3I9OB                 80    0.127  19.468   0.000   0.067   0.048   0.885
E Y  3I9OB                 81    0.292  62.479   0.000   0.868   0.004   0.128
E D  3I9OB                 82    0.608  87.672   0.000   0.926   0.001   0.073
E E  3I9OB                 83    0.289  50.443   0.000   0.941   0.002   0.057
B A  3I9OB                 84    0.006   0.625   0.000   0.986   0.000   0.014
B H  3I9OB                 85    0.232  42.168   0.000   0.990   0.000   0.010
E D  3I9OB                 86    0.492  70.835   0.000   0.989   0.000   0.011
B Y  3I9OB                 87    0.113  24.214   0.000   0.983   0.000   0.016
B A  3I9OB                 88    0.032   3.512   0.000   0.939   0.001   0.061
E N  3I9OB                 89    0.664  97.140   0.000   0.801   0.002   0.197
E T  3I9OB                 90    0.574  79.553   0.000   0.434   0.002   0.565
E G  3I9OB                 91    0.528  41.592   0.000   0.090   0.001   0.908
E R  3I9OB                 92    0.543 124.412   0.000   0.010   0.003   0.987
E K  3I9OB                 93    0.451  92.838   0.000   0.008   0.030   0.963
B Y  3I9OB                 94    0.178  37.957   0.000   0.001   0.526   0.473
B I  3I9OB                 95    0.100  18.474   0.000   0.000   0.940   0.060
B T  3I9OB                 96    0.060   8.327   0.000   0.000   0.946   0.054
B L  3I9OB                 97    0.010   1.759   0.000   0.805   0.021   0.174
B E  3I9OB                 98    0.071  12.448   0.000   0.818   0.017   0.165
B D  3I9OB                 99    0.240  34.552   0.000   0.802   0.010   0.189
B T  3I9OB                100    0.030   4.092   0.000   0.428   0.015   0.558
B L  3I9OB                101    0.045   8.303   0.000   0.907   0.002   0.092
B P  3I9OB                102    0.017   2.463   0.000   0.928   0.002   0.070
B G  3I9OB                103    0.027   2.117   0.000   0.973   0.004   0.023
B Y  3I9OB                104    0.154  32.989   0.000   0.980   0.009   0.011
B M  3I9OB                105    0.025   4.990   0.000   0.973   0.009   0.018
B L  3I9OB                106    0.026   4.819   0.000   0.846   0.030   0.124
E N  3I9OB                107    0.259  37.945   0.000   0.396   0.027   0.577
E S  3I9OB                108    0.365  42.800   0.000   0.205   0.017   0.777
B L  3I9OB                109    0.041   7.557   0.000   0.040   0.084   0.876
E V  3I9OB                110    0.300  46.053   0.000   0.067   0.345   0.588
B W  3I9OB                111    0.102  24.442   0.000   0.044   0.474   0.483
B C  3I9OB                112    0.098  13.781   0.000   0.057   0.108   0.835
B G  3I9OB                113    0.230  18.081   0.000   0.024   0.080   0.896
E Q  3I9OB                114    0.429  76.664   0.000   0.011   0.101   0.888
E R  3I9OB                115    0.647 148.128   0.000   0.015   0.060   0.925
E A  3I9OB                116    0.633  69.741   0.000   0.022   0.021   0.958
E N  3I9OB                117    0.397  58.146   0.000   0.004   0.042   0.954
E P  3I9OB                118    0.630  89.441   0.000   0.041   0.016   0.943
E G  3I9OB                119    0.417  32.848   0.000   0.075   0.054   0.871
B F  3I9OB                120    0.216  43.432   0.000   0.059   0.183   0.758
E N  3I9OB                121    0.318  46.618   0.000   0.050   0.126   0.824
E E  3I9OB                122    0.386  67.482   0.000   0.197   0.043   0.760
E K  3I9OB                123    0.713 146.600   0.000   0.173   0.024   0.803
E V  3I9OB                124    0.402  61.791   0.000   0.160   0.053   0.787
B C  3I9OB                125    0.137  19.238   0.000   0.003   0.018   0.978
E P  3I9OB                126    0.305  43.247   0.000   0.009   0.008   0.983
E D  3I9OB                127    0.555  80.030   0.000   0.014   0.010   0.976
E F  3I9OB                128    0.266  53.387   0.000   0.457   0.004   0.539
E K  3I9OB                129    0.781 160.732   0.000   0.395   0.003   0.603
E T  3I9OB                130    0.659  91.362   0.000   0.381   0.007   0.612
B C  3I9OB                131    0.115  16.203   0.000   0.013   0.018   0.969
E P  3I9OB                132    0.530  75.150   0.000   0.077   0.021   0.903
E V  3I9OB                133    0.400  61.475   0.000   0.096   0.030   0.874
E Q  3I9OB                134    0.406  72.598   0.000   0.173   0.039   0.788
B A  3I9OB                135    0.122  13.439   0.000   0.879   0.006   0.116
E R  3I9OB                136    0.253  57.973   0.000   0.929   0.006   0.066
E E  3I9OB                137    0.428  74.728   0.000   0.972   0.002   0.026
B S  3I9OB                138    0.140  16.361   0.000   0.967   0.002   0.031
B F  3I9OB                139    0.020   4.024   0.000   0.994   0.001   0.006
B W  3I9OB                140    0.050  11.942   0.000   0.995   0.000   0.005
B G  3I9OB                141    0.193  15.160   0.000   0.996   0.000   0.004
B M  3I9OB                142    0.233  46.564   0.000   0.996   0.000   0.004
B A  3I9OB                143    0.019   2.136   0.000   0.992   0.000   0.008
B S  3I9OB                144    0.024   2.771   0.000   0.985   0.000   0.014
E S  3I9OB                145    0.292  34.265   0.000   0.996   0.000   0.004
E S  3I9OB                146    0.291  34.096   0.000   0.996   0.000   0.004
B Y  3I9OB                147    0.069  14.766   0.000   0.990   0.000   0.010
B A  3I9OB                148    0.034   3.742   0.000   0.993   0.000   0.007
E H  3I9OB                149    0.593 107.903   0.000   0.940   0.001   0.059
E S  3I9OB                150    0.311  36.445   0.000   0.816   0.001   0.183
B A  3I9OB                151    0.035   3.868   0.000   0.087   0.037   0.877
E E  3I9OB                152    0.451  78.846   0.000   0.003   0.117   0.880
B G  3I9OB                153    0.189  14.851   0.000   0.001   0.654   0.345
E E  3I9OB                154    0.450  78.650   0.000   0.001   0.895   0.104
B V  3I9OB                155    0.013   2.029   0.000   0.000   0.982   0.018
B T  3I9OB                156    0.116  16.078   0.000   0.000   0.995   0.005
B Y  3I9OB                157    0.020   4.341   0.000   0.000   0.996   0.004
B M  3I9OB                158    0.031   6.113   0.000   0.000   0.986   0.013
B V  3I9OB                159    0.011   1.757   0.000   0.000   0.950   0.050
B D  3I9OB                160    0.123  17.722   0.000   0.001   0.600   0.399
B G  3I9OB                161    0.062   4.875   0.000   0.007   0.070   0.923
E S  3I9OB                162    0.265  31.112   0.000   0.005   0.039   0.957
E N  3I9OB                163    0.356  52.093   0.000   0.002   0.040   0.959
E P  3I9OB                164    0.545  77.372   0.000   0.009   0.004   0.986
E K  3I9OB                165    0.795 163.632   0.000   0.009   0.003   0.988
E V  3I9OB                166    0.302  46.448   0.000   0.006   0.030   0.964
E P  3I9OB                167    0.390  55.272   0.000   0.007   0.044   0.949
B A  3I9OB                168    0.086   9.522   0.000   0.020   0.033   0.946
B Y  3I9OB                169    0.100  21.391   0.000   0.012   0.076   0.913
E R  3I9OB                170    0.377  86.401   0.000   0.002   0.010   0.989
E P  3I9OB                171    0.528  74.939   0.000   0.005   0.001   0.994
E D  3I9OB                172    0.755 108.783   0.000   0.005   0.001   0.994
B S  3I9OB                173    0.027   3.134   0.000   0.004   0.007   0.989
B F  3I9OB                174    0.128  25.613   0.000   0.764   0.011   0.225
B F  3I9OB                175    0.009   1.844   0.000   0.916   0.002   0.082
B G  3I9OB                176    0.027   2.112   0.000   0.980   0.001   0.018
E K  3I9OB                177    0.549 112.857   0.000   0.962   0.001   0.037
E Y  3I9OB                178    0.280  59.921   0.000   0.902   0.008   0.090
B E  3I9OB                179    0.051   8.984   0.000   0.722   0.040   0.238
B L  3I9OB                180    0.020   3.709   0.000   0.705   0.015   0.280
E P  3I9OB                181    0.336  47.714   0.000   0.922   0.001   0.076
E N  3I9OB                182    0.404  59.184   0.000   0.843   0.002   0.155
B L  3I9OB                183    0.021   3.883   0.000   0.526   0.008   0.466
E T  3I9OB                184    0.392  54.314   0.000   0.200   0.008   0.792
E N  3I9OB                185    0.835 122.214   0.000   0.193   0.003   0.804
E K  3I9OB                186    0.360  74.101   0.000   0.088   0.009   0.904
B V  3I9OB                187    0.029   4.482   0.000   0.001   0.738   0.262
E T  3I9OB                188    0.382  52.975   0.000   0.000   0.541   0.459
E R  3I9OB                189    0.368  84.159   0.000   0.000   0.984   0.016
B V  3I9OB                190    0.013   1.975   0.000   0.000   0.995   0.005
B K  3I9OB                191    0.222  45.611   0.000   0.000   0.997   0.003
B V  3I9OB                192    0.011   1.619   0.000   0.000   0.999   0.001
B I  3I9OB                193    0.038   7.113   0.000   0.000   0.998   0.002
B V  3I9OB                194    0.011   1.705   0.000   0.000   0.996   0.004
B L  3I9OB                195    0.012   2.194   0.000   0.001   0.943   0.056
B H  3I9OB                196    0.110  20.085   0.000   0.004   0.733   0.263
E R  3I9OB                197    0.339  77.723   0.000   0.006   0.635   0.359
B L  3I9OB                198    0.238  43.664   0.000   0.024   0.258   0.717
E G  3I9OB                199    0.706  55.552   0.000   0.006   0.015   0.979
E E  3I9OB                200    0.649 113.421   0.000   0.014   0.053   0.933
E K  3I9OB                201    0.667 137.152   0.000   0.016   0.183   0.801
E I  3I9OB                202    0.421  77.802   0.000   0.023   0.334   0.643
E I  3I9OB                203    0.350  64.669   0.000   0.024   0.500   0.475
E E  3I9OB                204    0.535  93.464   0.000   0.052   0.375   0.573
E K  3I9OB                205    0.587 120.845   0.000   0.063   0.313   0.624
B C  3I9OB                206    0.159  22.322   0.000   0.170   0.070   0.760
E G  3I9OB                207    0.518  40.759   0.000   0.079   0.027   0.894
E A  3I9OB                208    0.569  62.723   0.000   0.140   0.028   0.832
E G  3I9OB                209    0.311  24.505   0.000   0.148   0.021   0.831
B S  3I9OB                210    0.099  11.624   0.000   0.395   0.139   0.467
B L  3I9OB                211    0.043   7.936   0.000   0.984   0.001   0.015
E L  3I9OB                212    0.397  72.750   0.000   0.995   0.000   0.005
E D  3I9OB                213    0.421  60.700   0.000   0.996   0.000   0.004
B L  3I9OB                214    0.007   1.208   0.000   0.998   0.000   0.002
E E  3I9OB                215    0.289  50.431   0.000   0.998   0.000   0.001
E K  3I9OB                216    0.603 124.117   0.000   0.999   0.000   0.001
B L  3I9OB                217    0.220  40.304   0.000   0.999   0.000   0.001
B V  3I9OB                218    0.009   1.356   0.000   0.997   0.000   0.003
E K  3I9OB                219    0.601 123.650   0.000   0.991   0.000   0.009
E A  3I9OB                220    0.701  77.272   0.000   0.889   0.000   0.111
E K  3I9OB                221    0.390  80.188   0.000   0.082   0.000   0.917
E H  3I9OB                222    0.844 153.482   0.000   0.003   0.001   0.996
B F  3I9OB                223    0.088  17.603   0.000   0.001   0.034   0.965
E A  3I9OB                224    0.514  56.677   0.000   0.001   0.496   0.503
B F  3I9OB                225    0.151  30.254   0.000   0.002   0.770   0.228
E D  3I9OB                226    0.488  70.278   0.000   0.002   0.880   0.118
B C  3I9OB                227    0.110  15.414   0.000   0.022   0.876   0.101
E V  3I9OB                228    0.352  54.146   0.000   0.037   0.721   0.242
E E  3I9OB                229    0.491  85.762   0.000   0.052   0.492   0.456
E N  3I9OB                230    0.306  44.796   0.000   0.003   0.061   0.936
B P  3I9OB                231    0.222  31.553   0.000   0.621   0.015   0.365
E R  3I9OB                232    0.413  94.574   0.000   0.883   0.007   0.111
B A  3I9OB                233    0.078   8.550   0.000   0.943   0.007   0.050
B V  3I9OB                234    0.044   6.696   0.000   0.928   0.028   0.045
B L  3I9OB                235    0.121  22.106   0.000   0.935   0.034   0.031
B F  3I9OB                236    0.071  14.202   0.000   0.940   0.038   0.021
B L  3I9OB                237    0.050   9.112   0.000   0.935   0.046   0.019
B L  3I9OB                238    0.118  21.579   0.000   0.877   0.058   0.065
B C  3I9OB                239    0.033   4.627   0.000   0.868   0.053   0.079
B S  3I9OB                240    0.141  16.580   0.000   0.624   0.046   0.330
E D  3I9OB                241    0.582  83.895   0.000   0.608   0.008   0.384
E N  3I9OB                242    0.343  50.275   0.000   0.003   0.006   0.991
E P  3I9OB                243    0.357  50.660   0.000   0.007   0.001   0.992
E N  3I9OB                244    0.826 120.968   0.000   0.009   0.000   0.990
B A  3I9OB                245    0.149  16.459   0.000   0.033   0.006   0.960
E R  3I9OB                246    0.774 177.263   0.000   0.474   0.004   0.522
E E  3I9OB                247    0.583 101.779   0.000   0.527   0.010   0.463
B C  3I9OB                248    0.047   6.657   0.000   0.340   0.032   0.628
E R  3I9OB                249    0.599 137.191   0.000   0.235   0.102   0.663
E L  3I9OB                250    0.311  57.005   0.000   0.154   0.148   0.698
E A  3I9OB                251    0.692  76.257   0.000   0.001   0.000   0.998
