# For publication of results, please cite:
# ...
# ... Michael Schantz Klausen, Martin Closter Jespersen, Henrik Nielsen, Kamilla Kjærgaard Jensen, 
# ... Vanessa Isabell Jurtz, Casper Kaae Sønderby, Morten Otto Alexander Sommer, Ole Winther, 
# ... Morten Nielsen, Bent Petersen, and Paolo Marcatili. 
# ... NetSurfP-2.0: Improved prediction of protein structural features by integrated deep learning.
# ... Proteins: Structure, Function, and Bioinformatics (Feb. 2019).
# ... https://doi.org/10.1002/prot.25674
# ...
#
# Column 1: Class assignment - B for buried or E for Exposed - Threshold: 25% exposure, but not based on RSA
# Column 2: Amino acid
# Column 3: Sequence name
# Column 4: Amino acid number
# Column 5: Relative Surface Accessibility - RSA
# Column 6: Absolute Surface Accessibility
# Column 7: Not used
# Column 8: Probability for Alpha-Helix
# Column 9: Probability for Beta-strand
# Column 10: Probability for Coil
E G  4E6FA                  1    0.962  75.716   0.000   0.000   0.000   1.000
E D  4E6FA                  2    0.849 122.394   0.000   0.017   0.000   0.983
E S  4E6FA                  3    0.741  86.820   0.000   0.036   0.000   0.964
E A  4E6FA                  4    0.698  76.953   0.000   0.063   0.000   0.936
E K  4E6FA                  5    0.699 143.773   0.000   0.068   0.001   0.931
E E  4E6FA                  6    0.729 127.317   0.000   0.087   0.002   0.911
E K  4E6FA                  7    0.630 129.655   0.000   0.096   0.005   0.899
E K  4E6FA                  8    0.614 126.361   0.000   0.151   0.008   0.840
E D  4E6FA                  9    0.712 102.528   0.000   0.182   0.007   0.811
E D  4E6FA                 10    0.555  79.946   0.000   0.241   0.003   0.756
E T  4E6FA                 11    0.561  77.878   0.000   0.335   0.005   0.659
E R  4E6FA                 12    0.544 124.546   0.000   0.338   0.039   0.623
E Y  4E6FA                 13    0.350  74.717   0.000   0.339   0.071   0.589
B L  4E6FA                 14    0.160  29.256   0.000   0.366   0.043   0.592
E V  4E6FA                 15    0.370  56.883   0.000   0.142   0.043   0.816
E G  4E6FA                 16    0.487  38.330   0.000   0.108   0.041   0.851
B A  4E6FA                 17    0.189  20.854   0.000   0.088   0.054   0.858
B V  4E6FA                 18    0.114  17.571   0.000   0.001   0.212   0.787
E P  4E6FA                 19    0.281  39.884   0.000   0.001   0.175   0.824
E E  4E6FA                 20    0.585 102.212   0.000   0.000   0.928   0.071
E V  4E6FA                 21    0.341  52.361   0.000   0.000   0.989   0.011
E D  4E6FA                 22    0.899 129.593   0.000   0.001   0.003   0.996
E G  4E6FA                 23    0.634  49.901   0.000   0.002   0.001   0.998
E K  4E6FA                 24    0.485  99.742   0.000   0.000   0.976   0.024
B V  4E6FA                 25    0.089  13.686   0.000   0.000   0.992   0.008
B V  4E6FA                 26    0.209  32.060   0.000   0.000   0.993   0.007
B F  4E6FA                 27    0.072  14.513   0.000   0.000   0.996   0.004
E S  4E6FA                 28    0.387  45.366   0.000   0.000   0.997   0.003
E K  4E6FA                 29    0.347  71.459   0.000   0.000   0.998   0.002
E E  4E6FA                 30    0.551  96.321   0.000   0.000   0.997   0.003
B F  4E6FA                 31    0.119  23.947   0.000   0.000   0.992   0.008
E Q  4E6FA                 32    0.707 126.190   0.000   0.000   0.948   0.052
B I  4E6FA                 33    0.023   4.257   0.000   0.001   0.228   0.771
E P  4E6FA                 34    0.533  75.609   0.000   0.001   0.031   0.968
E G  4E6FA                 35    0.812  63.904   0.000   0.002   0.004   0.994
B M  4E6FA                 36    0.164  32.907   0.000   0.001   0.084   0.915
E S  4E6FA                 37    0.415  48.593   0.000   0.000   0.068   0.931
E Q  4E6FA                 38    0.395  70.464   0.000   0.998   0.000   0.002
E A  4E6FA                 39    0.508  56.017   0.000   0.999   0.000   0.001
E Q  4E6FA                 40    0.476  84.994   0.000   0.999   0.000   0.001
B I  4E6FA                 41    0.015   2.800   0.000   1.000   0.000   0.000
B Y  4E6FA                 42    0.122  26.060   0.000   1.000   0.000   0.000
E D  4E6FA                 43    0.495  71.370   0.000   1.000   0.000   0.000
B T  4E6FA                 44    0.197  27.381   0.000   1.000   0.000   0.000
B M  4E6FA                 45    0.007   1.343   0.000   0.999   0.000   0.001
B T  4E6FA                 46    0.220  30.477   0.000   0.999   0.000   0.001
E K  4E6FA                 47    0.525 108.053   0.000   0.999   0.000   0.001
B W  4E6FA                 48    0.088  21.132   0.000   0.999   0.000   0.001
B M  4E6FA                 49    0.013   2.580   0.000   0.998   0.000   0.001
E D  4E6FA                 50    0.355  51.101   0.000   0.996   0.000   0.004
E E  4E6FA                 51    0.532  92.987   0.000   0.996   0.000   0.004
B R  4E6FA                 52    0.238  54.516   0.000   0.991   0.000   0.009
B L  4E6FA                 53    0.055  10.057   0.000   0.899   0.005   0.096
E K  4E6FA                 54    0.591 121.545   0.000   0.909   0.002   0.089
E E  4E6FA                 55    0.775 135.431   0.000   0.768   0.004   0.228
E N  4E6FA                 56    0.504  73.802   0.000   0.194   0.003   0.804
E K  4E6FA                 57    0.758 155.981   0.000   0.041   0.002   0.958
E N  4E6FA                 58    0.435  63.689   0.000   0.048   0.024   0.928
E I  4E6FA                 59    0.358  66.284   0.000   0.178   0.047   0.775
E D  4E6FA                 60    0.602  86.786   0.000   0.228   0.048   0.724
B S  4E6FA                 61    0.083   9.739   0.000   0.096   0.224   0.680
E R  4E6FA                 62    0.418  95.734   0.000   0.014   0.791   0.195
B I  4E6FA                 63    0.122  22.573   0.000   0.001   0.958   0.041
E V  4E6FA                 64    0.343  52.795   0.000   0.001   0.988   0.011
E F  4E6FA                 65    0.300  60.141   0.000   0.001   0.993   0.006
E S  4E6FA                 66    0.409  47.950   0.000   0.000   0.993   0.006
E D  4E6FA                 67    0.431  62.119   0.000   0.000   0.965   0.034
E E  4E6FA                 68    0.645 112.766   0.000   0.109   0.001   0.890
E A  4E6FA                 69    0.835  91.967   0.000   0.118   0.001   0.881
E K  4E6FA                 70    0.645 132.677   0.000   0.092   0.001   0.907
B G  4E6FA                 71    0.202  15.914   0.000   0.000   0.004   0.996
B T  4E6FA                 72    0.231  32.037   0.000   0.000   0.952   0.048
B I  4E6FA                 73    0.051   9.448   0.000   0.000   1.000   0.000
B A  4E6FA                 74    0.221  24.364   0.000   0.000   0.999   0.001
B G  4E6FA                 75    0.030   2.349   0.000   0.000   1.000   0.000
E V  4E6FA                 76    0.301  46.233   0.000   0.000   0.999   0.001
B G  4E6FA                 77    0.057   4.492   0.000   0.000   0.999   0.001
E E  4E6FA                 78    0.424  74.075   0.000   0.000   0.999   0.001
B E  4E6FA                 79    0.066  11.538   0.000   0.000   0.999   0.001
E W  4E6FA                 80    0.374  89.918   0.000   0.000   0.990   0.010
B I  4E6FA                 81    0.063  11.731   0.000   0.001   0.960   0.040
E V  4E6FA                 82    0.312  47.900   0.000   0.001   0.928   0.071
B F  4E6FA                 83    0.139  27.958   0.000   0.002   0.762   0.236
E S  4E6FA                 84    0.456  53.450   0.000   0.019   0.443   0.539
E S  4E6FA                 85    0.457  53.518   0.000   0.049   0.243   0.708
E S  4E6FA                 86    0.616  72.156   0.000   0.113   0.070   0.818
E A  4E6FA                 87    0.692  76.292   0.000   0.100   0.021   0.879
E L  4E6FA                 88    0.698 127.815   0.000   0.090   0.029   0.881
E S  4E6FA                 89    0.441  51.666   0.000   0.077   0.118   0.805
E L  4E6FA                 90    0.451  82.623   0.000   0.073   0.113   0.814
E D  4E6FA                 91    0.335  48.232   0.000   0.029   0.221   0.750
E R  4E6FA                 92    0.371  84.975   0.000   0.006   0.827   0.167
B T  4E6FA                 93    0.066   9.171   0.000   0.000   0.963   0.036
E L  4E6FA                 94    0.256  46.797   0.000   0.000   0.987   0.013
B V  4E6FA                 95    0.013   1.993   0.000   0.000   0.998   0.002
E N  4E6FA                 96    0.299  43.715   0.000   0.000   0.996   0.004
B Y  4E6FA                 97    0.028   5.945   0.000   0.000   0.998   0.002
E Q  4E6FA                 98    0.303  54.150   0.000   0.000   0.999   0.001
B I  4E6FA                 99    0.007   1.257   0.000   0.000   1.000   0.000
B T  4E6FA                100    0.204  28.303   0.000   0.000   0.999   0.001
B V  4E6FA                101    0.020   3.047   0.000   0.000   0.998   0.002
E T  4E6FA                102    0.297  41.153   0.000   0.000   0.995   0.005
B C  4E6FA                103    0.045   6.321   0.000   0.000   0.979   0.021
E K  4E6FA                104    0.438  90.007   0.000   0.000   0.834   0.166
E P  4E6FA                105    0.630  89.359   0.000   0.002   0.017   0.981
E G  4E6FA                106    0.327  25.751   0.000   0.003   0.016   0.981
E N  4E6FA                107    0.391  57.286   0.000   0.001   0.842   0.157
B C  4E6FA                108    0.016   2.200   0.000   0.000   0.996   0.004
E L  4E6FA                109    0.255  46.746   0.000   0.000   0.998   0.002
B V  4E6FA                110    0.011   1.758   0.000   0.000   0.999   0.001
E E  4E6FA                111    0.311  54.306   0.000   0.000   0.999   0.001
B L  4E6FA                112    0.015   2.812   0.000   0.000   0.998   0.002
E E  4E6FA                113    0.320  55.950   0.000   0.000   0.991   0.009
E K  4E6FA                114    0.407  83.720   0.000   0.001   0.980   0.019
B I  4E6FA                115    0.045   8.272   0.000   0.000   0.990   0.009
E R  4E6FA                116    0.340  77.845   0.000   0.000   0.995   0.005
B F  4E6FA                117    0.068  13.555   0.000   0.000   0.991   0.009
B T  4E6FA                118    0.202  28.072   0.000   0.000   0.978   0.022
B Y  4E6FA                119    0.176  37.580   0.000   0.001   0.891   0.108
E R  4E6FA                120    0.443 101.509   0.000   0.014   0.316   0.670
E E  4E6FA                121    0.735 128.468   0.000   0.011   0.020   0.968
E T  4E6FA                122    0.696  96.590   0.000   0.016   0.026   0.959
E E  4E6FA                123    0.610 106.528   0.000   0.017   0.179   0.804
E K  4E6FA                124    0.608 125.049   0.000   0.004   0.571   0.426
E Y  4E6FA                125    0.286  61.112   0.000   0.003   0.826   0.171
E K  4E6FA                126    0.401  82.564   0.000   0.002   0.936   0.062
B A  4E6FA                127    0.036   3.957   0.000   0.921   0.033   0.047
E E  4E6FA                128    0.298  52.135   0.000   0.866   0.092   0.042
E E  4E6FA                129    0.514  89.804   0.000   0.918   0.054   0.027
B W  4E6FA                130    0.192  46.178   0.000   0.726   0.107   0.167
B I  4E6FA                131    0.051   9.460   0.000   0.402   0.240   0.358
E T  4E6FA                132    0.307  42.597   0.000   0.282   0.137   0.581
E D  4E6FA                133    0.458  66.030   0.000   0.387   0.033   0.581
E K  4E6FA                134    0.531 109.317   0.000   0.521   0.059   0.420
E Y  4E6FA                135    0.316  67.586   0.000   0.436   0.105   0.460
B A  4E6FA                136    0.155  17.055   0.000   0.216   0.161   0.624
B L  4E6FA                137    0.121  22.068   0.000   0.126   0.295   0.579
E N  4E6FA                138    0.312  45.612   0.000   0.046   0.123   0.831
E K  4E6FA                139    0.634 130.465   0.000   0.179   0.009   0.812
E A  4E6FA                140    0.660  72.749   0.000   0.108   0.005   0.888
E K  4E6FA                141    0.595 122.293   0.000   0.102   0.007   0.892
E T  4E6FA                142    0.417  57.845   0.000   0.061   0.018   0.921
E K  4E6FA                143    0.542 111.504   0.000   0.218   0.257   0.525
B L  4E6FA                144    0.226  41.323   0.000   0.147   0.635   0.218
E V  4E6FA                145    0.272  41.784   0.000   0.253   0.215   0.533
E R  4E6FA                146    0.576 132.002   0.000   0.461   0.201   0.338
E G  4E6FA                147    0.265  20.838   0.000   0.484   0.060   0.456
B L  4E6FA                148    0.195  35.614   0.000   0.639   0.078   0.283
B A  4E6FA                149    0.197  21.728   0.000   0.922   0.007   0.071
E K  4E6FA                150    0.471  96.796   0.000   0.974   0.003   0.023
B W  4E6FA                151    0.125  30.132   0.000   0.987   0.002   0.010
B R  4E6FA                152    0.159  36.384   0.000   0.992   0.003   0.006
E R  4E6FA                153    0.437 100.164   0.000   0.997   0.001   0.003
E K  4E6FA                154    0.384  79.021   0.000   0.995   0.001   0.005
B T  4E6FA                155    0.025   3.511   0.000   0.998   0.000   0.002
B V  4E6FA                156    0.114  17.552   0.000   0.998   0.000   0.002
E D  4E6FA                157    0.521  75.005   0.000   0.998   0.000   0.002
B F  4E6FA                158    0.183  36.634   0.000   0.995   0.001   0.005
B A  4E6FA                159    0.030   3.261   0.000   0.999   0.000   0.001
E D  4E6FA                160    0.360  51.944   0.000   0.999   0.000   0.001
E D  4E6FA                161    0.493  70.975   0.000   0.998   0.000   0.002
B M  4E6FA                162    0.055  11.080   0.000   0.998   0.000   0.002
B F  4E6FA                163    0.075  14.997   0.000   0.995   0.000   0.005
E M  4E6FA                164    0.421  84.170   0.000   0.991   0.000   0.009
E D  4E6FA                165    0.379  54.665   0.000   0.980   0.000   0.020
B V  4E6FA                166    0.022   3.420   0.000   0.996   0.000   0.004
B A  4E6FA                167    0.133  14.701   0.000   0.998   0.000   0.002
E V  4E6FA                168    0.599  92.142   0.000   0.989   0.000   0.010
B A  4E6FA                169    0.221  24.366   0.000   0.966   0.000   0.034
B F  4E6FA                170    0.139  27.861   0.000   0.490   0.001   0.509
E G  4E6FA                171    0.641  50.428   0.000   0.041   0.001   0.957
E A  4E6FA                172    0.268  29.537   0.000   0.004   0.002   0.994
E P  4E6FA                173    0.612  86.825   0.000   0.018   0.005   0.977
E D  4E6FA                174    0.719 103.631   0.000   0.030   0.009   0.962
E T  4E6FA                175    0.522  72.398   0.000   0.038   0.012   0.950
E R  4E6FA                176    0.612 140.038   0.000   0.008   0.011   0.981
E P  4E6FA                177    0.595  84.443   0.000   0.019   0.012   0.969
E K  4E6FA                178    0.672 138.183   0.000   0.027   0.014   0.959
E T  4E6FA                179    0.739 102.431   0.000   0.028   0.013   0.959
E E  4E6FA                180    0.721 125.969   0.000   0.024   0.006   0.970
E K  4E6FA                181    0.865 178.025   0.000   0.000   0.000   1.000
