# For publication of results, please cite:
# ...
# ... Michael Schantz Klausen, Martin Closter Jespersen, Henrik Nielsen, Kamilla Kjærgaard Jensen, 
# ... Vanessa Isabell Jurtz, Casper Kaae Sønderby, Morten Otto Alexander Sommer, Ole Winther, 
# ... Morten Nielsen, Bent Petersen, and Paolo Marcatili. 
# ... NetSurfP-2.0: Improved prediction of protein structural features by integrated deep learning.
# ... Proteins: Structure, Function, and Bioinformatics (Feb. 2019).
# ... https://doi.org/10.1002/prot.25674
# ...
#
# Column 1: Class assignment - B for buried or E for Exposed - Threshold: 25% exposure, but not based on RSA
# Column 2: Amino acid
# Column 3: Sequence name
# Column 4: Amino acid number
# Column 5: Relative Surface Accessibility - RSA
# Column 6: Absolute Surface Accessibility
# Column 7: Not used
# Column 8: Probability for Alpha-Helix
# Column 9: Probability for Beta-strand
# Column 10: Probability for Coil
E M  2YZOA                  1    0.637 127.416   0.000   0.001   0.030   0.969
B V  2YZOA                  2    0.136  20.865   0.000   0.000   0.665   0.335
E D  2YZOA                  3    0.341  49.128   0.000   0.001   0.913   0.086
B V  2YZOA                  4    0.088  13.484   0.000   0.001   0.966   0.033
B V  2YZOA                  5    0.142  21.788   0.000   0.000   0.958   0.041
B M  2YZOA                  6    0.144  28.796   0.000   0.001   0.728   0.271
B A  2YZOA                  7    0.169  18.633   0.000   0.001   0.252   0.746
E P  2YZOA                  8    0.323  45.868   0.000   0.006   0.107   0.888
E C  2YZOA                  9    0.457  64.176   0.000   0.003   0.015   0.982
E S  2YZOA                 10    0.374  43.775   0.000   0.007   0.025   0.968
E P  2YZOA                 11    0.559  79.305   0.000   0.078   0.010   0.911
E V  2YZOA                 12    0.383  58.820   0.000   0.070   0.024   0.905
E E  2YZOA                 13    0.734 128.279   0.000   0.073   0.031   0.896
B C  2YZOA                 14    0.164  22.981   0.000   0.018   0.121   0.861
E R  2YZOA                 15    0.495 113.388   0.000   0.008   0.177   0.815
B T  2YZOA                 16    0.055   7.628   0.000   0.001   0.880   0.119
B A  2YZOA                 17    0.012   1.318   0.000   0.000   0.994   0.006
B V  2YZOA                 18    0.009   1.321   0.000   0.000   0.999   0.000
B V  2YZOA                 19    0.006   0.922   0.000   0.000   1.000   0.000
B I  2YZOA                 20    0.013   2.355   0.000   0.000   0.995   0.005
B D  2YZOA                 21    0.086  12.439   0.000   0.000   0.855   0.144
B V  2YZOA                 22    0.092  14.131   0.000   0.007   0.228   0.765
E L  2YZOA                 23    0.272  49.827   0.000   0.024   0.076   0.900
E R  2YZOA                 24    0.403  92.244   0.000   0.034   0.022   0.943
B A  2YZOA                 25    0.042   4.577   0.000   0.732   0.001   0.267
B T  2YZOA                 26    0.170  23.587   0.000   0.928   0.000   0.071
E S  2YZOA                 27    0.298  34.943   0.000   0.977   0.000   0.023
B T  2YZOA                 28    0.030   4.191   0.000   0.995   0.000   0.005
B I  2YZOA                 29    0.007   1.364   0.000   0.999   0.000   0.001
B V  2YZOA                 30    0.063   9.678   0.000   0.999   0.000   0.001
B T  2YZOA                 31    0.090  12.454   0.000   0.999   0.000   0.001
B A  2YZOA                 32    0.003   0.351   0.000   0.999   0.000   0.001
B L  2YZOA                 33    0.046   8.440   0.000   0.996   0.000   0.004
E S  2YZOA                 34    0.363  42.531   0.000   0.900   0.000   0.100
E N  2YZOA                 35    0.328  47.978   0.000   0.076   0.000   0.924
E G  2YZOA                 36    0.354  27.890   0.000   0.002   0.000   0.998
B A  2YZOA                 37    0.034   3.785   0.000   0.000   0.021   0.979
E S  2YZOA                 38    0.460  53.912   0.000   0.000   0.036   0.964
B G  2YZOA                 39    0.075   5.888   0.000   0.000   0.959   0.041
B V  2YZOA                 40    0.034   5.269   0.000   0.000   0.999   0.001
B I  2YZOA                 41    0.076  14.143   0.000   0.000   0.997   0.003
B P  2YZOA                 42    0.067   9.507   0.000   0.000   0.987   0.013
B V  2YZOA                 43    0.023   3.495   0.000   0.000   0.824   0.176
E K  2YZOA                 44    0.565 116.269   0.000   0.000   0.004   0.996
E T  2YZOA                 45    0.366  50.758   0.000   0.001   0.007   0.992
B I  2YZOA                 46    0.184  34.116   0.000   0.985   0.000   0.014
E E  2YZOA                 47    0.695 121.374   0.000   0.991   0.000   0.009
E E  2YZOA                 48    0.413  72.128   0.000   0.988   0.000   0.012
B A  2YZOA                 49    0.007   0.748   0.000   0.991   0.000   0.009
E L  2YZOA                 50    0.271  49.681   0.000   0.934   0.001   0.065
E E  2YZOA                 51    0.704 123.057   0.000   0.816   0.001   0.183
E K  2YZOA                 52    0.369  75.833   0.000   0.617   0.001   0.382
E K  2YZOA                 53    0.382  78.521   0.000   0.479   0.006   0.515
E K  2YZOA                 54    0.642 132.050   0.000   0.297   0.008   0.695
E E  2YZOA                 55    0.711 124.180   0.000   0.112   0.004   0.884
E G  2YZOA                 56    0.410  32.269   0.000   0.007   0.006   0.987
B V  2YZOA                 57    0.073  11.223   0.000   0.003   0.269   0.728
B L  2YZOA                 58    0.059  10.734   0.000   0.001   0.924   0.075
B I  2YZOA                 59    0.038   7.015   0.000   0.001   0.956   0.044
B C  2YZOA                 60    0.022   3.056   0.000   0.001   0.912   0.087
B G  2YZOA                 61    0.049   3.879   0.000   0.003   0.692   0.305
B E  2YZOA                 62    0.217  37.982   0.000   0.007   0.307   0.686
E R  2YZOA                 63    0.449 102.713   0.000   0.025   0.094   0.881
E N  2YZOA                 64    0.743 108.730   0.000   0.018   0.008   0.973
B A  2YZOA                 65    0.133  14.624   0.000   0.031   0.046   0.923
E Q  2YZOA                 66    0.631 112.652   0.000   0.003   0.228   0.769
E K  2YZOA                 67    0.475  97.624   0.000   0.001   0.024   0.975
B P  2YZOA                 68    0.170  24.152   0.000   0.002   0.005   0.993
E K  2YZOA                 69    0.900 185.163   0.000   0.008   0.008   0.984
E G  2YZOA                 70    0.748  58.902   0.000   0.004   0.003   0.993
B F  2YZOA                 71    0.225  45.198   0.000   0.010   0.092   0.899
E N  2YZOA                 72    0.489  71.536   0.000   0.004   0.143   0.853
B L  2YZOA                 73    0.181  33.158   0.000   0.012   0.104   0.884
E G  2YZOA                 74    0.273  21.456   0.000   0.010   0.049   0.941
B N  2YZOA                 75    0.203  29.741   0.000   0.023   0.066   0.911
B S  2YZOA                 76    0.145  17.041   0.000   0.011   0.009   0.979
B P  2YZOA                 77    0.095  13.452   0.000   0.927   0.001   0.072
E L  2YZOA                 78    0.336  61.558   0.000   0.942   0.001   0.057
E E  2YZOA                 79    0.431  75.258   0.000   0.951   0.002   0.048
B Y  2YZOA                 80    0.071  15.116   0.000   0.903   0.002   0.095
E R  2YZOA                 81    0.439 100.457   0.000   0.570   0.010   0.419
E K  2YZOA                 82    0.716 147.217   0.000   0.436   0.004   0.560
E E  2YZOA                 83    0.517  90.376   0.000   0.176   0.004   0.820
E K  2YZOA                 84    0.658 135.303   0.000   0.153   0.030   0.817
B I  2YZOA                 85    0.036   6.579   0.000   0.132   0.011   0.857
E S  2YZOA                 86    0.638  74.749   0.000   0.000   0.003   0.996
E G  2YZOA                 87    0.754  59.365   0.000   0.001   0.001   0.998
E K  2YZOA                 88    0.339  69.715   0.000   0.000   0.027   0.973
B T  2YZOA                 89    0.217  30.124   0.000   0.000   0.924   0.076
B I  2YZOA                 90    0.010   1.835   0.000   0.000   0.997   0.003
B V  2YZOA                 91    0.017   2.649   0.000   0.000   0.999   0.001
B L  2YZOA                 92    0.021   3.777   0.000   0.000   0.974   0.026
B T  2YZOA                 93    0.076  10.572   0.000   0.000   0.704   0.296
B T  2YZOA                 94    0.064   8.931   0.000   0.001   0.238   0.761
E T  2YZOA                 95    0.320  44.437   0.000   0.366   0.004   0.630
B N  2YZOA                 96    0.217  31.834   0.000   0.437   0.001   0.562
B G  2YZOA                 97    0.016   1.282   0.000   0.855   0.000   0.145
B T  2YZOA                 98    0.110  15.221   0.000   0.981   0.000   0.019
E Q  2YZOA                 99    0.377  67.350   0.000   0.991   0.000   0.008
B V  2YZOA                100    0.010   1.486   0.000   0.995   0.000   0.005
B I  2YZOA                101    0.015   2.850   0.000   0.993   0.000   0.007
E E  2YZOA                102    0.539  94.115   0.000   0.938   0.000   0.062
E K  2YZOA                103    0.448  92.175   0.000   0.853   0.000   0.147
B I  2YZOA                104    0.078  14.357   0.000   0.238   0.002   0.760
E R  2YZOA                105    0.741 169.653   0.000   0.019   0.004   0.978
B S  2YZOA                106    0.115  13.422   0.000   0.002   0.013   0.985
E E  2YZOA                107    0.714 124.697   0.000   0.002   0.013   0.985
E E  2YZOA                108    0.312  54.453   0.000   0.000   0.901   0.099
B I  2YZOA                109    0.017   3.069   0.000   0.000   0.997   0.002
B I  2YZOA                110    0.015   2.807   0.000   0.000   1.000   0.000
B A  2YZOA                111    0.005   0.536   0.000   0.000   0.997   0.003
B A  2YZOA                112    0.024   2.623   0.000   0.001   0.850   0.149
B S  2YZOA                113    0.057   6.641   0.000   0.001   0.642   0.357
B F  2YZOA                114    0.120  24.129   0.000   0.074   0.204   0.721
E L  2YZOA                115    0.279  51.009   0.000   0.062   0.012   0.926
B N  2YZOA                116    0.217  31.711   0.000   0.086   0.022   0.893
B L  2YZOA                117    0.053   9.652   0.000   0.970   0.000   0.030
E S  2YZOA                118    0.341  40.005   0.000   0.991   0.000   0.009
B A  2YZOA                119    0.118  12.987   0.000   0.997   0.000   0.003
B V  2YZOA                120    0.007   1.065   0.000   0.996   0.000   0.004
B V  2YZOA                121    0.021   3.268   0.000   0.995   0.000   0.005
E E  2YZOA                122    0.564  98.610   0.000   0.988   0.000   0.012
E Y  2YZOA                123    0.275  58.782   0.000   0.984   0.000   0.016
B L  2YZOA                124    0.014   2.545   0.000   0.901   0.001   0.099
E K  2YZOA                125    0.485  99.757   0.000   0.489   0.001   0.510
E S  2YZOA                126    0.731  85.656   0.000   0.287   0.000   0.713
E K  2YZOA                127    0.406  83.465   0.000   0.054   0.001   0.945
E E  2YZOA                128    0.687 119.988   0.000   0.002   0.002   0.996
E D  2YZOA                129    0.349  50.328   0.000   0.001   0.260   0.739
B I  2YZOA                130    0.012   2.234   0.000   0.000   0.973   0.027
B L  2YZOA                131    0.035   6.487   0.000   0.000   0.999   0.001
B L  2YZOA                132    0.005   0.857   0.000   0.000   1.000   0.000
B V  2YZOA                133    0.008   1.181   0.000   0.000   0.996   0.004
B C  2YZOA                134    0.012   1.682   0.000   0.000   0.765   0.235
B A  2YZOA                135    0.041   4.463   0.000   0.000   0.079   0.921
B G  2YZOA                136    0.121   9.556   0.000   0.002   0.133   0.865
E T  2YZOA                137    0.401  55.558   0.000   0.030   0.452   0.517
E N  2YZOA                138    0.761 111.382   0.000   0.026   0.005   0.969
E G  2YZOA                139    0.458  36.020   0.000   0.019   0.005   0.977
E R  2YZOA                140    0.581 132.977   0.000   0.003   0.185   0.812
B F  2YZOA                141    0.247  49.497   0.000   0.001   0.401   0.598
B S  2YZOA                142    0.140  16.467   0.000   0.002   0.039   0.959
E L  2YZOA                143    0.300  55.020   0.000   0.983   0.000   0.016
B E  2YZOA                144    0.165  28.803   0.000   0.996   0.000   0.004
B D  2YZOA                145    0.029   4.142   0.000   0.999   0.000   0.001
B F  2YZOA                146    0.196  39.433   0.000   0.999   0.000   0.001
B L  2YZOA                147    0.218  39.970   0.000   0.998   0.000   0.002
B L  2YZOA                148    0.013   2.342   0.000   0.997   0.000   0.003
B A  2YZOA                149    0.012   1.283   0.000   0.999   0.000   0.001
B G  2YZOA                150    0.186  14.614   0.000   1.000   0.000   0.000
B A  2YZOA                151    0.092  10.085   0.000   1.000   0.000   0.000
B I  2YZOA                152    0.008   1.388   0.000   0.999   0.000   0.001
B V  2YZOA                153    0.067  10.294   0.000   1.000   0.000   0.000
E K  2YZOA                154    0.472  97.042   0.000   0.998   0.000   0.002
E R  2YZOA                155    0.264  60.352   0.000   0.986   0.000   0.014
B L  2YZOA                156    0.042   7.759   0.000   0.872   0.001   0.127
E K  2YZOA                157    0.519 106.687   0.000   0.662   0.004   0.334
E R  2YZOA                158    0.699 160.093   0.000   0.479   0.001   0.520
E N  2YZOA                159    0.527  77.214   0.000   0.118   0.001   0.880
E D  2YZOA                160    0.839 120.867   0.000   0.015   0.004   0.980
B L  2YZOA                161    0.151  27.655   0.000   0.004   0.020   0.976
E G  2YZOA                162    0.269  21.193   0.000   0.010   0.006   0.984
E D  2YZOA                163    0.462  66.552   0.000   0.944   0.000   0.056
B G  2YZOA                164    0.100   7.863   0.000   0.974   0.000   0.026
B A  2YZOA                165    0.027   3.010   0.000   0.992   0.000   0.008
E H  2YZOA                166    0.345  62.768   0.000   0.992   0.001   0.008
B A  2YZOA                167    0.116  12.837   0.000   0.994   0.000   0.006
B A  2YZOA                168    0.026   2.837   0.000   0.992   0.000   0.008
E E  2YZOA                169    0.253  44.237   0.000   0.991   0.000   0.009
E R  2YZOA                170    0.479 109.597   0.000   0.979   0.000   0.020
B Y  2YZOA                171    0.215  45.957   0.000   0.968   0.000   0.032
B F  2YZOA                172    0.109  21.832   0.000   0.932   0.001   0.067
E E  2YZOA                173    0.582 101.721   0.000   0.829   0.001   0.171
E S  2YZOA                174    0.585  68.528   0.000   0.630   0.000   0.370
B V  2YZOA                175    0.203  31.177   0.000   0.204   0.003   0.793
E E  2YZOA                176    0.695 121.453   0.000   0.172   0.004   0.824
E N  2YZOA                177    0.611  89.405   0.000   0.162   0.003   0.835
E T  2YZOA                178    0.298  41.399   0.000   0.470   0.003   0.527
E R  2YZOA                179    0.371  84.850   0.000   0.821   0.002   0.178
E E  2YZOA                180    0.552  96.479   0.000   0.901   0.001   0.098
E E  2YZOA                181    0.487  85.163   0.000   0.904   0.002   0.094
B I  2YZOA                182    0.064  11.810   0.000   0.946   0.001   0.053
E K  2YZOA                183    0.313  64.428   0.000   0.892   0.002   0.106
E K  2YZOA                184    0.566 116.416   0.000   0.726   0.001   0.273
E H  2YZOA                185    0.619 112.666   0.000   0.475   0.000   0.524
B S  2YZOA                186    0.053   6.228   0.000   0.009   0.011   0.980
E S  2YZOA                187    0.479  56.084   0.000   0.943   0.001   0.057
B H  2YZOA                188    0.128  23.227   0.000   0.971   0.000   0.029
B A  2YZOA                189    0.023   2.494   0.000   0.993   0.000   0.007
E K  2YZOA                190    0.554 114.004   0.000   0.996   0.000   0.004
E R  2YZOA                191    0.467 106.857   0.000   0.993   0.000   0.006
B L  2YZOA                192    0.019   3.405   0.000   0.988   0.000   0.012
E I  2YZOA                193    0.308  56.900   0.000   0.983   0.000   0.017
E S  2YZOA                194    0.789  92.491   0.000   0.882   0.000   0.118
E L  2YZOA                195    0.365  66.778   0.000   0.319   0.000   0.681
E G  2YZOA                196    0.562  44.226   0.000   0.009   0.000   0.991
B F  2YZOA                197    0.163  32.664   0.000   0.090   0.002   0.908
E E  2YZOA                198    0.576 100.569   0.000   0.933   0.001   0.066
E N  2YZOA                199    0.615  90.070   0.000   0.957   0.000   0.043
B D  2YZOA                200    0.067   9.609   0.000   0.986   0.000   0.014
B I  2YZOA                201    0.045   8.331   0.000   0.986   0.002   0.012
E E  2YZOA                202    0.516  90.139   0.000   0.993   0.001   0.006
B F  2YZOA                203    0.187  37.624   0.000   0.989   0.002   0.009
B C  2YZOA                204    0.009   1.226   0.000   0.977   0.001   0.022
B T  2YZOA                205    0.104  14.406   0.000   0.627   0.008   0.365
E T  2YZOA                206    0.482  66.912   0.000   0.361   0.009   0.630
E E  2YZOA                207    0.458  80.099   0.000   0.178   0.018   0.804
E D  2YZOA                208    0.461  66.409   0.000   0.018   0.008   0.974
E L  2YZOA                209    0.305  55.821   0.000   0.031   0.026   0.943
B F  2YZOA                210    0.123  24.652   0.000   0.031   0.038   0.930
E K  2YZOA                211    0.571 117.405   0.000   0.061   0.026   0.913
B T  2YZOA                212    0.101  13.953   0.000   0.029   0.259   0.712
B V  2YZOA                213    0.037   5.700   0.000   0.002   0.545   0.453
B P  2YZOA                214    0.037   5.207   0.000   0.001   0.713   0.286
B A  2YZOA                215    0.129  14.253   0.000   0.000   0.997   0.003
B L  2YZOA                216    0.116  21.258   0.000   0.000   0.998   0.002
E V  2YZOA                217    0.321  49.373   0.000   0.000   0.992   0.007
E N  2YZOA                218    0.893 130.804   0.000   0.002   0.001   0.997
E G  2YZOA                219    0.344  27.063   0.000   0.006   0.002   0.993
E V  2YZOA                220    0.365  56.110   0.000   0.000   0.982   0.018
B F  2YZOA                221    0.105  21.037   0.000   0.000   0.995   0.005
E I  2YZOA                222    0.274  50.672   0.000   0.000   0.982   0.018
E L  2YZOA                223    0.322  58.881   0.000   0.002   0.939   0.059
E K  2YZOA                224    0.465  95.665   0.000   0.021   0.448   0.531
E E  2YZOA                225    0.749 130.811   0.000   0.007   0.360   0.634
E F  2YZOA                226    0.358  71.921   0.000   0.000   0.070   0.930
E P  2YZOA                227    0.851 120.810   0.000   0.000   0.000   1.000
