# For publication of results, please cite:
# ...
# ... Michael Schantz Klausen, Martin Closter Jespersen, Henrik Nielsen, Kamilla Kjærgaard Jensen, 
# ... Vanessa Isabell Jurtz, Casper Kaae Sønderby, Morten Otto Alexander Sommer, Ole Winther, 
# ... Morten Nielsen, Bent Petersen, and Paolo Marcatili. 
# ... NetSurfP-2.0: Improved prediction of protein structural features by integrated deep learning.
# ... Proteins: Structure, Function, and Bioinformatics (Feb. 2019).
# ... https://doi.org/10.1002/prot.25674
# ...
#
# Column 1: Class assignment - B for buried or E for Exposed - Threshold: 25% exposure, but not based on RSA
# Column 2: Amino acid
# Column 3: Sequence name
# Column 4: Amino acid number
# Column 5: Relative Surface Accessibility - RSA
# Column 6: Absolute Surface Accessibility
# Column 7: Not used
# Column 8: Probability for Alpha-Helix
# Column 9: Probability for Beta-strand
# Column 10: Probability for Coil
E T  4AU0B                  1    0.886 122.921   0.000   0.001   0.008   0.992
E A  4AU0B                  2    0.348  38.298   0.000   0.023   0.081   0.896
E T  4AU0B                  3    0.606  84.065   0.000   0.031   0.108   0.861
E Y  4AU0B                  4    0.401  85.705   0.000   0.112   0.139   0.749
E S  4AU0B                  5    0.739  86.591   0.000   0.089   0.077   0.835
E G  4AU0B                  6    0.699  55.013   0.000   0.028   0.015   0.957
B N  4AU0B                  7    0.161  23.560   0.000   0.003   0.051   0.946
B P  4AU0B                  8    0.216  30.616   0.000   0.112   0.003   0.885
B F  4AU0B                  9    0.042   8.449   0.000   0.084   0.005   0.911
E V  4AU0B                 10    0.474  72.905   0.000   0.011   0.011   0.978
E G  4AU0B                 11    0.742  58.425   0.000   0.006   0.006   0.989
B V  4AU0B                 12    0.218  33.559   0.000   0.002   0.038   0.960
E T  4AU0B                 13    0.486  67.391   0.000   0.002   0.245   0.753
B P  4AU0B                 14    0.123  17.491   0.000   0.002   0.264   0.735
B W  4AU0B                 15    0.202  48.513   0.000   0.005   0.471   0.524
B A  4AU0B                 16    0.090   9.909   0.000   0.002   0.562   0.435
B N  4AU0B                 17    0.114  16.760   0.000   0.002   0.009   0.989
E A  4AU0B                 18    0.496  54.686   0.000   0.651   0.003   0.346
E Y  4AU0B                 19    0.481 102.797   0.000   0.764   0.002   0.234
B Y  4AU0B                 20    0.060  12.878   0.000   0.870   0.004   0.126
B A  4AU0B                 21    0.090   9.882   0.000   0.984   0.001   0.015
E S  4AU0B                 22    0.593  69.468   0.000   0.988   0.000   0.012
E E  4AU0B                 23    0.439  76.743   0.000   0.984   0.001   0.015
B V  4AU0B                 24    0.021   3.166   0.000   0.983   0.001   0.017
E S  4AU0B                 25    0.312  36.516   0.000   0.963   0.001   0.036
E S  4AU0B                 26    0.703  82.419   0.000   0.868   0.001   0.131
E L  4AU0B                 27    0.317  58.107   0.000   0.751   0.004   0.245
B A  4AU0B                 28    0.193  21.256   0.000   0.555   0.020   0.425
E I  4AU0B                 29    0.252  46.550   0.000   0.569   0.023   0.407
E P  4AU0B                 30    0.536  76.043   0.000   0.584   0.014   0.402
E S  4AU0B                 31    0.559  65.521   0.000   0.496   0.048   0.455
B L  4AU0B                 32    0.202  36.967   0.000   0.096   0.047   0.857
E T  4AU0B                 33    0.671  93.000   0.000   0.040   0.009   0.951
E G  4AU0B                 34    0.679  53.459   0.000   0.695   0.002   0.302
E A  4AU0B                 35    0.542  59.756   0.000   0.911   0.001   0.088
B M  4AU0B                 36    0.100  19.962   0.000   0.953   0.001   0.046
E A  4AU0B                 37    0.271  29.873   0.000   0.991   0.000   0.009
E T  4AU0B                 38    0.623  86.458   0.000   0.992   0.000   0.008
B A  4AU0B                 39    0.167  18.386   0.000   0.993   0.000   0.006
B A  4AU0B                 40    0.040   4.413   0.000   0.993   0.000   0.007
E A  4AU0B                 41    0.326  35.887   0.000   0.992   0.000   0.008
E A  4AU0B                 42    0.338  37.242   0.000   0.983   0.000   0.017
B V  4AU0B                 43    0.023   3.521   0.000   0.970   0.000   0.029
B A  4AU0B                 44    0.093  10.226   0.000   0.780   0.001   0.219
E K  4AU0B                 45    0.662 136.155   0.000   0.309   0.001   0.690
B V  4AU0B                 46    0.187  28.745   0.000   0.003   0.002   0.996
B P  4AU0B                 47    0.147  20.879   0.000   0.000   0.016   0.984
B S  4AU0B                 48    0.143  16.705   0.000   0.000   0.879   0.121
B F  4AU0B                 49    0.043   8.580   0.000   0.000   0.954   0.046
B M  4AU0B                 50    0.135  27.001   0.000   0.000   0.990   0.010
B W  4AU0B                 51    0.093  22.330   0.000   0.001   0.956   0.043
B L  4AU0B                 52    0.016   2.888   0.000   0.045   0.394   0.560
B D  4AU0B                 53    0.235  33.890   0.000   0.053   0.074   0.873
E T  4AU0B                 54    0.313  43.381   0.000   0.049   0.053   0.898
B L  4AU0B                 55    0.164  29.991   0.000   0.571   0.010   0.419
E D  4AU0B                 56    0.714 102.900   0.000   0.529   0.003   0.469
E K  4AU0B                 57    0.517 106.422   0.000   0.572   0.006   0.422
B T  4AU0B                 58    0.133  18.414   0.000   0.195   0.005   0.801
E P  4AU0B                 59    0.552  78.302   0.000   0.766   0.002   0.232
B L  4AU0B                 60    0.167  30.658   0.000   0.891   0.003   0.105
B M  4AU0B                 61    0.028   5.622   0.000   0.991   0.000   0.008
E E  4AU0B                 62    0.551  96.322   0.000   0.998   0.000   0.002
E Q  4AU0B                 63    0.509  90.850   0.000   0.997   0.000   0.003
B T  4AU0B                 64    0.012   1.625   0.000   0.998   0.000   0.002
B L  4AU0B                 65    0.091  16.693   0.000   0.999   0.000   0.001
E A  4AU0B                 66    0.411  45.252   0.000   0.999   0.000   0.001
B D  4AU0B                 67    0.178  25.659   0.000   0.998   0.000   0.002
B I  4AU0B                 68    0.007   1.351   0.000   0.999   0.000   0.001
E R  4AU0B                 69    0.408  93.524   0.000   0.998   0.000   0.002
E T  4AU0B                 70    0.362  50.190   0.000   0.995   0.000   0.005
B A  4AU0B                 71    0.042   4.667   0.000   0.994   0.000   0.006
E N  4AU0B                 72    0.282  41.272   0.000   0.985   0.000   0.014
E K  4AU0B                 73    0.773 159.047   0.000   0.958   0.000   0.041
E N  4AU0B                 74    0.712 104.256   0.000   0.248   0.000   0.752
E G  4AU0B                 75    0.713  56.135   0.000   0.015   0.000   0.985
E G  4AU0B                 76    0.315  24.765   0.000   0.018   0.004   0.978
E N  4AU0B                 77    0.563  82.484   0.000   0.007   0.021   0.972
B Y  4AU0B                 78    0.200  42.693   0.000   0.005   0.437   0.558
B A  4AU0B                 79    0.047   5.134   0.000   0.002   0.803   0.195
B G  4AU0B                 80    0.012   0.930   0.000   0.000   0.838   0.161
B Q  4AU0B                 81    0.029   5.217   0.000   0.000   0.989   0.011
B F  4AU0B                 82    0.002   0.451   0.000   0.000   0.999   0.001
B V  4AU0B                 83    0.002   0.339   0.000   0.000   0.999   0.001
B V  4AU0B                 84    0.001   0.158   0.000   0.000   0.991   0.009
B Y  4AU0B                 85    0.026   5.649   0.000   0.000   0.809   0.191
B D  4AU0B                 86    0.062   8.870   0.000   0.000   0.069   0.931
B L  4AU0B                 87    0.006   1.171   0.000   0.002   0.061   0.937
B P  4AU0B                 88    0.045   6.402   0.000   0.012   0.008   0.980
B D  4AU0B                 89    0.166  23.906   0.000   0.046   0.002   0.951
B R  4AU0B                 90    0.101  23.150   0.000   0.162   0.059   0.779
B D  4AU0B                 91    0.091  13.152   0.000   0.182   0.026   0.792
B C  4AU0B                 92    0.049   6.883   0.000   0.520   0.012   0.468
B A  4AU0B                 93    0.055   6.056   0.000   0.684   0.005   0.312
B A  4AU0B                 94    0.112  12.344   0.000   0.740   0.004   0.256
B L  4AU0B                 95    0.189  34.629   0.000   0.757   0.008   0.235
B A  4AU0B                 96    0.074   8.157   0.000   0.596   0.022   0.382
B S  4AU0B                 97    0.111  13.011   0.000   0.383   0.037   0.580
B N  4AU0B                 98    0.235  34.457   0.000   0.183   0.008   0.809
B G  4AU0B                 99    0.240  18.850   0.000   0.078   0.010   0.912
B E  4AU0B                100    0.227  39.672   0.000   0.053   0.044   0.903
B Y  4AU0B                101    0.167  35.668   0.000   0.068   0.104   0.828
B S  4AU0B                102    0.180  21.130   0.000   0.041   0.101   0.858
B I  4AU0B                103    0.182  33.729   0.000   0.367   0.026   0.607
E A  4AU0B                104    0.444  48.929   0.000   0.414   0.027   0.559
E D  4AU0B                105    0.674  97.152   0.000   0.304   0.013   0.683
E G  4AU0B                106    0.401  31.579   0.000   0.074   0.009   0.917
B G  4AU0B                107    0.109   8.578   0.000   0.530   0.017   0.453
B V  4AU0B                108    0.112  17.157   0.000   0.958   0.003   0.039
E A  4AU0B                109    0.521  57.385   0.000   0.969   0.002   0.029
E K  4AU0B                110    0.354  72.888   0.000   0.967   0.001   0.032
B Y  4AU0B                111    0.022   4.738   0.000   0.983   0.001   0.016
E K  4AU0B                112    0.399  82.154   0.000   0.985   0.001   0.014
E N  4AU0B                113    0.490  71.714   0.000   0.978   0.000   0.022
B Y  4AU0B                114    0.025   5.441   0.000   0.983   0.001   0.017
B I  4AU0B                115    0.025   4.657   0.000   0.994   0.000   0.005
E D  4AU0B                116    0.467  67.263   0.000   0.998   0.000   0.002
B T  4AU0B                117    0.172  23.913   0.000   0.998   0.000   0.002
B I  4AU0B                118    0.002   0.329   0.000   0.999   0.000   0.001
E R  4AU0B                119    0.283  64.714   0.000   0.999   0.000   0.001
E Q  4AU0B                120    0.597 106.658   0.000   0.997   0.000   0.003
B I  4AU0B                121    0.067  12.357   0.000   0.996   0.000   0.004
B V  4AU0B                122    0.011   1.750   0.000   0.984   0.000   0.016
E V  4AU0B                123    0.446  68.506   0.000   0.903   0.001   0.095
E E  4AU0B                124    0.598 104.541   0.000   0.710   0.001   0.289
B Y  4AU0B                125    0.086  18.460   0.000   0.397   0.003   0.600
E S  4AU0B                126    0.359  42.045   0.000   0.017   0.005   0.978
E D  4AU0B                127    0.827 119.228   0.000   0.013   0.001   0.986
B I  4AU0B                128    0.086  15.981   0.000   0.002   0.008   0.990
E R  4AU0B                129    0.334  76.431   0.000   0.001   0.518   0.480
B T  4AU0B                130    0.005   0.756   0.000   0.000   0.985   0.015
B L  4AU0B                131    0.005   0.920   0.000   0.000   0.999   0.001
B L  4AU0B                132    0.002   0.443   0.000   0.000   1.000   0.000
B V  4AU0B                133    0.002   0.267   0.000   0.000   0.999   0.001
B I  4AU0B                134    0.001   0.273   0.000   0.000   0.989   0.011
B E  4AU0B                135    0.012   2.093   0.000   0.000   0.421   0.578
B P  4AU0B                136    0.006   0.818   0.000   0.271   0.192   0.537
B A  4AU0B                137    0.029   3.197   0.000   0.173   0.017   0.809
B S  4AU0B                138    0.011   1.281   0.000   0.244   0.024   0.733
B L  4AU0B                139    0.006   1.111   0.000   0.722   0.005   0.273
B A  4AU0B                140    0.006   0.635   0.000   0.766   0.004   0.231
B N  4AU0B                141    0.036   5.342   0.000   0.598   0.027   0.375
B L  4AU0B                142    0.018   3.305   0.000   0.428   0.052   0.520
B V  4AU0B                143    0.034   5.297   0.000   0.279   0.129   0.592
B T  4AU0B                144    0.129  17.922   0.000   0.193   0.172   0.635
B N  4AU0B                145    0.161  23.591   0.000   0.066   0.089   0.846
B L  4AU0B                146    0.203  37.162   0.000   0.035   0.034   0.931
E G  4AU0B                147    0.500  39.330   0.000   0.011   0.005   0.984
B T  4AU0B                148    0.204  28.268   0.000   0.018   0.026   0.956
E P  4AU0B                149    0.633  89.887   0.000   0.623   0.009   0.367
E K  4AU0B                150    0.511 105.038   0.000   0.557   0.016   0.427
B C  4AU0B                151    0.085  11.926   0.000   0.558   0.029   0.414
E A  4AU0B                152    0.481  52.993   0.000   0.555   0.013   0.432
E N  4AU0B                153    0.672  98.346   0.000   0.446   0.006   0.548
B A  4AU0B                154    0.065   7.109   0.000   0.532   0.001   0.467
E Q  4AU0B                155    0.348  62.065   0.000   0.924   0.002   0.075
E S  4AU0B                156    0.528  61.868   0.000   0.975   0.001   0.025
B A  4AU0B                157    0.131  14.460   0.000   0.993   0.000   0.007
B Y  4AU0B                158    0.015   3.130   0.000   0.998   0.000   0.002
B L  4AU0B                159    0.120  22.040   0.000   1.000   0.000   0.000
E E  4AU0B                160    0.444  77.500   0.000   1.000   0.000   0.000
B C  4AU0B                161    0.005   0.766   0.000   1.000   0.000   0.000
B I  4AU0B                162    0.002   0.356   0.000   1.000   0.000   0.000
E N  4AU0B                163    0.294  42.983   0.000   1.000   0.000   0.000
B Y  4AU0B                164    0.174  37.107   0.000   1.000   0.000   0.000
B A  4AU0B                165    0.001   0.111   0.000   1.000   0.000   0.000
B V  4AU0B                166    0.019   2.856   0.000   0.999   0.000   0.001
E T  4AU0B                167    0.590  81.772   0.000   0.995   0.000   0.005
E Q  4AU0B                168    0.358  63.921   0.000   0.962   0.000   0.038
B L  4AU0B                169    0.027   4.889   0.000   0.421   0.001   0.578
E N  4AU0B                170    0.759 111.117   0.000   0.022   0.001   0.976
B L  4AU0B                171    0.068  12.402   0.000   0.001   0.003   0.996
E P  4AU0B                172    0.571  80.986   0.000   0.001   0.002   0.996
E N  4AU0B                173    0.306  44.831   0.000   0.001   0.013   0.986
B V  4AU0B                174    0.011   1.709   0.000   0.000   0.745   0.255
B A  4AU0B                175    0.089   9.820   0.000   0.000   0.972   0.028
B M  4AU0B                176    0.007   1.371   0.000   0.000   0.996   0.004
B Y  4AU0B                177    0.018   3.926   0.000   0.000   0.998   0.002
B L  4AU0B                178    0.001   0.204   0.000   0.000   0.998   0.002
B D  4AU0B                179    0.012   1.788   0.000   0.000   0.984   0.016
B A  4AU0B                180    0.007   0.773   0.000   0.003   0.147   0.850
B G  4AU0B                181    0.024   1.855   0.000   0.012   0.053   0.936
B H  4AU0B                182    0.050   9.079   0.000   0.037   0.053   0.910
B A  4AU0B                183    0.028   3.137   0.000   0.503   0.010   0.487
B G  4AU0B                184    0.065   5.108   0.000   0.603   0.018   0.378
B W  4AU0B                185    0.081  19.410   0.000   0.528   0.031   0.441
B L  4AU0B                186    0.082  15.093   0.000   0.384   0.051   0.564
E G  4AU0B                187    0.281  22.080   0.000   0.039   0.024   0.937
B W  4AU0B                188    0.158  38.082   0.000   0.059   0.015   0.925
E P  4AU0B                189    0.378  53.575   0.000   0.664   0.002   0.334
E A  4AU0B                190    0.561  61.803   0.000   0.611   0.003   0.386
E N  4AU0B                191    0.355  51.989   0.000   0.455   0.005   0.540
B Q  4AU0B                192    0.226  40.416   0.000   0.479   0.005   0.516
E D  4AU0B                193    0.457  65.836   0.000   0.886   0.000   0.114
E P  4AU0B                194    0.327  46.448   0.000   0.987   0.000   0.013
B A  4AU0B                195    0.014   1.582   0.000   0.993   0.000   0.007
B A  4AU0B                196    0.011   1.166   0.000   0.998   0.000   0.002
E Q  4AU0B                197    0.466  83.265   0.000   0.998   0.000   0.002
B L  4AU0B                198    0.104  19.015   0.000   0.998   0.000   0.002
B F  4AU0B                199    0.005   0.981   0.000   0.996   0.000   0.003
B A  4AU0B                200    0.036   3.971   0.000   0.999   0.000   0.001
E N  4AU0B                201    0.451  66.066   0.000   0.997   0.000   0.003
B V  4AU0B                202    0.042   6.478   0.000   0.997   0.000   0.003
B Y  4AU0B                203    0.042   8.897   0.000   0.987   0.001   0.013
E K  4AU0B                204    0.496 102.112   0.000   0.889   0.001   0.110
E N  4AU0B                205    0.647  94.790   0.000   0.561   0.000   0.438
B A  4AU0B                206    0.115  12.718   0.000   0.126   0.003   0.871
E S  4AU0B                207    0.654  76.696   0.000   0.052   0.008   0.940
B S  4AU0B                208    0.239  28.017   0.000   0.050   0.003   0.947
B P  4AU0B                209    0.223  31.577   0.000   0.768   0.002   0.230
E R  4AU0B                210    0.536 122.689   0.000   0.770   0.004   0.226
B A  4AU0B                211    0.246  27.070   0.000   0.755   0.011   0.234
B L  4AU0B                212    0.024   4.309   0.000   0.010   0.229   0.761
E R  4AU0B                213    0.260  59.640   0.000   0.003   0.286   0.711
B G  4AU0B                214    0.011   0.853   0.000   0.000   0.985   0.015
B L  4AU0B                215    0.005   0.846   0.000   0.000   0.998   0.002
B A  4AU0B                216    0.002   0.268   0.000   0.000   0.998   0.002
B T  4AU0B                217    0.002   0.278   0.000   0.000   0.978   0.022
B N  4AU0B                218    0.015   2.246   0.000   0.001   0.762   0.237
B V  4AU0B                219    0.007   1.087   0.000   0.006   0.243   0.751
B A  4AU0B                220    0.027   2.961   0.000   0.025   0.075   0.900
B N  4AU0B                221    0.052   7.603   0.000   0.021   0.087   0.892
B Y  4AU0B                222    0.077  16.462   0.000   0.043   0.205   0.752
B N  4AU0B                223    0.144  21.124   0.000   0.043   0.159   0.798
B G  4AU0B                224    0.072   5.666   0.000   0.095   0.091   0.814
B W  4AU0B                225    0.203  48.711   0.000   0.077   0.084   0.839
E N  4AU0B                226    0.528  77.361   0.000   0.067   0.069   0.864
B I  4AU0B                227    0.205  37.848   0.000   0.033   0.065   0.902
E T  4AU0B                228    0.628  87.166   0.000   0.025   0.028   0.947
E S  4AU0B                229    0.457  53.506   0.000   0.003   0.015   0.982
E P  4AU0B                230    0.333  47.297   0.000   0.074   0.002   0.924
E P  4AU0B                231    0.464  65.787   0.000   0.367   0.004   0.629
E S  4AU0B                232    0.576  67.471   0.000   0.368   0.025   0.607
E Y  4AU0B                233    0.254  54.195   0.000   0.361   0.039   0.600
B T  4AU0B                234    0.234  32.421   0.000   0.208   0.074   0.718
E Q  4AU0B                235    0.553  98.773   0.000   0.182   0.029   0.788
E G  4AU0B                236    0.418  32.916   0.000   0.172   0.017   0.811
B N  4AU0B                237    0.122  17.790   0.000   0.133   0.059   0.809
E A  4AU0B                238    0.316  34.813   0.000   0.360   0.036   0.605
B V  4AU0B                239    0.158  24.293   0.000   0.308   0.057   0.635
B Y  4AU0B                240    0.099  21.191   0.000   0.380   0.095   0.525
B N  4AU0B                241    0.091  13.351   0.000   0.400   0.032   0.568
B E  4AU0B                242    0.027   4.778   0.000   0.915   0.004   0.082
E K  4AU0B                243    0.324  66.610   0.000   0.988   0.001   0.010
B L  4AU0B                244    0.150  27.435   0.000   0.997   0.000   0.003
B Y  4AU0B                245    0.010   2.153   0.000   0.998   0.000   0.001
B I  4AU0B                246    0.032   5.902   0.000   0.999   0.000   0.001
E H  4AU0B                247    0.518  94.150   0.000   0.997   0.000   0.003
B A  4AU0B                248    0.125  13.730   0.000   0.984   0.000   0.016
B I  4AU0B                249    0.004   0.723   0.000   0.942   0.000   0.058
B G  4AU0B                250    0.024   1.860   0.000   0.995   0.000   0.005
E P  4AU0B                251    0.380  53.975   0.000   0.997   0.000   0.003
B L  4AU0B                252    0.163  29.781   0.000   0.998   0.000   0.002
B L  4AU0B                253    0.007   1.230   0.000   0.995   0.000   0.005
E A  4AU0B                254    0.323  35.596   0.000   0.982   0.000   0.017
E N  4AU0B                255    0.822 120.359   0.000   0.878   0.000   0.122
E H  4AU0B                256    0.412  74.917   0.000   0.166   0.001   0.833
E G  4AU0B                257    0.588  46.282   0.000   0.010   0.001   0.989
B W  4AU0B                258    0.071  17.092   0.000   0.067   0.005   0.929
E S  4AU0B                259    0.622  72.951   0.000   0.061   0.007   0.931
E N  4AU0B                260    0.640  93.715   0.000   0.091   0.008   0.901
B A  4AU0B                261    0.063   6.924   0.000   0.026   0.065   0.909
B F  4AU0B                262    0.171  34.280   0.000   0.012   0.417   0.571
B F  4AU0B                263    0.011   2.188   0.000   0.000   0.957   0.042
B I  4AU0B                264    0.005   1.000   0.000   0.000   0.994   0.006
B T  4AU0B                265    0.006   0.853   0.000   0.000   0.988   0.012
B D  4AU0B                266    0.012   1.703   0.000   0.000   0.931   0.069
B Q  4AU0B                267    0.033   5.855   0.000   0.002   0.275   0.723
B G  4AU0B                268    0.023   1.803   0.000   0.013   0.074   0.913
B R  4AU0B                269    0.110  25.140   0.000   0.023   0.105   0.872
B S  4AU0B                270    0.066   7.782   0.000   0.021   0.065   0.914
B G  4AU0B                271    0.042   3.309   0.000   0.014   0.050   0.935
E K  4AU0B                272    0.284  58.430   0.000   0.006   0.099   0.896
B Q  4AU0B                273    0.248  44.216   0.000   0.008   0.050   0.942
B P  4AU0B                274    0.171  24.266   0.000   0.031   0.047   0.922
E T  4AU0B                275    0.322  44.595   0.000   0.050   0.035   0.915
E G  4AU0B                276    0.480  37.808   0.000   0.105   0.019   0.876
E Q  4AU0B                277    0.501  89.451   0.000   0.102   0.030   0.869
E Q  4AU0B                278    0.635 113.462   0.000   0.179   0.032   0.789
E Q  4AU0B                279    0.506  90.310   0.000   0.192   0.036   0.772
E W  4AU0B                280    0.344  82.824   0.000   0.154   0.038   0.809
B G  4AU0B                281    0.213  16.730   0.000   0.168   0.055   0.778
E D  4AU0B                282    0.338  48.761   0.000   0.204   0.058   0.737
B W  4AU0B                283    0.106  25.534   0.000   0.188   0.087   0.725
B C  4AU0B                284    0.038   5.387   0.000   0.148   0.102   0.750
B N  4AU0B                285    0.092  13.446   0.000   0.023   0.146   0.831
B V  4AU0B                286    0.095  14.630   0.000   0.022   0.077   0.900
E I  4AU0B                287    0.373  69.004   0.000   0.014   0.025   0.961
B G  4AU0B                288    0.233  18.373   0.000   0.026   0.015   0.959
B T  4AU0B                289    0.112  15.516   0.000   0.009   0.107   0.883
B G  4AU0B                290    0.075   5.915   0.000   0.006   0.539   0.455
B F  4AU0B                291    0.040   8.014   0.000   0.004   0.468   0.528
B G  4AU0B                292    0.065   5.085   0.000   0.001   0.265   0.734
E I  4AU0B                293    0.268  49.581   0.000   0.001   0.114   0.885
B R  4AU0B                294    0.230  52.575   0.000   0.000   0.030   0.969
B P  4AU0B                295    0.053   7.512   0.000   0.014   0.042   0.944
E S  4AU0B                296    0.297  34.783   0.000   0.023   0.461   0.516
B A  4AU0B                297    0.234  25.818   0.000   0.058   0.211   0.731
E N  4AU0B                298    0.566  82.836   0.000   0.056   0.083   0.861
B T  4AU0B                299    0.209  28.974   0.000   0.111   0.026   0.864
E G  4AU0B                300    0.566  44.583   0.000   0.017   0.011   0.972
E D  4AU0B                301    0.304  43.874   0.000   0.029   0.024   0.947
E S  4AU0B                302    0.553  64.814   0.000   0.106   0.012   0.882
B L  4AU0B                303    0.140  25.542   0.000   0.048   0.017   0.935
B L  4AU0B                304    0.018   3.232   0.000   0.004   0.177   0.819
B D  4AU0B                305    0.124  17.923   0.000   0.002   0.143   0.855
B S  4AU0B                306    0.007   0.808   0.000   0.000   0.961   0.039
B F  4AU0B                307    0.021   4.265   0.000   0.000   0.978   0.022
B V  4AU0B                308    0.004   0.674   0.000   0.000   0.986   0.013
B W  4AU0B                309    0.023   5.442   0.000   0.000   0.974   0.025
B V  4AU0B                310    0.004   0.623   0.000   0.000   0.902   0.097
B K  4AU0B                311    0.072  14.830   0.000   0.000   0.370   0.630
B P  4AU0B                312    0.064   9.090   0.000   0.005   0.112   0.883
B G  4AU0B                313    0.083   6.502   0.000   0.026   0.028   0.946
B G  4AU0B                314    0.086   6.807   0.000   0.077   0.074   0.849
B E  4AU0B                315    0.117  20.443   0.000   0.156   0.156   0.688
B C  4AU0B                316    0.052   7.365   0.000   0.115   0.101   0.785
B D  4AU0B                317    0.130  18.681   0.000   0.055   0.048   0.897
B G  4AU0B                318    0.110   8.664   0.000   0.014   0.129   0.857
E T  4AU0B                319    0.289  40.024   0.000   0.017   0.161   0.822
B S  4AU0B                320    0.164  19.226   0.000   0.026   0.130   0.845
E D  4AU0B                321    0.427  61.484   0.000   0.013   0.026   0.961
E S  4AU0B                322    0.682  79.918   0.000   0.014   0.003   0.983
E S  4AU0B                323    0.738  86.519   0.000   0.015   0.009   0.976
B A  4AU0B                324    0.154  16.919   0.000   0.009   0.017   0.975
E P  4AU0B                325    0.489  69.401   0.000   0.037   0.015   0.948
E R  4AU0B                326    0.398  91.232   0.000   0.039   0.084   0.877
E F  4AU0B                327    0.253  50.763   0.000   0.047   0.229   0.724
B D  4AU0B                328    0.138  19.884   0.000   0.047   0.085   0.868
E S  4AU0B                329    0.621  72.790   0.000   0.180   0.005   0.815
E H  4AU0B                330    0.329  59.841   0.000   0.062   0.004   0.934
B C  4AU0B                331    0.164  23.021   0.000   0.112   0.018   0.870
E A  4AU0B                332    0.528  58.218   0.000   0.058   0.013   0.928
E L  4AU0B                333    0.340  62.241   0.000   0.014   0.029   0.957
E P  4AU0B                334    0.576  81.752   0.000   0.509   0.005   0.486
E D  4AU0B                335    0.720 103.719   0.000   0.522   0.006   0.472
B A  4AU0B                336    0.165  18.237   0.000   0.526   0.023   0.450
B L  4AU0B                337    0.231  42.295   0.000   0.188   0.138   0.675
E Q  4AU0B                338    0.467  83.323   0.000   0.006   0.118   0.875
E P  4AU0B                339    0.429  60.818   0.000   0.003   0.189   0.808
B A  4AU0B                340    0.123  13.594   0.000   0.002   0.037   0.961
B P  4AU0B                341    0.173  24.608   0.000   0.055   0.009   0.936
E Q  4AU0B                342    0.607 108.459   0.000   0.355   0.026   0.618
B A  4AU0B                343    0.114  12.535   0.000   0.367   0.005   0.629
B G  4AU0B                344    0.143  11.231   0.000   0.341   0.007   0.653
E A  4AU0B                345    0.321  35.341   0.000   0.527   0.015   0.457
B W  4AU0B                346    0.113  27.237   0.000   0.753   0.043   0.203
B F  4AU0B                347    0.037   7.467   0.000   0.927   0.002   0.071
E Q  4AU0B                348    0.304  54.236   0.000   0.988   0.000   0.011
E A  4AU0B                349    0.355  39.112   0.000   0.998   0.000   0.002
B Y  4AU0B                350    0.065  13.997   0.000   0.999   0.000   0.001
B F  4AU0B                351    0.013   2.535   0.000   0.999   0.000   0.001
B V  4AU0B                352    0.224  34.390   0.000   0.999   0.000   0.001
E Q  4AU0B                353    0.333  59.495   0.000   0.999   0.000   0.001
B L  4AU0B                354    0.019   3.569   0.000   0.999   0.000   0.001
B L  4AU0B                355    0.052   9.531   0.000   0.996   0.000   0.004
E T  4AU0B                356    0.511  70.933   0.000   0.958   0.000   0.042
E N  4AU0B                357    0.262  38.373   0.000   0.728   0.001   0.270
B A  4AU0B                358    0.049   5.377   0.000   0.149   0.063   0.789
E N  4AU0B                359    0.293  42.964   0.000   0.003   0.045   0.953
B P  4AU0B                360    0.182  25.780   0.000   0.499   0.015   0.485
E S  4AU0B                361    0.396  46.433   0.000   0.488   0.025   0.487
B F  4AU0B                362    0.131  26.375   0.000   0.386   0.026   0.588
E L  4AU0B                363    0.462  84.597   0.000   0.007   0.000   0.992
