# For publication of results, please cite:
# ...
# ... Michael Schantz Klausen, Martin Closter Jespersen, Henrik Nielsen, Kamilla Kjærgaard Jensen, 
# ... Vanessa Isabell Jurtz, Casper Kaae Sønderby, Morten Otto Alexander Sommer, Ole Winther, 
# ... Morten Nielsen, Bent Petersen, and Paolo Marcatili. 
# ... NetSurfP-2.0: Improved prediction of protein structural features by integrated deep learning.
# ... Proteins: Structure, Function, and Bioinformatics (Feb. 2019).
# ... https://doi.org/10.1002/prot.25674
# ...
#
# Column 1: Class assignment - B for buried or E for Exposed - Threshold: 25% exposure, but not based on RSA
# Column 2: Amino acid
# Column 3: Sequence name
# Column 4: Amino acid number
# Column 5: Relative Surface Accessibility - RSA
# Column 6: Absolute Surface Accessibility
# Column 7: Not used
# Column 8: Probability for Alpha-Helix
# Column 9: Probability for Beta-strand
# Column 10: Probability for Coil
E R  3H8DB                  1    0.899 205.759   0.000   0.001   0.001   0.999
E Q  3H8DB                  2    0.757 135.235   0.000   0.004   0.054   0.941
E Q  3H8DB                  3    0.531  94.880   0.000   0.004   0.418   0.578
E R  3H8DB                  4    0.419  95.993   0.000   0.003   0.699   0.298
E F  3H8DB                  5    0.324  65.031   0.000   0.001   0.890   0.110
B F  3H8DB                  6    0.154  30.843   0.000   0.000   0.967   0.032
E R  3H8DB                  7    0.410  93.791   0.000   0.000   0.975   0.025
B I  3H8DB                  8    0.082  15.163   0.000   0.000   0.919   0.081
E P  3H8DB                  9    0.284  40.254   0.000   0.000   0.791   0.209
B F  3H8DB                 10    0.239  47.952   0.000   0.002   0.538   0.460
E I  3H8DB                 11    0.290  53.618   0.000   0.001   0.518   0.481
E R  3H8DB                 12    0.440 100.697   0.000   0.002   0.095   0.903
E P  3H8DB                 13    0.373  52.907   0.000   0.364   0.050   0.586
E A  3H8DB                 14    0.547  60.249   0.000   0.396   0.017   0.587
E D  3H8DB                 15    0.398  57.340   0.000   0.445   0.028   0.527
E Q  3H8DB                 16    0.600 107.127   0.000   0.269   0.025   0.706
E Y  3H8DB                 17    0.628 134.155   0.000   0.166   0.037   0.797
E K  3H8DB                 18    0.550 113.068   0.000   0.095   0.065   0.840
E D  3H8DB                 19    0.416  60.012   0.000   0.003   0.036   0.961
E P  3H8DB                 20    0.710 100.737   0.000   0.187   0.001   0.813
E Q  3H8DB                 21    0.836 149.315   0.000   0.176   0.001   0.822
E N  3H8DB                 22    0.442  64.708   0.000   0.198   0.012   0.790
E K  3H8DB                 23    0.566 116.369   0.000   0.041   0.069   0.890
E K  3H8DB                 24    0.404  83.087   0.000   0.031   0.300   0.669
E K  3H8DB                 25    0.461  94.813   0.000   0.008   0.592   0.400
B G  3H8DB                 26    0.060   4.761   0.000   0.000   0.935   0.065
B W  3H8DB                 27    0.152  36.602   0.000   0.000   0.966   0.034
B W  3H8DB                 28    0.074  17.761   0.000   0.000   0.995   0.005
B Y  3H8DB                 29    0.128  27.306   0.000   0.000   0.997   0.002
B A  3H8DB                 30    0.016   1.766   0.000   0.000   0.999   0.001
B H  3H8DB                 31    0.124  22.478   0.000   0.000   0.995   0.005
B F  3H8DB                 32    0.097  19.408   0.000   0.000   0.960   0.039
E D  3H8DB                 33    0.463  66.659   0.000   0.000   0.643   0.357
E G  3H8DB                 34    0.368  28.967   0.000   0.030   0.054   0.916
E P  3H8DB                 35    0.533  75.629   0.000   0.016   0.017   0.967
E W  3H8DB                 36    0.377  90.601   0.000   0.006   0.772   0.222
B I  3H8DB                 37    0.069  12.831   0.000   0.003   0.960   0.037
B A  3H8DB                 38    0.124  13.620   0.000   0.001   0.985   0.014
B R  3H8DB                 39    0.178  40.768   0.000   0.000   0.992   0.007
B Q  3H8DB                 40    0.210  37.579   0.000   0.001   0.990   0.009
B M  3H8DB                 41    0.064  12.800   0.000   0.000   0.993   0.007
E E  3H8DB                 42    0.311  54.332   0.000   0.000   0.996   0.004
B L  3H8DB                 43    0.087  15.987   0.000   0.000   0.952   0.048
E H  3H8DB                 44    0.310  56.474   0.000   0.000   0.096   0.904
E P  3H8DB                 45    0.406  57.563   0.000   0.000   0.011   0.989
E D  3H8DB                 46    0.892 128.579   0.000   0.000   0.000   1.000
E K  3H8DB                 47    0.509 104.670   0.000   0.000   0.013   0.987
E P  3H8DB                 48    0.565  80.205   0.000   0.000   0.010   0.990
B P  3H8DB                 49    0.158  22.440   0.000   0.000   0.157   0.843
B I  3H8DB                 50    0.192  35.609   0.000   0.000   0.965   0.034
B L  3H8DB                 51    0.126  23.131   0.000   0.000   0.994   0.006
B L  3H8DB                 52    0.161  29.431   0.000   0.001   0.981   0.018
B V  3H8DB                 53    0.171  26.353   0.000   0.000   0.984   0.016
B A  3H8DB                 54    0.202  22.232   0.000   0.002   0.774   0.223
E G  3H8DB                 55    0.333  26.169   0.000   0.033   0.266   0.700
E K  3H8DB                 56    0.565 116.190   0.000   0.382   0.189   0.429
E D  3H8DB                 57    0.360  51.850   0.000   0.137   0.144   0.719
E D  3H8DB                 58    0.310  44.671   0.000   0.525   0.023   0.452
E M  3H8DB                 59    0.528 105.574   0.000   0.712   0.006   0.282
E E  3H8DB                 60    0.608 106.150   0.000   0.718   0.013   0.269
B M  3H8DB                 61    0.188  37.599   0.000   0.797   0.050   0.153
B C  3H8DB                 62    0.207  29.021   0.000   0.531   0.112   0.357
E E  3H8DB                 63    0.679 118.537   0.000   0.318   0.253   0.428
B L  3H8DB                 64    0.176  32.230   0.000   0.008   0.332   0.660
E N  3H8DB                 65    0.445  65.089   0.000   0.004   0.643   0.353
B L  3H8DB                 66    0.148  27.013   0.000   0.874   0.003   0.123
E E  3H8DB                 67    0.762 133.137   0.000   0.926   0.001   0.073
E E  3H8DB                 68    0.653 114.069   0.000   0.924   0.002   0.074
B T  3H8DB                 69    0.147  20.409   0.000   0.577   0.004   0.419
E G  3H8DB                 70    0.465  36.588   0.000   0.021   0.003   0.976
B L  3H8DB                 71    0.141  25.890   0.000   0.142   0.021   0.837
E T  3H8DB                 72    0.288  39.998   0.000   0.111   0.149   0.740
E R  3H8DB                 73    0.678 155.173   0.000   0.160   0.082   0.758
E K  3H8DB                 74    0.654 134.548   0.000   0.113   0.122   0.765
E R  3H8DB                 75    0.679 155.599   0.000   0.073   0.044   0.884
E G  3H8DB                 76    0.533  41.972   0.000   0.015   0.030   0.955
B A  3H8DB                 77    0.127  14.027   0.000   0.007   0.085   0.908
E E  3H8DB                 78    0.468  81.684   0.000   0.001   0.768   0.231
B I  3H8DB                 79    0.086  15.895   0.000   0.001   0.846   0.153
E L  3H8DB                 80    0.301  55.044   0.000   0.002   0.029   0.970
E P  3H8DB                 81    0.420  59.662   0.000   0.989   0.000   0.011
E R  3H8DB                 82    0.705 161.420   0.000   0.993   0.000   0.007
E Q  3H8DB                 83    0.304  54.311   0.000   0.997   0.000   0.003
B F  3H8DB                 84    0.078  15.640   0.000   0.997   0.000   0.003
E E  3H8DB                 85    0.475  83.027   0.000   0.998   0.000   0.002
E E  3H8DB                 86    0.533  93.114   0.000   0.998   0.000   0.002
B I  3H8DB                 87    0.097  17.917   0.000   0.998   0.000   0.002
B W  3H8DB                 88    0.112  26.949   0.000   0.997   0.000   0.003
E E  3H8DB                 89    0.676 118.112   0.000   0.986   0.000   0.014
E R  3H8DB                 90    0.636 145.650   0.000   0.925   0.000   0.074
B C  3H8DB                 91    0.233  32.729   0.000   0.266   0.001   0.733
E G  3H8DB                 92    0.498  39.159   0.000   0.044   0.002   0.953
B G  3H8DB                 93    0.125   9.831   0.000   0.587   0.004   0.408
E I  3H8DB                 94    0.400  74.027   0.000   0.945   0.015   0.040
E Q  3H8DB                 95    0.669 119.482   0.000   0.975   0.011   0.014
E Y  3H8DB                 96    0.251  53.730   0.000   0.976   0.007   0.017
B L  3H8DB                 97    0.146  26.673   0.000   0.884   0.036   0.080
E Q  3H8DB                 98    0.589 105.209   0.000   0.835   0.019   0.146
E S  3H8DB                 99    0.630  73.780   0.000   0.748   0.017   0.235
E A  3H8DB                100    0.267  29.462   0.000   0.649   0.015   0.336
E I  3H8DB                101    0.374  69.205   0.000   0.447   0.076   0.476
E E  3H8DB                102    0.786 137.228   0.000   0.233   0.030   0.737
E S  3H8DB                103    0.912 106.874   0.000   0.003   0.000   0.997
