# For publication of results, please cite:
# ...
# ... Michael Schantz Klausen, Martin Closter Jespersen, Henrik Nielsen, Kamilla Kjærgaard Jensen, 
# ... Vanessa Isabell Jurtz, Casper Kaae Sønderby, Morten Otto Alexander Sommer, Ole Winther, 
# ... Morten Nielsen, Bent Petersen, and Paolo Marcatili. 
# ... NetSurfP-2.0: Improved prediction of protein structural features by integrated deep learning.
# ... Proteins: Structure, Function, and Bioinformatics (Feb. 2019).
# ... https://doi.org/10.1002/prot.25674
# ...
#
# Column 1: Class assignment - B for buried or E for Exposed - Threshold: 25% exposure, but not based on RSA
# Column 2: Amino acid
# Column 3: Sequence name
# Column 4: Amino acid number
# Column 5: Relative Surface Accessibility - RSA
# Column 6: Absolute Surface Accessibility
# Column 7: Not used
# Column 8: Probability for Alpha-Helix
# Column 9: Probability for Beta-strand
# Column 10: Probability for Coil
E M  1VQZA                  1    0.901 180.297   0.000   0.000   0.000   1.000
E G  1VQZA                  2    0.886  69.691   0.000   0.000   0.000   1.000
E S  1VQZA                  3    0.849  99.518   0.000   0.001   0.000   0.999
E D  1VQZA                  4    0.810 116.746   0.000   0.003   0.000   0.996
E K  1VQZA                  5    0.716 147.360   0.000   0.007   0.001   0.992
E I  1VQZA                  6    0.665 123.058   0.000   0.006   0.002   0.992
E H  1VQZA                  7    0.712 129.537   0.000   0.007   0.002   0.991
E H  1VQZA                  8    0.705 128.221   0.000   0.011   0.002   0.987
E H  1VQZA                  9    0.695 126.360   0.000   0.013   0.004   0.983
E H  1VQZA                 10    0.694 126.295   0.000   0.015   0.007   0.978
E H  1VQZA                 11    0.691 125.748   0.000   0.015   0.012   0.974
E H  1VQZA                 12    0.702 127.641   0.000   0.013   0.041   0.946
E M  1VQZA                 13    0.347  69.434   0.000   0.005   0.168   0.827
E K  1VQZA                 14    0.362  74.544   0.000   0.003   0.685   0.312
B Y  1VQZA                 15    0.124  26.574   0.000   0.002   0.953   0.046
B I  1VQZA                 16    0.076  14.004   0.000   0.001   0.985   0.014
B I  1VQZA                 17    0.043   7.968   0.000   0.001   0.984   0.015
B N  1VQZA                 18    0.153  22.463   0.000   0.004   0.905   0.091
B H  1VQZA                 19    0.212  38.616   0.000   0.020   0.597   0.383
B S  1VQZA                 20    0.241  28.233   0.000   0.023   0.263   0.715
E N  1VQZA                 21    0.490  71.730   0.000   0.018   0.017   0.965
E D  1VQZA                 22    0.348  50.208   0.000   0.026   0.009   0.965
B T  1VQZA                 23    0.105  14.613   0.000   0.917   0.003   0.081
B A  1VQZA                 24    0.203  22.347   0.000   0.955   0.001   0.043
B F  1VQZA                 25    0.195  39.134   0.000   0.962   0.002   0.035
B N  1VQZA                 26    0.044   6.438   0.000   0.969   0.002   0.030
B I  1VQZA                 27    0.118  21.906   0.000   0.928   0.005   0.067
B A  1VQZA                 28    0.100  10.966   0.000   0.969   0.001   0.030
B L  1VQZA                 29    0.028   5.130   0.000   0.994   0.000   0.006
B E  1VQZA                 30    0.053   9.317   0.000   0.997   0.000   0.003
E E  1VQZA                 31    0.271  47.345   0.000   0.997   0.000   0.003
B Y  1VQZA                 32    0.157  33.512   0.000   0.996   0.000   0.004
B A  1VQZA                 33    0.014   1.494   0.000   0.992   0.000   0.007
B F  1VQZA                 34    0.062  12.417   0.000   0.976   0.001   0.023
E K  1VQZA                 35    0.509 104.758   0.000   0.911   0.001   0.088
E H  1VQZA                 36    0.424  77.197   0.000   0.802   0.001   0.198
B L  1VQZA                 37    0.137  25.134   0.000   0.437   0.017   0.546
B L  1VQZA                 38    0.246  44.963   0.000   0.085   0.016   0.899
E D  1VQZA                 39    0.666  95.914   0.000   0.047   0.006   0.947
E E  1VQZA                 40    0.637 111.337   0.000   0.086   0.005   0.909
E D  1VQZA                 41    0.567  81.641   0.000   0.075   0.019   0.906
E Q  1VQZA                 42    0.271  48.381   0.000   0.043   0.404   0.552
B I  1VQZA                 43    0.035   6.539   0.000   0.001   0.952   0.047
B F  1VQZA                 44    0.018   3.701   0.000   0.000   0.995   0.005
B L  1VQZA                 45    0.030   5.471   0.000   0.000   0.999   0.001
B L  1VQZA                 46    0.010   1.806   0.000   0.000   0.998   0.002
B W  1VQZA                 47    0.049  11.821   0.000   0.000   0.989   0.011
B I  1VQZA                 48    0.153  28.313   0.000   0.000   0.936   0.064
B N  1VQZA                 49    0.185  27.129   0.000   0.000   0.364   0.635
E K  1VQZA                 50    0.447  92.038   0.000   0.000   0.048   0.952
E P  1VQZA                 51    0.277  39.330   0.000   0.000   0.027   0.973
B S  1VQZA                 52    0.011   1.320   0.000   0.000   0.951   0.049
B I  1VQZA                 53    0.011   2.092   0.000   0.000   0.995   0.005
B I  1VQZA                 54    0.015   2.794   0.000   0.000   0.998   0.002
B V  1VQZA                 55    0.009   1.337   0.000   0.000   0.981   0.019
B G  1VQZA                 56    0.026   2.082   0.000   0.000   0.436   0.564
B R  1VQZA                 57    0.202  46.312   0.000   0.000   0.007   0.992
E H  1VQZA                 58    0.408  74.264   0.000   0.001   0.002   0.997
B Q  1VQZA                 59    0.086  15.342   0.000   0.003   0.007   0.990
E N  1VQZA                 60    0.361  52.794   0.000   0.003   0.029   0.968
B T  1VQZA                 61    0.103  14.264   0.000   0.738   0.003   0.259
E I  1VQZA                 62    0.294  54.426   0.000   0.881   0.003   0.116
E E  1VQZA                 63    0.587 102.508   0.000   0.894   0.002   0.104
B E  1VQZA                 64    0.136  23.726   0.000   0.773   0.006   0.221
B I  1VQZA                 65    0.027   5.067   0.000   0.099   0.193   0.708
E N  1VQZA                 66    0.287  41.960   0.000   0.024   0.017   0.959
E R  1VQZA                 67    0.356  81.609   0.000   0.943   0.000   0.056
E D  1VQZA                 68    0.644  92.780   0.000   0.992   0.000   0.008
B Y  1VQZA                 69    0.231  49.455   0.000   0.997   0.000   0.003
B V  1VQZA                 70    0.009   1.440   0.000   0.998   0.000   0.002
E R  1VQZA                 71    0.586 134.199   0.000   0.995   0.000   0.005
E E  1VQZA                 72    0.763 133.250   0.000   0.943   0.000   0.056
E N  1VQZA                 73    0.427  62.509   0.000   0.195   0.000   0.804
E G  1VQZA                 74    0.691  54.388   0.000   0.001   0.000   0.999
B I  1VQZA                 75    0.055  10.145   0.000   0.000   0.021   0.979
E E  1VQZA                 76    0.477  83.314   0.000   0.001   0.658   0.341
B V  1VQZA                 77    0.085  12.989   0.000   0.000   0.966   0.034
B V  1VQZA                 78    0.102  15.740   0.000   0.000   0.989   0.011
E R  1VQZA                 79    0.328  75.208   0.000   0.000   0.961   0.039
B R  1VQZA                 80    0.098  22.363   0.000   0.001   0.541   0.458
E I  1VQZA                 81    0.298  55.191   0.000   0.005   0.118   0.878
B S  1VQZA                 82    0.187  21.870   0.000   0.003   0.057   0.940
B G  1VQZA                 83    0.153  12.076   0.000   0.045   0.067   0.888
B G  1VQZA                 84    0.210  16.520   0.000   0.067   0.034   0.898
B G  1VQZA                 85    0.145  11.427   0.000   0.042   0.041   0.917
B A  1VQZA                 86    0.027   2.981   0.000   0.019   0.221   0.760
B V  1VQZA                 87    0.048   7.408   0.000   0.007   0.819   0.174
B Y  1VQZA                 88    0.079  16.978   0.000   0.005   0.915   0.080
B H  1VQZA                 89    0.059  10.740   0.000   0.006   0.707   0.288
B D  1VQZA                 90    0.155  22.331   0.000   0.005   0.192   0.803
B L  1VQZA                 91    0.209  38.230   0.000   0.011   0.007   0.982
E N  1VQZA                 92    0.283  41.419   0.000   0.012   0.004   0.984
B N  1VQZA                 93    0.094  13.742   0.000   0.010   0.604   0.386
B L  1VQZA                 94    0.016   2.949   0.000   0.001   0.896   0.103
B N  1VQZA                 95    0.020   2.971   0.000   0.000   0.974   0.026
B Y  1VQZA                 96    0.019   4.122   0.000   0.000   0.983   0.017
B T  1VQZA                 97    0.017   2.349   0.000   0.000   0.986   0.014
B I  1VQZA                 98    0.013   2.411   0.000   0.000   0.979   0.020
B I  1VQZA                 99    0.019   3.596   0.000   0.000   0.985   0.015
B S  1VQZA                100    0.023   2.683   0.000   0.000   0.937   0.063
E K  1VQZA                101    0.317  65.129   0.000   0.002   0.722   0.277
E E  1VQZA                102    0.470  82.058   0.000   0.078   0.027   0.895
E D  1VQZA                103    0.682  98.242   0.000   0.121   0.009   0.870
E E  1VQZA                104    0.546  95.422   0.000   0.123   0.004   0.873
E N  1VQZA                105    0.646  94.536   0.000   0.062   0.005   0.933
E K  1VQZA                106    0.507 104.254   0.000   0.339   0.018   0.643
E A  1VQZA                107    0.448  49.316   0.000   0.394   0.023   0.583
B F  1VQZA                108    0.223  44.667   0.000   0.410   0.025   0.565
B D  1VQZA                109    0.211  30.370   0.000   0.496   0.017   0.487
B F  1VQZA                110    0.111  22.226   0.000   0.903   0.003   0.094
E K  1VQZA                111    0.453  93.175   0.000   0.966   0.001   0.033
B S  1VQZA                112    0.210  24.585   0.000   0.956   0.001   0.043
B F  1VQZA                113    0.026   5.142   0.000   0.911   0.001   0.087
B S  1VQZA                114    0.021   2.507   0.000   0.941   0.001   0.058
E T  1VQZA                115    0.310  43.003   0.000   0.996   0.000   0.004
B P  1VQZA                116    0.044   6.228   0.000   0.999   0.000   0.001
B V  1VQZA                117    0.006   0.958   0.000   1.000   0.000   0.000
B I  1VQZA                118    0.055  10.192   0.000   1.000   0.000   0.000
E N  1VQZA                119    0.453  66.298   0.000   0.999   0.000   0.001
B T  1VQZA                120    0.026   3.629   0.000   0.998   0.000   0.002
B L  1VQZA                121    0.008   1.503   0.000   0.996   0.000   0.004
E A  1VQZA                122    0.389  42.913   0.000   0.986   0.000   0.014
E Q  1VQZA                123    0.577 103.007   0.000   0.843   0.000   0.157
B L  1VQZA                124    0.148  27.076   0.000   0.240   0.000   0.760
E G  1VQZA                125    0.622  48.943   0.000   0.002   0.000   0.998
B V  1VQZA                126    0.059   9.009   0.000   0.000   0.016   0.984
E K  1VQZA                127    0.660 135.827   0.000   0.001   0.220   0.779
B A  1VQZA                128    0.127  13.964   0.000   0.001   0.634   0.365
E E  1VQZA                129    0.525  91.693   0.000   0.000   0.962   0.037
E F  1VQZA                130    0.260  52.117   0.000   0.001   0.851   0.148
E T  1VQZA                131    0.466  64.599   0.000   0.003   0.390   0.607
E G  1VQZA                132    0.446  35.102   0.000   0.024   0.116   0.861
E R  1VQZA                133    0.453 103.713   0.000   0.029   0.074   0.897
B N  1VQZA                134    0.145  21.176   0.000   0.016   0.041   0.943
B D  1VQZA                135    0.145  20.845   0.000   0.009   0.284   0.707
B L  1VQZA                136    0.013   2.449   0.000   0.000   0.981   0.019
B E  1VQZA                137    0.243  42.495   0.000   0.000   0.996   0.004
B I  1VQZA                138    0.041   7.669   0.000   0.000   0.994   0.006
E D  1VQZA                139    0.637  91.804   0.000   0.000   0.001   0.999
E G  1VQZA                140    0.622  48.983   0.000   0.002   0.000   0.998
E K  1VQZA                141    0.435  89.555   0.000   0.000   0.985   0.015
E K  1VQZA                142    0.264  54.314   0.000   0.000   0.989   0.011
B F  1VQZA                143    0.047   9.450   0.000   0.000   0.830   0.169
B C  1VQZA                144    0.026   3.677   0.000   0.000   0.947   0.053
B G  1VQZA                145    0.048   3.810   0.000   0.000   0.979   0.021
B N  1VQZA                146    0.069  10.115   0.000   0.000   0.990   0.010
B A  1VQZA                147    0.030   3.261   0.000   0.000   0.997   0.003
B Q  1VQZA                148    0.054   9.670   0.000   0.000   0.999   0.001
B A  1VQZA                149    0.069   7.566   0.000   0.000   1.000   0.000
E Y  1VQZA                150    0.280  59.868   0.000   0.000   0.996   0.004
B I  1VQZA                151    0.166  30.729   0.000   0.000   0.984   0.016
E N  1VQZA                152    0.771 112.932   0.000   0.002   0.003   0.995
E G  1VQZA                153    0.497  39.113   0.000   0.001   0.000   0.999
E R  1VQZA                154    0.264  60.528   0.000   0.000   0.981   0.019
B I  1VQZA                155    0.020   3.625   0.000   0.000   0.997   0.003
B M  1VQZA                156    0.038   7.646   0.000   0.000   0.984   0.016
B H  1VQZA                157    0.036   6.549   0.000   0.000   0.971   0.029
B H  1VQZA                158    0.066  12.017   0.000   0.000   0.852   0.147
B G  1VQZA                159    0.010   0.779   0.000   0.000   0.885   0.115
B C  1VQZA                160    0.020   2.775   0.000   0.000   0.969   0.031
B L  1VQZA                161    0.011   2.019   0.000   0.000   0.979   0.021
B L  1VQZA                162    0.051   9.351   0.000   0.000   0.963   0.037
B F  1VQZA                163    0.031   6.200   0.000   0.002   0.822   0.176
E D  1VQZA                164    0.310  44.734   0.000   0.002   0.303   0.695
B V  1VQZA                165    0.061   9.402   0.000   0.002   0.158   0.840
E D  1VQZA                166    0.414  59.603   0.000   0.002   0.015   0.983
B L  1VQZA                167    0.172  31.439   0.000   0.782   0.001   0.217
E S  1VQZA                168    0.499  58.474   0.000   0.952   0.000   0.048
B V  1VQZA                169    0.177  27.142   0.000   0.981   0.000   0.019
B L  1VQZA                170    0.030   5.409   0.000   0.978   0.000   0.022
B A  1VQZA                171    0.170  18.728   0.000   0.961   0.001   0.039
E N  1VQZA                172    0.564  82.561   0.000   0.868   0.001   0.131
B A  1VQZA                173    0.078   8.635   0.000   0.789   0.001   0.210
B L  1VQZA                174    0.077  14.182   0.000   0.280   0.031   0.689
E K  1VQZA                175    0.615 126.421   0.000   0.052   0.045   0.903
B V  1VQZA                176    0.168  25.768   0.000   0.009   0.035   0.957
E S  1VQZA                177    0.442  51.815   0.000   0.008   0.023   0.969
E K  1VQZA                178    0.610 125.461   0.000   0.650   0.003   0.347
E D  1VQZA                179    0.837 120.576   0.000   0.622   0.003   0.375
E K  1VQZA                180    0.464  95.373   0.000   0.604   0.010   0.387
B F  1VQZA                181    0.164  32.918   0.000   0.427   0.050   0.523
E E  1VQZA                182    0.597 104.325   0.000   0.383   0.048   0.569
E S  1VQZA                183    0.560  65.615   0.000   0.293   0.034   0.673
E K  1VQZA                184    0.457  94.070   0.000   0.200   0.012   0.789
E G  1VQZA                185    0.405  31.882   0.000   0.102   0.020   0.879
B V  1VQZA                186    0.211  32.376   0.000   0.110   0.116   0.774
E K  1VQZA                187    0.633 130.207   0.000   0.282   0.036   0.682
E S  1VQZA                188    0.341  40.017   0.000   0.210   0.074   0.715
B V  1VQZA                189    0.172  26.467   0.000   0.345   0.034   0.621
E R  1VQZA                190    0.460 105.297   0.000   0.345   0.028   0.627
E A  1VQZA                191    0.417  45.906   0.000   0.182   0.021   0.797
E R  1VQZA                192    0.388  88.744   0.000   0.113   0.051   0.836
B V  1VQZA                193    0.148  22.727   0.000   0.005   0.526   0.469
B T  1VQZA                194    0.116  16.114   0.000   0.002   0.552   0.446
B N  1VQZA                195    0.164  23.954   0.000   0.002   0.560   0.438
B I  1VQZA                196    0.017   3.219   0.000   0.496   0.003   0.501
E I  1VQZA                197    0.308  56.902   0.000   0.732   0.004   0.263
E N  1VQZA                198    0.689 100.898   0.000   0.595   0.002   0.402
E E  1VQZA                199    0.290  50.729   0.000   0.524   0.002   0.475
B L  1VQZA                200    0.096  17.500   0.000   0.007   0.004   0.990
E P  1VQZA                201    0.535  75.902   0.000   0.007   0.001   0.992
E K  1VQZA                202    0.645 132.670   0.000   0.010   0.004   0.986
E K  1VQZA                203    0.708 145.596   0.000   0.009   0.012   0.980
B I  1VQZA                204    0.093  17.163   0.000   0.004   0.051   0.944
E T  1VQZA                205    0.427  59.213   0.000   0.003   0.036   0.961
B V  1VQZA                206    0.162  24.837   0.000   0.968   0.000   0.031
E E  1VQZA                207    0.612 106.903   0.000   0.991   0.000   0.009
E K  1VQZA                208    0.442  90.987   0.000   0.994   0.000   0.005
B F  1VQZA                209    0.009   1.859   0.000   0.996   0.000   0.004
B R  1VQZA                210    0.215  49.123   0.000   0.998   0.000   0.002
E D  1VQZA                211    0.507  73.021   0.000   0.998   0.000   0.002
B L  1VQZA                212    0.129  23.621   0.000   0.999   0.000   0.001
B L  1VQZA                213    0.005   1.003   0.000   0.998   0.000   0.002
B L  1VQZA                214    0.091  16.595   0.000   0.998   0.000   0.002
E E  1VQZA                215    0.511  89.285   0.000   0.996   0.000   0.004
B Y  1VQZA                216    0.155  33.184   0.000   0.993   0.000   0.007
B M  1VQZA                217    0.007   1.494   0.000   0.991   0.000   0.009
E K  1VQZA                218    0.433  89.149   0.000   0.966   0.000   0.034
E K  1VQZA                219    0.696 143.166   0.000   0.933   0.000   0.067
E E  1VQZA                220    0.375  65.475   0.000   0.944   0.000   0.056
B Y  1VQZA                221    0.106  22.609   0.000   0.002   0.001   0.997
E P  1VQZA                222    0.618  87.703   0.000   0.009   0.001   0.990
E E  1VQZA                223    0.688 120.157   0.000   0.011   0.023   0.966
B M  1VQZA                224    0.114  22.732   0.000   0.013   0.207   0.780
E T  1VQZA                225    0.529  73.397   0.000   0.006   0.752   0.242
E E  1VQZA                226    0.584 102.033   0.000   0.017   0.804   0.179
E Y  1VQZA                227    0.287  61.428   0.000   0.006   0.489   0.505
E V  1VQZA                228    0.652 100.263   0.000   0.005   0.202   0.793
B F  1VQZA                229    0.123  24.708   0.000   0.000   0.008   0.992
E S  1VQZA                230    0.453  53.097   0.000   0.001   0.001   0.997
E E  1VQZA                231    0.858 149.935   0.000   0.978   0.000   0.022
E E  1VQZA                232    0.768 134.228   0.000   0.980   0.000   0.020
B E  1VQZA                233    0.207  36.148   0.000   0.986   0.000   0.014
E L  1VQZA                234    0.267  48.911   0.000   0.984   0.000   0.016
E A  1VQZA                235    0.502  55.348   0.000   0.987   0.000   0.013
E E  1VQZA                236    0.373  65.222   0.000   0.975   0.000   0.025
B I  1VQZA                237    0.055  10.143   0.000   0.985   0.000   0.015
E N  1VQZA                238    0.484  70.831   0.000   0.987   0.000   0.013
E R  1VQZA                239    0.568 129.998   0.000   0.977   0.000   0.023
B I  1VQZA                240    0.090  16.621   0.000   0.970   0.000   0.030
E K  1VQZA                241    0.328  67.504   0.000   0.942   0.001   0.057
E D  1VQZA                242    0.671  96.699   0.000   0.867   0.001   0.132
E T  1VQZA                243    0.602  83.541   0.000   0.742   0.001   0.256
E K  1VQZA                244    0.458  94.125   0.000   0.708   0.009   0.283
B F  1VQZA                245    0.111  22.254   0.000   0.530   0.007   0.463
E G  1VQZA                246    0.298  23.425   0.000   0.064   0.013   0.922
E T  1VQZA                247    0.297  41.144   0.000   0.020   0.058   0.923
E W  1VQZA                248    0.328  78.996   0.000   0.776   0.005   0.219
E D  1VQZA                249    0.599  86.342   0.000   0.899   0.002   0.099
B W  1VQZA                250    0.114  27.408   0.000   0.919   0.005   0.076
B N  1VQZA                251    0.111  16.190   0.000   0.847   0.015   0.138
B Y  1VQZA                252    0.233  49.709   0.000   0.579   0.021   0.401
B G  1VQZA                253    0.208  16.405   0.000   0.057   0.079   0.864
E K  1VQZA                254    0.544 111.875   0.000   0.027   0.169   0.803
B S  1VQZA                255    0.210  24.625   0.000   0.001   0.070   0.929
B P  1VQZA                256    0.208  29.586   0.000   0.005   0.021   0.974
E E  1VQZA                257    0.673 117.534   0.000   0.012   0.081   0.906
B F  1VQZA                258    0.138  27.745   0.000   0.008   0.311   0.681
E N  1VQZA                259    0.524  76.778   0.000   0.003   0.712   0.285
B V  1VQZA                260    0.174  26.690   0.000   0.001   0.948   0.051
E R  1VQZA                261    0.471 107.763   0.000   0.000   0.987   0.013
E R  1VQZA                262    0.355  81.303   0.000   0.000   0.989   0.010
E G  1VQZA                263    0.279  21.992   0.000   0.000   0.969   0.030
E I  1VQZA                264    0.274  50.733   0.000   0.000   0.980   0.019
E K  1VQZA                265    0.572 117.749   0.000   0.000   0.965   0.035
B F  1VQZA                266    0.109  21.852   0.000   0.000   0.711   0.289
E T  1VQZA                267    0.801 111.162   0.000   0.003   0.013   0.984
E S  1VQZA                268    0.354  41.437   0.000   0.005   0.010   0.985
B G  1VQZA                269    0.191  15.068   0.000   0.002   0.785   0.213
E K  1VQZA                270    0.396  81.459   0.000   0.000   0.955   0.045
B V  1VQZA                271    0.019   2.897   0.000   0.000   0.994   0.006
E E  1VQZA                272    0.290  50.656   0.000   0.000   0.997   0.003
B V  1VQZA                273    0.013   2.057   0.000   0.000   0.999   0.001
B F  1VQZA                274    0.192  38.467   0.000   0.000   0.999   0.001
B A  1VQZA                275    0.023   2.496   0.000   0.000   0.998   0.002
E N  1VQZA                276    0.328  48.038   0.000   0.000   0.994   0.006
B V  1VQZA                277    0.055   8.424   0.000   0.000   0.994   0.006
E T  1VQZA                278    0.398  55.135   0.000   0.000   0.978   0.022
E E  1VQZA                279    0.716 125.137   0.000   0.006   0.016   0.978
E S  1VQZA                280    0.259  30.404   0.000   0.008   0.016   0.976
E K  1VQZA                281    0.391  80.494   0.000   0.000   0.966   0.034
B I  1VQZA                282    0.017   3.237   0.000   0.000   0.998   0.002
E Q  1VQZA                283    0.432  77.134   0.000   0.000   0.996   0.004
E D  1VQZA                284    0.387  55.716   0.000   0.000   0.999   0.001
B I  1VQZA                285    0.043   7.904   0.000   0.000   0.998   0.002
E K  1VQZA                286    0.355  73.001   0.000   0.000   0.997   0.003
B I  1VQZA                287    0.044   8.051   0.000   0.000   0.988   0.012
B Y  1VQZA                288    0.234  50.105   0.000   0.000   0.924   0.075
B G  1VQZA                289    0.114   8.967   0.000   0.011   0.418   0.570
B D  1VQZA                290    0.236  34.034   0.000   0.052   0.101   0.848
B F  1VQZA                291    0.137  27.398   0.000   0.072   0.015   0.913
B F  1VQZA                292    0.114  22.916   0.000   0.112   0.025   0.863
B G  1VQZA                293    0.132  10.363   0.000   0.102   0.016   0.883
E I  1VQZA                294    0.255  47.197   0.000   0.593   0.015   0.392
E E  1VQZA                295    0.684 119.475   0.000   0.713   0.003   0.285
E D  1VQZA                296    0.381  54.897   0.000   0.610   0.004   0.386
B V  1VQZA                297    0.040   6.205   0.000   0.916   0.001   0.083
E A  1VQZA                298    0.372  41.043   0.000   0.982   0.001   0.017
E A  1VQZA                299    0.378  41.633   0.000   0.982   0.001   0.017
B V  1VQZA                300    0.016   2.477   0.000   0.989   0.000   0.011
B E  1VQZA                301    0.145  25.263   0.000   0.995   0.000   0.005
E D  1VQZA                302    0.685  98.764   0.000   0.986   0.000   0.014
E V  1VQZA                303    0.289  44.368   0.000   0.950   0.000   0.050
B L  1VQZA                304    0.011   2.025   0.000   0.809   0.001   0.190
E R  1VQZA                305    0.487 111.603   0.000   0.012   0.012   0.976
E G  1VQZA                306    0.592  46.622   0.000   0.002   0.002   0.996
B V  1VQZA                307    0.232  35.660   0.000   0.001   0.012   0.988
E K  1VQZA                308    0.581 119.572   0.000   0.001   0.706   0.293
B Y  1VQZA                309    0.105  22.334   0.000   0.002   0.123   0.875
E E  1VQZA                310    0.496  86.583   0.000   0.004   0.076   0.920
E R  1VQZA                311    0.401  91.761   0.000   0.965   0.001   0.034
E E  1VQZA                312    0.667 116.521   0.000   0.972   0.001   0.027
E D  1VQZA                313    0.327  47.049   0.000   0.990   0.001   0.010
B V  1VQZA                314    0.015   2.270   0.000   0.996   0.000   0.004
E L  1VQZA                315    0.251  45.875   0.000   0.997   0.000   0.003
E K  1VQZA                316    0.564 115.975   0.000   0.994   0.000   0.006
B A  1VQZA                317    0.068   7.537   0.000   0.995   0.000   0.005
B L  1VQZA                318    0.041   7.590   0.000   0.956   0.001   0.043
E K  1VQZA                319    0.605 124.486   0.000   0.699   0.001   0.300
E T  1VQZA                320    0.649  89.972   0.000   0.406   0.001   0.593
B I  1VQZA                321    0.108  19.958   0.000   0.033   0.005   0.962
E D  1VQZA                322    0.586  84.444   0.000   0.007   0.029   0.964
B I  1VQZA                323    0.084  15.540   0.000   0.489   0.008   0.504
E T  1VQZA                324    0.462  64.031   0.000   0.807   0.006   0.187
E R  1VQZA                325    0.573 131.116   0.000   0.796   0.019   0.184
B Y  1VQZA                326    0.224  47.938   0.000   0.633   0.047   0.320
B F  1VQZA                327    0.040   8.010   0.000   0.140   0.257   0.604
E A  1VQZA                328    0.280  30.893   0.000   0.056   0.078   0.866
E G  1VQZA                329    0.558  43.948   0.000   0.006   0.008   0.987
B I  1VQZA                330    0.069  12.714   0.000   0.001   0.132   0.867
E S  1VQZA                331    0.375  43.932   0.000   0.001   0.041   0.957
E R  1VQZA                332    0.337  77.137   0.000   0.976   0.000   0.024
E E  1VQZA                333    0.609 106.384   0.000   0.985   0.000   0.014
E E  1VQZA                334    0.353  61.716   0.000   0.988   0.001   0.011
B I  1VQZA                335    0.013   2.319   0.000   0.990   0.000   0.010
B A  1VQZA                336    0.056   6.139   0.000   0.991   0.000   0.009
E E  1VQZA                337    0.593 103.585   0.000   0.976   0.000   0.023
B A  1VQZA                338    0.137  15.131   0.000   0.945   0.000   0.055
B V  1VQZA                339    0.056   8.533   0.000   0.853   0.002   0.145
E V  1VQZA                340    0.266  40.871   0.000   0.399   0.017   0.584
E G  1VQZA                341    0.824  64.840   0.000   0.001   0.000   0.999
