# For publication of results, please cite:
# ...
# ... Michael Schantz Klausen, Martin Closter Jespersen, Henrik Nielsen, Kamilla Kjærgaard Jensen, 
# ... Vanessa Isabell Jurtz, Casper Kaae Sønderby, Morten Otto Alexander Sommer, Ole Winther, 
# ... Morten Nielsen, Bent Petersen, and Paolo Marcatili. 
# ... NetSurfP-2.0: Improved prediction of protein structural features by integrated deep learning.
# ... Proteins: Structure, Function, and Bioinformatics (Feb. 2019).
# ... https://doi.org/10.1002/prot.25674
# ...
#
# Column 1: Class assignment - B for buried or E for Exposed - Threshold: 25% exposure, but not based on RSA
# Column 2: Amino acid
# Column 3: Sequence name
# Column 4: Amino acid number
# Column 5: Relative Surface Accessibility - RSA
# Column 6: Absolute Surface Accessibility
# Column 7: Not used
# Column 8: Probability for Alpha-Helix
# Column 9: Probability for Beta-strand
# Column 10: Probability for Coil
E S  3G74B                  1    0.835  97.908   0.000   0.001   0.001   0.998
E D  3G74B                  2    0.605  87.140   0.000   0.009   0.193   0.798
E T  3G74B                  3    0.409  56.721   0.000   0.000   0.777   0.223
B L  3G74B                  4    0.128  23.423   0.000   0.001   0.916   0.084
E Y  3G74B                  5    0.328  70.011   0.000   0.001   0.963   0.036
B I  3G74B                  6    0.118  21.896   0.000   0.001   0.947   0.052
E K  3G74B                  7    0.411  84.547   0.000   0.002   0.827   0.171
E D  3G74B                  8    0.598  86.158   0.000   0.007   0.247   0.746
E Q  3G74B                  9    0.618 110.291   0.000   0.013   0.117   0.869
E A  3G74B                 10    0.506  55.781   0.000   0.015   0.362   0.623
B V  3G74B                 11    0.237  36.493   0.000   0.003   0.836   0.161
E E  3G74B                 12    0.624 109.011   0.000   0.002   0.920   0.078
B I  3G74B                 13    0.166  30.702   0.000   0.003   0.670   0.327
E T  3G74B                 14    0.565  78.305   0.000   0.006   0.272   0.722
E K  3G74B                 15    0.609 125.338   0.000   0.023   0.081   0.896
E K  3G74B                 16    0.604 124.173   0.000   0.006   0.079   0.915
E Q  3G74B                 17    0.595 106.283   0.000   0.006   0.721   0.274
B V  3G74B                 18    0.073  11.255   0.000   0.000   0.906   0.094
E T  3G74B                 19    0.282  39.157   0.000   0.000   0.940   0.059
B V  3G74B                 20    0.113  17.383   0.000   0.954   0.018   0.028
E G  3G74B                 21    0.293  23.043   0.000   0.964   0.021   0.015
E D  3G74B                 22    0.449  64.710   0.000   0.944   0.044   0.012
B V  3G74B                 23    0.094  14.411   0.000   0.465   0.276   0.259
B A  3G74B                 24    0.069   7.629   0.000   0.038   0.786   0.176
E K  3G74B                 25    0.446  91.734   0.000   0.002   0.977   0.021
B L  3G74B                 26    0.118  21.684   0.000   0.001   0.991   0.008
E Q  3G74B                 27    0.400  71.502   0.000   0.001   0.986   0.012
B C  3G74B                 28    0.069   9.693   0.000   0.001   0.620   0.379
E K  3G74B                 29    0.742 152.572   0.000   0.001   0.006   0.993
E N  3G74B                 30    0.406  59.497   0.000   0.004   0.003   0.994
E K  3G74B                 31    0.671 138.070   0.000   0.948   0.000   0.052
E N  3G74B                 32    0.696 101.873   0.000   0.944   0.000   0.056
B I  3G74B                 33    0.076  14.018   0.000   0.982   0.000   0.018
B T  3G74B                 34    0.201  27.811   0.000   0.997   0.000   0.003
E N  3G74B                 35    0.663  97.094   0.000   0.995   0.000   0.005
E R  3G74B                 36    0.481 110.169   0.000   0.994   0.000   0.005
B L  3G74B                 37    0.034   6.218   0.000   0.970   0.001   0.029
E K  3G74B                 38    0.525 108.065   0.000   0.657   0.006   0.338
E S  3G74B                 39    0.695  81.413   0.000   0.312   0.005   0.683
E K  3G74B                 40    0.398  81.907   0.000   0.078   0.023   0.899
E L  3G74B                 41    0.422  77.294   0.000   0.006   0.894   0.100
E L  3G74B                 42    0.278  50.814   0.000   0.007   0.867   0.126
E E  3G74B                 43    0.381  66.496   0.000   0.002   0.977   0.021
E D  3G74B                 44    0.620  89.331   0.000   0.002   0.936   0.062
E T  3G74B                 45    0.268  37.187   0.000   0.018   0.392   0.590
E T  3G74B                 46    0.610  84.652   0.000   0.051   0.197   0.752
E K  3G74B                 47    0.742 152.605   0.000   0.079   0.049   0.872
E G  3G74B                 48    0.740  58.274   0.000   0.069   0.021   0.910
E K  3G74B                 49    0.614 126.296   0.000   0.043   0.047   0.910
E K  3G74B                 50    0.556 114.383   0.000   0.011   0.234   0.755
E R  3G74B                 51    0.372  85.130   0.000   0.002   0.789   0.208
B Y  3G74B                 52    0.240  51.345   0.000   0.001   0.978   0.021
B I  3G74B                 53    0.142  26.328   0.000   0.001   0.990   0.009
B V  3G74B                 54    0.082  12.572   0.000   0.003   0.959   0.038
B S  3G74B                 55    0.206  24.113   0.000   0.005   0.905   0.090
B I  3G74B                 56    0.173  32.011   0.000   0.186   0.685   0.129
E K  3G74B                 57    0.476  97.812   0.000   0.366   0.557   0.077
B I  3G74B                 58    0.114  21.016   0.000   0.463   0.503   0.034
E I  3G74B                 59    0.303  56.104   0.000   0.389   0.525   0.086
E E  3G74B                 60    0.512  89.385   0.000   0.343   0.486   0.171
B A  3G74B                 61    0.173  19.101   0.000   0.581   0.160   0.259
E D  3G74B                 62    0.494  71.150   0.000   0.346   0.193   0.461
E Q  3G74B                 63    0.734 131.087   0.000   0.316   0.185   0.499
E T  3G74B                 64    0.545  75.536   0.000   0.202   0.270   0.528
B F  3G74B                 65    0.224  44.899   0.000   0.027   0.397   0.576
E Q  3G74B                 66    0.775 138.487   0.000   0.006   0.104   0.890
E N  3G74B                 67    0.704 103.107   0.000   0.006   0.035   0.959
B V  3G74B                 68    0.126  19.338   0.000   0.001   0.686   0.313
E D  3G74B                 69    0.539  77.733   0.000   0.000   0.968   0.031
B I  3G74B                 70    0.202  37.305   0.000   0.000   0.982   0.017
E Q  3G74B                 71    0.508  90.813   0.000   0.000   0.993   0.007
E N  3G74B                 72    0.406  59.367   0.000   0.000   0.991   0.009
E I  3G74B                 73    0.342  63.258   0.000   0.005   0.591   0.404
E G  3G74B                 74    0.419  32.956   0.000   0.013   0.338   0.649
E E  3G74B                 75    0.678 118.398   0.000   0.043   0.118   0.839
E T  3G74B                 76    0.369  51.149   0.000   0.047   0.095   0.858
E E  3G74B                 77    0.379  66.211   0.000   0.060   0.637   0.303
B C  3G74B                 78    0.072  10.083   0.000   0.002   0.974   0.025
B V  3G74B                 79    0.138  21.165   0.000   0.000   0.994   0.005
B V  3G74B                 80    0.028   4.371   0.000   0.000   0.999   0.001
E E  3G74B                 81    0.301  52.597   0.000   0.000   0.993   0.006
B F  3G74B                 82    0.128  25.770   0.000   0.000   0.978   0.022
E K  3G74B                 83    0.451  92.691   0.000   0.001   0.782   0.217
E T  3G74B                 84    0.612  84.906   0.000   0.000   0.152   0.848
E P  3G74B                 85    0.854 121.161   0.000   0.001   0.000   0.999
