# For publication of results, please cite:
# ...
# ... Michael Schantz Klausen, Martin Closter Jespersen, Henrik Nielsen, Kamilla Kjærgaard Jensen, 
# ... Vanessa Isabell Jurtz, Casper Kaae Sønderby, Morten Otto Alexander Sommer, Ole Winther, 
# ... Morten Nielsen, Bent Petersen, and Paolo Marcatili. 
# ... NetSurfP-2.0: Improved prediction of protein structural features by integrated deep learning.
# ... Proteins: Structure, Function, and Bioinformatics (Feb. 2019).
# ... https://doi.org/10.1002/prot.25674
# ...
#
# Column 1: Class assignment - B for buried or E for Exposed - Threshold: 25% exposure, but not based on RSA
# Column 2: Amino acid
# Column 3: Sequence name
# Column 4: Amino acid number
# Column 5: Relative Surface Accessibility - RSA
# Column 6: Absolute Surface Accessibility
# Column 7: Not used
# Column 8: Probability for Alpha-Helix
# Column 9: Probability for Beta-strand
# Column 10: Probability for Coil
E G  2GVIA                  1    0.949  74.722   0.000   0.000   0.000   1.000
E M  2GVIA                  2    0.633 126.600   0.000   0.060   0.005   0.935
E E  2GVIA                  3    0.707 123.541   0.000   0.094   0.013   0.893
E K  2GVIA                  4    0.666 137.044   0.000   0.086   0.035   0.879
E L  2GVIA                  5    0.430  78.787   0.000   0.083   0.051   0.866
E N  2GVIA                  6    0.648  94.830   0.000   0.058   0.036   0.906
E F  2GVIA                  7    0.354  71.084   0.000   0.074   0.034   0.892
E G  2GVIA                  8    0.339  26.719   0.000   0.097   0.019   0.884
B I  2GVIA                  9    0.193  35.747   0.000   0.384   0.008   0.608
B P  2GVIA                 10    0.164  23.241   0.000   0.638   0.006   0.355
E E  2GVIA                 11    0.541  94.551   0.000   0.907   0.003   0.090
B W  2GVIA                 12    0.243  58.327   0.000   0.947   0.004   0.049
B A  2GVIA                 13    0.029   3.156   0.000   0.969   0.001   0.030
B F  2GVIA                 14    0.159  31.877   0.000   0.973   0.001   0.026
E E  2GVIA                 15    0.683 119.331   0.000   0.966   0.001   0.033
E F  2GVIA                 16    0.346  69.404   0.000   0.929   0.001   0.070
B H  2GVIA                 17    0.201  36.585   0.000   0.733   0.001   0.266
E G  2GVIA                 18    0.517  40.714   0.000   0.022   0.002   0.976
E H  2GVIA                 19    0.259  47.071   0.000   0.019   0.033   0.948
E K  2GVIA                 20    0.505 103.814   0.000   0.025   0.011   0.964
B C  2GVIA                 21    0.141  19.734   0.000   0.025   0.006   0.969
B P  2GVIA                 22    0.111  15.746   0.000   0.282   0.001   0.717
B Y  2GVIA                 23    0.146  31.133   0.000   0.751   0.001   0.248
B M  2GVIA                 24    0.072  14.350   0.000   0.991   0.000   0.009
B P  2GVIA                 25    0.038   5.419   0.000   0.995   0.000   0.004
B M  2GVIA                 26    0.024   4.740   0.000   0.998   0.000   0.002
B G  2GVIA                 27    0.007   0.521   0.000   0.999   0.000   0.000
B Y  2GVIA                 28    0.066  14.186   0.000   1.000   0.000   0.000
B R  2GVIA                 29    0.120  27.411   0.000   1.000   0.000   0.000
B A  2GVIA                 30    0.006   0.658   0.000   0.999   0.000   0.001
B G  2GVIA                 31    0.005   0.424   0.000   1.000   0.000   0.000
B S  2GVIA                 32    0.173  20.316   0.000   0.999   0.000   0.001
B Y  2GVIA                 33    0.129  27.497   0.000   0.999   0.000   0.001
B A  2GVIA                 34    0.002   0.241   0.000   0.999   0.000   0.001
B L  2GVIA                 35    0.075  13.765   0.000   0.999   0.000   0.001
E K  2GVIA                 36    0.567 116.669   0.000   0.995   0.000   0.005
B I  2GVIA                 37    0.224  41.362   0.000   0.977   0.000   0.023
B A  2GVIA                 38    0.110  12.157   0.000   0.517   0.001   0.483
E G  2GVIA                 39    0.670  52.723   0.000   0.007   0.000   0.993
B L  2GVIA                 40    0.138  25.271   0.000   0.028   0.003   0.969
E E  2GVIA                 41    0.746 130.337   0.000   0.057   0.007   0.936
E K  2GVIA                 42    0.515 105.900   0.000   0.259   0.012   0.728
E E  2GVIA                 43    0.554  96.820   0.000   0.327   0.012   0.661
E K  2GVIA                 44    0.512 105.385   0.000   0.223   0.020   0.757
E D  2GVIA                 45    0.553  79.664   0.000   0.178   0.024   0.798
E H  2GVIA                 46    0.387  70.337   0.000   0.123   0.068   0.809
E R  2GVIA                 47    0.391  89.455   0.000   0.096   0.290   0.615
B T  2GVIA                 48    0.040   5.597   0.000   0.009   0.884   0.107
B Y  2GVIA                 49    0.153  32.606   0.000   0.006   0.973   0.022
B L  2GVIA                 50    0.040   7.247   0.000   0.002   0.987   0.011
B L  2GVIA                 51    0.089  16.379   0.000   0.002   0.973   0.025
B S  2GVIA                 52    0.053   6.190   0.000   0.001   0.911   0.088
B E  2GVIA                 53    0.221  38.574   0.000   0.005   0.498   0.497
B M  2GVIA                 54    0.142  28.433   0.000   0.004   0.238   0.758
B S  2GVIA                 55    0.212  24.904   0.000   0.018   0.063   0.919
E P  2GVIA                 56    0.467  66.331   0.000   0.510   0.009   0.481
E E  2GVIA                 57    0.759 132.569   0.000   0.470   0.003   0.527
E D  2GVIA                 58    0.398  57.385   0.000   0.445   0.016   0.539
E M  2GVIA                 59    0.261  52.231   0.000   0.225   0.065   0.710
E N  2GVIA                 60    0.505  73.993   0.000   0.147   0.020   0.832
E G  2GVIA                 61    0.275  21.662   0.000   0.264   0.012   0.724
B C  2GVIA                 62    0.156  21.894   0.000   0.717   0.021   0.262
B F  2GVIA                 63    0.102  20.489   0.000   0.978   0.001   0.020
B N  2GVIA                 64    0.155  22.718   0.000   0.993   0.000   0.007
B D  2GVIA                 65    0.185  26.701   0.000   0.996   0.000   0.004
B G  2GVIA                 66    0.046   3.638   0.000   0.997   0.000   0.003
B A  2GVIA                 67    0.042   4.615   0.000   0.999   0.000   0.001
B Q  2GVIA                 68    0.175  31.201   0.000   0.999   0.000   0.001
B A  2GVIA                 69    0.242  26.719   0.000   0.998   0.000   0.002
B A  2GVIA                 70    0.118  13.057   0.000   0.984   0.000   0.016
B T  2GVIA                 71    0.159  22.119   0.000   0.886   0.000   0.114
E G  2GVIA                 72    0.411  32.339   0.000   0.017   0.001   0.981
B C  2GVIA                 73    0.090  12.593   0.000   0.013   0.014   0.973
E T  2GVIA                 74    0.316  43.862   0.000   0.030   0.322   0.649
E Y  2GVIA                 75    0.450  96.206   0.000   0.109   0.137   0.753
E G  2GVIA                 76    0.617  48.523   0.000   0.168   0.034   0.799
E K  2GVIA                 77    0.620 127.461   0.000   0.200   0.010   0.790
E G  2GVIA                 78    0.356  28.013   0.000   0.088   0.011   0.901
B L  2GVIA                 79    0.228  41.808   0.000   0.043   0.121   0.837
B F  2GVIA                 80    0.115  23.029   0.000   0.003   0.824   0.173
E S  2GVIA                 81    0.294  34.469   0.000   0.002   0.980   0.018
E L  2GVIA                 82    0.251  45.972   0.000   0.002   0.966   0.032
E L  2GVIA                 83    0.364  66.721   0.000   0.023   0.722   0.255
E G  2GVIA                 84    0.546  42.935   0.000   0.073   0.251   0.676
E Y  2GVIA                 85    0.519 110.839   0.000   0.100   0.112   0.788
E G  2GVIA                 86    0.533  41.954   0.000   0.096   0.037   0.867
E K  2GVIA                 87    0.542 111.568   0.000   0.030   0.170   0.801
B L  2GVIA                 88    0.180  32.978   0.000   0.008   0.575   0.417
B A  2GVIA                 89    0.075   8.318   0.000   0.000   0.956   0.044
B L  2GVIA                 90    0.026   4.816   0.000   0.000   0.997   0.003
B I  2GVIA                 91    0.113  20.978   0.000   0.000   0.999   0.001
B L  2GVIA                 92    0.013   2.327   0.000   0.000   0.999   0.001
E Y  2GVIA                 93    0.253  53.974   0.000   0.000   0.993   0.006
B R  2GVIA                 94    0.210  48.045   0.000   0.000   0.582   0.417
E P  2GVIA                 95    0.529  75.107   0.000   0.064   0.027   0.909
E G  2GVIA                 96    0.833  65.551   0.000   0.038   0.001   0.961
E R  2GVIA                 97    0.575 131.573   0.000   0.041   0.071   0.888
E K  2GVIA                 98    0.546 112.247   0.000   0.002   0.224   0.774
B A  2GVIA                 99    0.098  10.800   0.000   0.000   0.876   0.124
B I  2GVIA                100    0.037   6.788   0.000   0.000   0.995   0.005
E R  2GVIA                101    0.281  64.426   0.000   0.000   0.998   0.001
B V  2GVIA                102    0.017   2.583   0.000   0.000   0.999   0.001
B H  2GVIA                103    0.185  33.642   0.000   0.000   0.996   0.004
B V  2GVIA                104    0.061   9.312   0.000   0.000   0.950   0.050
E R  2GVIA                105    0.320  73.167   0.000   0.004   0.264   0.732
E N  2GVIA                106    0.541  79.133   0.000   0.831   0.005   0.164
E S  2GVIA                107    0.604  70.748   0.000   0.902   0.001   0.097
B F  2GVIA                108    0.119  23.835   0.000   0.940   0.001   0.060
B M  2GVIA                109    0.119  23.719   0.000   0.896   0.006   0.098
E D  2GVIA                110    0.755 108.811   0.000   0.800   0.002   0.198
E E  2GVIA                111    0.608 106.133   0.000   0.694   0.004   0.303
B L  2GVIA                112    0.154  28.214   0.000   0.490   0.010   0.501
E S  2GVIA                113    0.291  34.137   0.000   0.360   0.006   0.634
E T  2GVIA                114    0.695  96.328   0.000   0.879   0.001   0.120
E R  2GVIA                115    0.463 105.949   0.000   0.864   0.003   0.133
B A  2GVIA                116    0.096  10.571   0.000   0.896   0.001   0.103
E S  2GVIA                117    0.331  38.804   0.000   0.929   0.001   0.070
E D  2GVIA                118    0.486  70.085   0.000   0.961   0.001   0.038
B F  2GVIA                119    0.102  20.494   0.000   0.985   0.000   0.015
B F  2GVIA                120    0.226  45.338   0.000   0.980   0.000   0.020
E R  2GVIA                121    0.530 121.447   0.000   0.975   0.001   0.024
E Y  2GVIA                122    0.260  55.655   0.000   0.969   0.001   0.030
E R  2GVIA                123    0.314  71.977   0.000   0.971   0.000   0.029
E K  2GVIA                124    0.603 124.041   0.000   0.938   0.001   0.061
E Q  2GVIA                125    0.691 123.335   0.000   0.344   0.001   0.655
E G  2GVIA                126    0.657  51.706   0.000   0.009   0.000   0.991
E Y  2GVIA                127    0.464  99.110   0.000   0.003   0.011   0.987
E E  2GVIA                128    0.591 103.209   0.000   0.002   0.002   0.996
E P  2GVIA                129    0.317  45.027   0.000   0.461   0.002   0.537
E S  2GVIA                130    0.748  87.665   0.000   0.509   0.003   0.489
E E  2GVIA                131    0.683 119.344   0.000   0.384   0.009   0.607
B I  2GVIA                132    0.185  34.273   0.000   0.012   0.017   0.971
E P  2GVIA                133    0.409  58.092   0.000   0.013   0.008   0.979
E A  2GVIA                134    0.674  74.262   0.000   0.315   0.004   0.681
E G  2GVIA                135    0.665  52.323   0.000   0.323   0.005   0.672
E A  2GVIA                136    0.274  30.184   0.000   0.527   0.010   0.462
B I  2GVIA                137    0.150  27.838   0.000   0.521   0.017   0.463
E D  2GVIA                138    0.418  60.214   0.000   0.811   0.002   0.187
E P  2GVIA                139    0.463  65.716   0.000   0.958   0.001   0.041
B V  2GVIA                140    0.110  16.932   0.000   0.989   0.000   0.010
B L  2GVIA                141    0.047   8.668   0.000   0.994   0.000   0.005
E E  2GVIA                142    0.549  95.835   0.000   0.995   0.000   0.005
E W  2GVIA                143    0.329  79.122   0.000   0.993   0.000   0.007
B I  2GVIA                144    0.027   4.913   0.000   0.991   0.000   0.009
E S  2GVIA                145    0.299  35.101   0.000   0.811   0.000   0.188
E S  2GVIA                146    0.705  82.605   0.000   0.389   0.000   0.611
B L  2GVIA                147    0.182  33.340   0.000   0.012   0.000   0.988
E E  2GVIA                148    0.715 124.914   0.000   0.005   0.002   0.993
E D  2GVIA                149    0.397  57.188   0.000   0.687   0.000   0.313
E E  2GVIA                150    0.699 122.049   0.000   0.827   0.001   0.172
E E  2GVIA                151    0.582 101.704   0.000   0.896   0.001   0.103
B I  2GVIA                152    0.058  10.676   0.000   0.493   0.010   0.496
B F  2GVIA                153    0.081  16.339   0.000   0.005   0.713   0.282
E E  2GVIA                154    0.512  89.490   0.000   0.001   0.958   0.041
E Y  2GVIA                155    0.286  61.119   0.000   0.000   0.987   0.013
E R  2GVIA                156    0.500 114.460   0.000   0.000   0.992   0.008
E E  2GVIA                157    0.615 107.475   0.000   0.000   0.974   0.026
B I  2GVIA                158    0.187  34.582   0.000   0.004   0.393   0.603
E D  2GVIA                159    0.824 118.769   0.000   0.014   0.104   0.882
E G  2GVIA                160    0.706  55.582   0.000   0.056   0.012   0.931
E F  2GVIA                161    0.261  52.353   0.000   0.024   0.037   0.938
E T  2GVIA                162    0.747 103.580   0.000   0.011   0.081   0.907
E F  2GVIA                163    0.290  58.131   0.000   0.006   0.059   0.935
E E  2GVIA                164    0.687 119.942   0.000   0.006   0.022   0.972
E P  2GVIA                165    0.594  84.233   0.000   0.024   0.039   0.937
E V  2GVIA                166    0.383  58.832   0.000   0.029   0.034   0.937
E K  2GVIA                167    0.706 145.211   0.000   0.030   0.027   0.943
E K  2GVIA                168    0.600 123.462   0.000   0.034   0.044   0.922
E N  2GVIA                169    0.732 107.238   0.000   0.017   0.020   0.963
E G  2GVIA                170    0.597  47.005   0.000   0.008   0.039   0.953
E A  2GVIA                171    0.450  49.581   0.000   0.010   0.062   0.929
E K  2GVIA                172    0.550 113.153   0.000   0.002   0.580   0.418
B V  2GVIA                173    0.190  29.233   0.000   0.000   0.901   0.099
E R  2GVIA                174    0.570 130.465   0.000   0.000   0.977   0.023
B C  2GVIA                175    0.034   4.749   0.000   0.000   0.057   0.943
E D  2GVIA                176    0.757 109.155   0.000   0.001   0.000   0.999
E V  2GVIA                177    0.537  82.520   0.000   0.000   0.000   1.000
E C  2GVIA                178    0.432  60.607   0.000   0.001   0.000   0.999
E G  2GVIA                179    0.544  42.804   0.000   0.000   0.001   0.999
E E  2GVIA                180    0.434  75.826   0.000   0.000   0.004   0.995
E Y  2GVIA                181    0.508 108.462   0.000   0.000   0.983   0.017
B T  2GVIA                182    0.102  14.124   0.000   0.009   0.819   0.173
E Y  2GVIA                183    0.299  63.924   0.000   0.029   0.556   0.415
E E  2GVIA                184    0.478  83.504   0.000   0.773   0.016   0.211
E A  2GVIA                185    0.576  63.465   0.000   0.777   0.020   0.203
E D  2GVIA                186    0.396  57.010   0.000   0.769   0.019   0.212
B A  2GVIA                187    0.169  18.580   0.000   0.017   0.488   0.494
E K  2GVIA                188    0.410  84.238   0.000   0.004   0.903   0.093
E L  2GVIA                189    0.446  81.678   0.000   0.002   0.965   0.033
E L  2GVIA                190    0.288  52.679   0.000   0.001   0.979   0.020
E N  2GVIA                191    0.935 136.931   0.000   0.001   0.000   0.999
E G  2GVIA                192    0.834  65.650   0.000   0.002   0.000   0.998
E K  2GVIA                193    0.584 120.114   0.000   0.000   0.988   0.012
E P  2GVIA                194    0.391  55.417   0.000   0.000   0.995   0.005
B V  2GVIA                195    0.064   9.854   0.000   0.002   0.721   0.277
B C  2GVIA                196    0.074  10.400   0.000   0.007   0.546   0.447
E K  2GVIA                197    0.415  85.302   0.000   0.749   0.027   0.224
E P  2GVIA                198    0.449  63.675   0.000   0.800   0.026   0.175
E D  2GVIA                199    0.289  41.652   0.000   0.834   0.007   0.160
E Y  2GVIA                200    0.390  83.314   0.000   0.590   0.024   0.386
E Y  2GVIA                201    0.704 150.459   0.000   0.352   0.009   0.639
E G  2GVIA                202    0.718  56.514   0.000   0.052   0.004   0.945
E K  2GVIA                203    0.723 148.704   0.000   0.021   0.010   0.969
E K  2GVIA                204    0.872 179.412   0.000   0.000   0.000   1.000
