# For publication of results, please cite:
# ...
# ... Michael Schantz Klausen, Martin Closter Jespersen, Henrik Nielsen, Kamilla Kjærgaard Jensen, 
# ... Vanessa Isabell Jurtz, Casper Kaae Sønderby, Morten Otto Alexander Sommer, Ole Winther, 
# ... Morten Nielsen, Bent Petersen, and Paolo Marcatili. 
# ... NetSurfP-2.0: Improved prediction of protein structural features by integrated deep learning.
# ... Proteins: Structure, Function, and Bioinformatics (Feb. 2019).
# ... https://doi.org/10.1002/prot.25674
# ...
#
# Column 1: Class assignment - B for buried or E for Exposed - Threshold: 25% exposure, but not based on RSA
# Column 2: Amino acid
# Column 3: Sequence name
# Column 4: Amino acid number
# Column 5: Relative Surface Accessibility - RSA
# Column 6: Absolute Surface Accessibility
# Column 7: Not used
# Column 8: Probability for Alpha-Helix
# Column 9: Probability for Beta-strand
# Column 10: Probability for Coil
E N  1ZWYC                  1    0.968 141.674   0.000   0.000   0.000   1.000
E A  1ZWYC                  2    0.811  89.414   0.000   0.007   0.004   0.989
E M  1ZWYC                  3    0.628 125.600   0.000   0.005   0.003   0.992
E P  1ZWYC                  4    0.533  75.636   0.000   0.007   0.001   0.992
E P  1ZWYC                  5    0.612  86.885   0.000   0.048   0.006   0.946
E I  1ZWYC                  6    0.490  90.595   0.000   0.138   0.029   0.833
E I  1ZWYC                  7    0.355  65.680   0.000   0.093   0.044   0.863
E K  1ZWYC                  8    0.618 127.208   0.000   0.112   0.051   0.837
E R  1ZWYC                  9    0.603 138.111   0.000   0.098   0.059   0.843
E R  1ZWYC                 10    0.694 158.971   0.000   0.044   0.026   0.931
E V  1ZWYC                 11    0.560  86.024   0.000   0.028   0.041   0.931
E M  1ZWYC                 12    0.395  79.072   0.000   0.016   0.085   0.899
E R  1ZWYC                 13    0.407  93.154   0.000   0.004   0.256   0.740
E K  1ZWYC                 14    0.337  69.295   0.000   0.001   0.893   0.106
B I  1ZWYC                 15    0.012   2.224   0.000   0.000   0.995   0.005
B I  1ZWYC                 16    0.019   3.488   0.000   0.000   0.999   0.001
B I  1ZWYC                 17    0.003   0.488   0.000   0.000   0.998   0.002
B A  1ZWYC                 18    0.012   1.308   0.000   0.000   0.964   0.036
B S  1ZWYC                 19    0.020   2.361   0.000   0.000   0.718   0.282
E Q  1ZWYC                 20    0.622 111.128   0.000   0.000   0.000   0.999
E N  1ZWYC                 21    0.284  41.643   0.000   0.000   0.000   1.000
E P  1ZWYC                 22    0.541  76.704   0.000   0.996   0.000   0.004
B A  1ZWYC                 23    0.208  22.950   0.000   0.998   0.000   0.002
B K  1ZWYC                 24    0.049  10.031   0.000   0.999   0.000   0.001
B V  1ZWYC                 25    0.060   9.251   0.000   0.998   0.000   0.002
E N  1ZWYC                 26    0.492  72.091   0.000   0.999   0.000   0.001
B A  1ZWYC                 27    0.036   4.013   0.000   1.000   0.000   0.000
B V  1ZWYC                 28    0.007   1.065   0.000   0.999   0.000   0.001
E R  1ZWYC                 29    0.400  91.669   0.000   0.999   0.000   0.001
E S  1ZWYC                 30    0.419  49.155   0.000   0.997   0.000   0.003
B A  1ZWYC                 31    0.013   1.467   0.000   0.998   0.000   0.002
B F  1ZWYC                 32    0.018   3.563   0.000   0.992   0.000   0.008
E S  1ZWYC                 33    0.489  57.293   0.000   0.966   0.000   0.034
E T  1ZWYC                 34    0.616  85.384   0.000   0.940   0.000   0.059
B V  1ZWYC                 35    0.177  27.198   0.000   0.946   0.000   0.054
B F  1ZWYC                 36    0.080  15.984   0.000   0.003   0.001   0.996
E P  1ZWYC                 37    0.639  90.608   0.000   0.003   0.000   0.996
E D  1ZWYC                 38    0.937 135.004   0.000   0.004   0.000   0.996
E Q  1ZWYC                 39    0.324  57.780   0.000   0.007   0.011   0.982
E E  1ZWYC                 40    0.718 125.449   0.000   0.004   0.304   0.692
B W  1ZWYC                 41    0.123  29.700   0.000   0.000   0.785   0.215
E E  1ZWYC                 42    0.538  93.930   0.000   0.000   0.991   0.008
B F  1ZWYC                 43    0.194  39.012   0.000   0.000   0.994   0.006
E I  1ZWYC                 44    0.264  48.776   0.000   0.000   0.996   0.003
E G  1ZWYC                 45    0.279  21.959   0.000   0.000   0.977   0.023
B V  1ZWYC                 46    0.139  21.308   0.000   0.000   0.954   0.046
E S  1ZWYC                 47    0.590  69.117   0.000   0.000   0.818   0.182
B V  1ZWYC                 48    0.076  11.650   0.000   0.001   0.446   0.553
E P  1ZWYC                 49    0.525  74.552   0.000   0.004   0.152   0.844
B S  1ZWYC                 50    0.155  18.144   0.000   0.007   0.036   0.956
E E  1ZWYC                 51    0.734 128.212   0.000   0.003   0.006   0.991
B V  1ZWYC                 52    0.203  31.183   0.000   0.009   0.018   0.973
E A  1ZWYC                 53    0.393  43.357   0.000   0.020   0.011   0.969
E D  1ZWYC                 54    0.728 104.895   0.000   0.021   0.007   0.972
E Q  1ZWYC                 55    0.284  50.741   0.000   0.001   0.030   0.969
E P  1ZWYC                 56    0.392  55.599   0.000   0.000   0.025   0.974
B M  1ZWYC                 57    0.227  45.475   0.000   0.002   0.073   0.925
E S  1ZWYC                 58    0.408  47.819   0.000   0.002   0.008   0.989
E D  1ZWYC                 59    0.436  62.866   0.000   0.989   0.000   0.011
E E  1ZWYC                 60    0.704 122.941   0.000   0.999   0.000   0.001
E E  1ZWYC                 61    0.364  63.666   0.000   0.999   0.000   0.001
B T  1ZWYC                 62    0.015   2.060   0.000   0.999   0.000   0.001
E K  1ZWYC                 63    0.280  57.595   0.000   0.999   0.000   0.001
E Q  1ZWYC                 64    0.516  92.153   0.000   1.000   0.000   0.000
B G  1ZWYC                 65    0.031   2.478   0.000   1.000   0.000   0.000
B A  1ZWYC                 66    0.003   0.343   0.000   1.000   0.000   0.000
B L  1ZWYC                 67    0.188  34.392   0.000   1.000   0.000   0.000
E N  1ZWYC                 68    0.301  44.090   0.000   1.000   0.000   0.000
B R  1ZWYC                 69    0.085  19.508   0.000   1.000   0.000   0.000
B V  1ZWYC                 70    0.007   1.038   0.000   1.000   0.000   0.000
E R  1ZWYC                 71    0.467 106.909   0.000   1.000   0.000   0.000
E N  1ZWYC                 72    0.304  44.481   0.000   0.998   0.000   0.002
B A  1ZWYC                 73    0.003   0.357   0.000   0.999   0.000   0.001
E K  1ZWYC                 74    0.323  66.348   0.000   0.997   0.000   0.003
E Q  1ZWYC                 75    0.814 145.411   0.000   0.988   0.000   0.012
E R  1ZWYC                 76    0.583 133.618   0.000   0.962   0.000   0.038
B H  1ZWYC                 77    0.203  36.985   0.000   0.002   0.000   0.998
E P  1ZWYC                 78    0.725 102.915   0.000   0.002   0.000   0.997
E G  1ZWYC                 79    0.737  57.992   0.000   0.002   0.000   0.998
B A  1ZWYC                 80    0.058   6.397   0.000   0.001   0.012   0.987
E E  1ZWYC                 81    0.428  74.757   0.000   0.001   0.094   0.906
B Y  1ZWYC                 82    0.100  21.467   0.000   0.000   0.884   0.115
B Y  1ZWYC                 83    0.046   9.858   0.000   0.000   0.995   0.005
B V  1ZWYC                 84    0.005   0.791   0.000   0.000   0.998   0.002
B G  1ZWYC                 85    0.005   0.358   0.000   0.000   0.996   0.004
B L  1ZWYC                 86    0.011   1.971   0.000   0.001   0.980   0.019
B E  1ZWYC                 87    0.067  11.663   0.000   0.004   0.946   0.050
B A  1ZWYC                 88    0.103  11.382   0.000   0.050   0.769   0.182
B G  1ZWYC                 89    0.075   5.901   0.000   0.011   0.922   0.067
B I  1ZWYC                 90    0.080  14.718   0.000   0.004   0.947   0.049
E E  1ZWYC                 91    0.266  46.517   0.000   0.016   0.837   0.146
E E  1ZWYC                 92    0.569  99.443   0.000   0.032   0.605   0.363
E N  1ZWYC                 93    0.542  79.354   0.000   0.023   0.318   0.659
E K  1ZWYC                 94    0.577 118.683   0.000   0.022   0.142   0.835
E T  1ZWYC                 95    0.311  43.096   0.000   0.007   0.281   0.712
B F  1ZWYC                 96    0.065  13.122   0.000   0.001   0.898   0.101
B A  1ZWYC                 97    0.023   2.513   0.000   0.000   0.971   0.029
B W  1ZWYC                 98    0.037   8.832   0.000   0.000   0.991   0.009
B M  1ZWYC                 99    0.004   0.770   0.000   0.000   0.999   0.001
B I  1ZWYC                100    0.012   2.175   0.000   0.000   1.000   0.000
B V  1ZWYC                101    0.007   1.109   0.000   0.000   0.998   0.002
B E  1ZWYC                102    0.206  36.033   0.000   0.000   0.986   0.013
B S  1ZWYC                103    0.132  15.492   0.000   0.001   0.668   0.332
E D  1ZWYC                104    0.813 117.166   0.000   0.001   0.001   0.997
E Q  1ZWYC                105    0.815 145.571   0.000   0.001   0.000   0.999
E Q  1ZWYC                106    0.475  84.895   0.000   0.002   0.704   0.294
E R  1ZWYC                107    0.408  93.356   0.000   0.000   0.986   0.014
B G  1ZWYC                108    0.090   7.115   0.000   0.000   0.999   0.001
E E  1ZWYC                109    0.355  61.954   0.000   0.000   0.998   0.002
B S  1ZWYC                110    0.044   5.204   0.000   0.000   0.995   0.005
E R  1ZWYC                111    0.352  80.679   0.000   0.000   0.979   0.021
B S  1ZWYC                112    0.073   8.555   0.000   0.009   0.644   0.348
E A  1ZWYC                113    0.411  45.292   0.000   0.005   0.047   0.948
E C  1ZWYC                114    0.440  61.791   0.000   0.005   0.093   0.903
B L  1ZWYC                115    0.213  39.031   0.000   0.002   0.464   0.535
E M  1ZWYC                116    0.549 109.765   0.000   0.001   0.619   0.381
B L  1ZWYC                117    0.045   8.208   0.000   0.000   0.073   0.926
B P  1ZWYC                118    0.147  20.821   0.000   0.001   0.004   0.995
E P  1ZWYC                119    0.509  72.249   0.000   0.987   0.000   0.013
E L  1ZWYC                120    0.466  85.249   0.000   0.994   0.000   0.006
B V  1ZWYC                121    0.015   2.277   0.000   0.997   0.000   0.003
B L  1ZWYC                122    0.120  22.035   0.000   0.998   0.000   0.002
E E  1ZWYC                123    0.582 101.601   0.000   0.998   0.000   0.002
E R  1ZWYC                124    0.318  72.755   0.000   0.996   0.000   0.004
B L  1ZWYC                125    0.037   6.838   0.000   0.990   0.000   0.010
E R  1ZWYC                126    0.502 114.961   0.000   0.894   0.001   0.105
E Q  1ZWYC                127    0.718 128.169   0.000   0.210   0.000   0.790
E A  1ZWYC                128    0.440  48.514   0.000   0.023   0.001   0.976
E K  1ZWYC                129    0.458  94.244   0.000   0.005   0.053   0.942
E E  1ZWYC                130    0.485  84.795   0.000   0.013   0.254   0.733
B L  1ZWYC                131    0.042   7.759   0.000   0.821   0.004   0.175
B G  1ZWYC                132    0.124   9.794   0.000   0.949   0.001   0.050
E D  1ZWYC                133    0.582  83.834   0.000   0.963   0.001   0.036
B V  1ZWYC                134    0.080  12.351   0.000   0.969   0.001   0.030
B M  1ZWYC                135    0.028   5.681   0.000   0.962   0.000   0.038
E D  1ZWYC                136    0.355  51.106   0.000   0.970   0.000   0.030
E E  1ZWYC                137    0.739 129.026   0.000   0.977   0.000   0.023
B V  1ZWYC                138    0.233  35.752   0.000   0.969   0.000   0.031
B F  1ZWYC                139    0.211  42.426   0.000   0.877   0.000   0.123
E G  1ZWYC                140    0.732  57.582   0.000   0.004   0.000   0.996
E T  1ZWYC                141    0.379  52.619   0.000   0.011   0.004   0.985
E E  1ZWYC                142    0.799 139.603   0.000   0.040   0.006   0.953
E N  1ZWYC                143    0.523  76.556   0.000   0.030   0.010   0.960
B I  1ZWYC                144    0.159  29.446   0.000   0.299   0.013   0.687
E K  1ZWYC                145    0.506 104.124   0.000   0.476   0.003   0.520
E Q  1ZWYC                146    0.581 103.838   0.000   0.478   0.005   0.517
E K  1ZWYC                147    0.556 114.408   0.000   0.417   0.005   0.578
E G  1ZWYC                148    0.332  26.115   0.000   0.255   0.008   0.737
B G  1ZWYC                149    0.173  13.606   0.000   0.516   0.012   0.472
B A  1ZWYC                150    0.078   8.563   0.000   0.982   0.001   0.017
B I  1ZWYC                151    0.089  16.433   0.000   0.994   0.001   0.005
B G  1ZWYC                152    0.062   4.866   0.000   0.998   0.000   0.001
B L  1ZWYC                153    0.163  29.925   0.000   0.999   0.000   0.001
B L  1ZWYC                154    0.109  19.992   0.000   0.983   0.001   0.016
B T  1ZWYC                155    0.142  19.664   0.000   0.673   0.008   0.319
E R  1ZWYC                156    0.538 123.130   0.000   0.037   0.002   0.961
E H  1ZWYC                157    0.704 128.102   0.000   0.005   0.000   0.995
E H  1ZWYC                158    0.505  91.938   0.000   0.002   0.027   0.972
B L  1ZWYC                159    0.072  13.196   0.000   0.001   0.114   0.885
E T  1ZWYC                160    0.416  57.704   0.000   0.001   0.039   0.960
E R  1ZWYC                161    0.282  64.670   0.000   0.989   0.000   0.011
E S  1ZWYC                162    0.383  44.836   0.000   0.996   0.000   0.004
E T  1ZWYC                163    0.348  48.201   0.000   0.997   0.000   0.003
B V  1ZWYC                164    0.050   7.635   0.000   0.999   0.000   0.001
B Y  1ZWYC                165    0.090  19.156   0.000   0.999   0.000   0.001
E H  1ZWYC                166    0.334  60.681   0.000   0.999   0.000   0.001
E Q  1ZWYC                167    0.303  54.204   0.000   0.999   0.000   0.001
B A  1ZWYC                168    0.018   2.011   0.000   1.000   0.000   0.000
B L  1ZWYC                169    0.023   4.256   0.000   1.000   0.000   0.000
B I  1ZWYC                170    0.149  27.615   0.000   0.999   0.000   0.001
B L  1ZWYC                171    0.176  32.215   0.000   0.988   0.000   0.012
B A  1ZWYC                172    0.035   3.868   0.000   0.965   0.000   0.035
B L  1ZWYC                173    0.039   7.117   0.000   0.814   0.000   0.185
B I  1ZWYC                174    0.086  15.971   0.000   0.957   0.000   0.042
B P  1ZWYC                175    0.217  30.821   0.000   0.980   0.001   0.019
E F  1ZWYC                176    0.264  52.931   0.000   0.988   0.000   0.011
E I  1ZWYC                177    0.264  48.810   0.000   0.924   0.002   0.074
E N  1ZWYC                178    0.288  42.201   0.000   0.004   0.003   0.993
E P  1ZWYC                179    0.604  85.696   0.000   0.533   0.001   0.466
E E  1ZWYC                180    0.808 141.202   0.000   0.479   0.001   0.520
E H  1ZWYC                181    0.410  74.613   0.000   0.543   0.003   0.454
E Y  1ZWYC                182    0.274  58.558   0.000   0.005   0.012   0.983
E P  1ZWYC                183    0.580  82.293   0.000   0.016   0.006   0.978
E S  1ZWYC                184    0.837  98.081   0.000   0.019   0.008   0.973
E A  1ZWYC                185    0.885  97.540   0.000   0.000   0.000   1.000
