# For publication of results, please cite:
# ...
# ... Michael Schantz Klausen, Martin Closter Jespersen, Henrik Nielsen, Kamilla Kjærgaard Jensen, 
# ... Vanessa Isabell Jurtz, Casper Kaae Sønderby, Morten Otto Alexander Sommer, Ole Winther, 
# ... Morten Nielsen, Bent Petersen, and Paolo Marcatili. 
# ... NetSurfP-2.0: Improved prediction of protein structural features by integrated deep learning.
# ... Proteins: Structure, Function, and Bioinformatics (Feb. 2019).
# ... https://doi.org/10.1002/prot.25674
# ...
#
# Column 1: Class assignment - B for buried or E for Exposed - Threshold: 25% exposure, but not based on RSA
# Column 2: Amino acid
# Column 3: Sequence name
# Column 4: Amino acid number
# Column 5: Relative Surface Accessibility - RSA
# Column 6: Absolute Surface Accessibility
# Column 7: Not used
# Column 8: Probability for Alpha-Helix
# Column 9: Probability for Beta-strand
# Column 10: Probability for Coil
E T  1WPVB                  1    0.875 121.324   0.000   0.002   0.000   0.997
E L  1WPVB                  2    0.570 104.429   0.000   0.513   0.012   0.475
E H  1WPVB                  3    0.611 111.139   0.000   0.614   0.005   0.381
E K  1WPVB                  4    0.542 111.457   0.000   0.750   0.003   0.247
E E  1WPVB                  5    0.556  97.071   0.000   0.700   0.008   0.292
E R  1WPVB                  6    0.491 112.512   0.000   0.639   0.031   0.330
E R  1WPVB                  7    0.410  93.816   0.000   0.743   0.045   0.213
B I  1WPVB                  8    0.149  27.528   0.000   0.978   0.003   0.019
B G  1WPVB                  9    0.104   8.202   0.000   0.994   0.001   0.005
E R  1WPVB                 10    0.439 100.596   0.000   0.996   0.001   0.003
B L  1WPVB                 11    0.140  25.561   0.000   0.998   0.000   0.002
B S  1WPVB                 12    0.085   9.921   0.000   0.998   0.000   0.002
E V  1WPVB                 13    0.263  40.434   0.000   0.998   0.001   0.002
E L  1WPVB                 14    0.315  57.626   0.000   0.998   0.000   0.002
B L  1WPVB                 15    0.187  34.240   0.000   0.982   0.001   0.017
B L  1WPVB                 16    0.201  36.855   0.000   0.892   0.002   0.106
E L  1WPVB                 17    0.437  80.069   0.000   0.460   0.006   0.534
E N  1WPVB                 18    0.420  61.475   0.000   0.130   0.004   0.867
E E  1WPVB                 19    0.683 119.407   0.000   0.245   0.002   0.753
E A  1WPVB                 20    0.632  69.593   0.000   0.430   0.001   0.569
E E  1WPVB                 21    0.651 113.684   0.000   0.441   0.002   0.558
E E  1WPVB                 22    0.328  57.218   0.000   0.641   0.001   0.358
E S  1WPVB                 23    0.540  63.253   0.000   0.787   0.001   0.212
E T  1WPVB                 24    0.557  77.219   0.000   0.872   0.001   0.126
E Q  1WPVB                 25    0.251  44.889   0.000   0.899   0.001   0.099
B V  1WPVB                 26    0.146  22.416   0.000   0.985   0.000   0.015
E E  1WPVB                 27    0.561  98.014   0.000   0.994   0.000   0.006
E E  1WPVB                 28    0.432  75.435   0.000   0.991   0.000   0.009
B L  1WPVB                 29    0.031   5.725   0.000   0.988   0.000   0.012
E E  1WPVB                 30    0.536  93.687   0.000   0.967   0.000   0.033
E R  1WPVB                 31    0.768 175.855   0.000   0.869   0.000   0.131
E D  1WPVB                 32    0.516  74.382   0.000   0.154   0.000   0.846
E G  1WPVB                 33    0.529  41.597   0.000   0.002   0.001   0.997
B W  1WPVB                 34    0.104  25.091   0.000   0.001   0.089   0.910
E K  1WPVB                 35    0.431  88.601   0.000   0.002   0.684   0.314
B V  1WPVB                 36    0.150  23.090   0.000   0.000   0.969   0.031
B C  1WPVB                 37    0.070   9.896   0.000   0.000   0.993   0.007
E L  1WPVB                 38    0.293  53.559   0.000   0.000   0.993   0.007
B G  1WPVB                 39    0.158  12.466   0.000   0.000   0.961   0.038
E K  1WPVB                 40    0.461  94.925   0.000   0.000   0.975   0.025
B V  1WPVB                 41    0.187  28.678   0.000   0.000   0.927   0.073
E G  1WPVB                 42    0.375  29.515   0.000   0.004   0.617   0.379
E S  1WPVB                 43    0.524  61.390   0.000   0.030   0.116   0.854
E M  1WPVB                 44    0.423  84.699   0.000   0.025   0.051   0.924
E D  1WPVB                 45    0.552  79.489   0.000   0.032   0.009   0.959
E A  1WPVB                 46    0.259  28.488   0.000   0.961   0.000   0.039
E H  1WPVB                 47    0.720 130.905   0.000   0.989   0.000   0.010
E K  1WPVB                 48    0.519 106.770   0.000   0.996   0.000   0.004
B V  1WPVB                 49    0.034   5.285   0.000   0.998   0.000   0.001
B I  1WPVB                 50    0.161  29.859   0.000   0.999   0.000   0.001
E A  1WPVB                 51    0.438  48.312   0.000   0.999   0.000   0.001
B A  1WPVB                 52    0.166  18.292   0.000   0.998   0.000   0.002
B I  1WPVB                 53    0.015   2.771   0.000   0.999   0.000   0.001
E E  1WPVB                 54    0.290  50.597   0.000   0.999   0.000   0.001
E T  1WPVB                 55    0.461  63.952   0.000   0.999   0.000   0.001
B A  1WPVB                 56    0.056   6.204   0.000   0.999   0.000   0.001
B S  1WPVB                 57    0.013   1.500   0.000   0.998   0.000   0.002
E K  1WPVB                 58    0.537 110.535   0.000   0.994   0.000   0.006
E K  1WPVB                 59    0.723 148.784   0.000   0.975   0.000   0.025
E S  1WPVB                 60    0.316  37.053   0.000   0.435   0.000   0.565
E G  1WPVB                 61    0.634  49.913   0.000   0.000   0.000   1.000
B V  1WPVB                 62    0.147  22.584   0.000   0.004   0.004   0.992
B I  1WPVB                 63    0.063  11.640   0.000   0.003   0.196   0.802
E Q  1WPVB                 64    0.554  98.950   0.000   0.003   0.029   0.968
E S  1WPVB                 65    0.673  78.861   0.000   0.110   0.012   0.877
E E  1WPVB                 66    0.724 126.462   0.000   0.122   0.016   0.862
E G  1WPVB                 67    0.256  20.168   0.000   0.263   0.023   0.715
E Y  1WPVB                 68    0.531 113.558   0.000   0.426   0.053   0.521
E R  1WPVB                 69    0.589 134.840   0.000   0.864   0.010   0.126
E E  1WPVB                 70    0.310  54.114   0.000   0.869   0.005   0.127
B S  1WPVB                 71    0.175  20.463   0.000   0.927   0.006   0.067
E H  1WPVB                 72    0.433  78.765   0.000   0.929   0.004   0.066
B A  1WPVB                 73    0.185  20.378   0.000   0.991   0.001   0.008
B L  1WPVB                 74    0.082  14.960   0.000   0.998   0.000   0.002
E Y  1WPVB                 75    0.314  67.001   0.000   0.999   0.000   0.001
E H  1WPVB                 76    0.497  90.483   0.000   0.999   0.000   0.001
B A  1WPVB                 77    0.107  11.739   0.000   0.998   0.000   0.001
B T  1WPVB                 78    0.067   9.299   0.000   0.998   0.000   0.001
E M  1WPVB                 79    0.281  56.292   0.000   0.999   0.000   0.001
E E  1WPVB                 80    0.472  82.539   0.000   0.998   0.000   0.002
B A  1WPVB                 81    0.081   8.918   0.000   0.995   0.000   0.005
B L  1WPVB                 82    0.139  25.472   0.000   0.987   0.001   0.012
E H  1WPVB                 83    0.428  77.935   0.000   0.961   0.002   0.037
B G  1WPVB                 84    0.246  19.328   0.000   0.917   0.002   0.081
B V  1WPVB                 85    0.228  35.104   0.000   0.870   0.009   0.121
E T  1WPVB                 86    0.263  36.475   0.000   0.667   0.048   0.284
E R  1WPVB                 87    0.666 152.593   0.000   0.369   0.043   0.588
E G  1WPVB                 88    0.598  47.082   0.000   0.078   0.011   0.911
E E  1WPVB                 89    0.606 105.935   0.000   0.079   0.057   0.864
E M  1WPVB                 90    0.465  92.972   0.000   0.102   0.083   0.814
E L  1WPVB                 91    0.619 113.304   0.000   0.088   0.091   0.821
E L  1WPVB                 92    0.525  96.086   0.000   0.188   0.091   0.721
E G  1WPVB                 93    0.595  46.798   0.000   0.381   0.018   0.601
E S  1WPVB                 94    0.620  72.678   0.000   0.331   0.023   0.646
E L  1WPVB                 95    0.485  88.747   0.000   0.291   0.067   0.642
E L  1WPVB                 96    0.454  83.207   0.000   0.222   0.115   0.662
E R  1WPVB                 97    0.531 121.618   0.000   0.130   0.175   0.695
E T  1WPVB                 98    0.300  41.617   0.000   0.061   0.534   0.404
E V  1WPVB                 99    0.322  49.515   0.000   0.013   0.852   0.135
B G  1WPVB                100    0.152  12.002   0.000   0.002   0.928   0.070
E L  1WPVB                101    0.297  54.369   0.000   0.001   0.947   0.053
E R  1WPVB                102    0.307  70.208   0.000   0.001   0.994   0.005
E F  1WPVB                103    0.262  52.609   0.000   0.000   0.997   0.003
B A  1WPVB                104    0.123  13.502   0.000   0.000   0.999   0.001
B V  1WPVB                105    0.160  24.627   0.000   0.000   0.998   0.002
B L  1WPVB                106    0.136  24.911   0.000   0.000   0.989   0.011
E R  1WPVB                107    0.297  68.007   0.000   0.001   0.883   0.116
B G  1WPVB                108    0.142  11.156   0.000   0.005   0.413   0.582
E N  1WPVB                109    0.483  70.740   0.000   0.008   0.118   0.874
E P  1WPVB                110    0.313  44.354   0.000   0.155   0.053   0.791
E Y  1WPVB                111    0.456  97.535   0.000   0.148   0.063   0.789
E E  1WPVB                112    0.745 130.204   0.000   0.164   0.032   0.803
E S  1WPVB                113    0.401  46.964   0.000   0.092   0.039   0.869
E E  1WPVB                114    0.767 133.930   0.000   0.401   0.004   0.595
E A  1WPVB                115    0.594  65.437   0.000   0.415   0.006   0.579
E E  1WPVB                116    0.481  84.050   0.000   0.371   0.029   0.600
B G  1WPVB                117    0.187  14.679   0.000   0.059   0.160   0.781
E D  1WPVB                118    0.397  57.210   0.000   0.020   0.417   0.563
B W  1WPVB                119    0.143  34.425   0.000   0.002   0.967   0.031
B I  1WPVB                120    0.164  30.335   0.000   0.000   0.987   0.012
B A  1WPVB                121    0.035   3.853   0.000   0.000   0.999   0.001
B V  1WPVB                122    0.142  21.764   0.000   0.000   0.999   0.001
B S  1WPVB                123    0.077   9.010   0.000   0.000   0.999   0.001
B L  1WPVB                124    0.086  15.828   0.000   0.000   0.998   0.001
E Y  1WPVB                125    0.257  54.909   0.000   0.000   0.994   0.006
B G  1WPVB                126    0.119   9.388   0.000   0.001   0.963   0.037
E T  1WPVB                127    0.272  37.739   0.000   0.004   0.943   0.053
B I  1WPVB                128    0.185  34.202   0.000   0.004   0.895   0.101
E G  1WPVB                129    0.336  26.406   0.000   0.021   0.568   0.411
E A  1WPVB                130    0.369  40.662   0.000   0.016   0.249   0.735
E P  1WPVB                131    0.515  73.109   0.000   0.013   0.128   0.860
E I  1WPVB                132    0.402  74.433   0.000   0.014   0.144   0.842
E K  1WPVB                133    0.774 159.239   0.000   0.015   0.029   0.955
E G  1WPVB                134    0.741  58.280   0.000   0.015   0.005   0.980
E L  1WPVB                135    0.322  59.001   0.000   0.025   0.146   0.829
E E  1WPVB                136    0.615 107.442   0.000   0.012   0.270   0.718
B H  1WPVB                137    0.247  44.966   0.000   0.005   0.762   0.234
E E  1WPVB                138    0.366  63.896   0.000   0.001   0.929   0.070
B T  1WPVB                139    0.085  11.754   0.000   0.000   0.996   0.004
E F  1WPVB                140    0.279  56.058   0.000   0.000   0.996   0.003
B G  1WPVB                141    0.069   5.441   0.000   0.000   0.998   0.002
E V  1WPVB                142    0.256  39.381   0.000   0.001   0.996   0.004
B G  1WPVB                143    0.081   6.377   0.000   0.000   0.996   0.003
B I  1WPVB                144    0.230  42.609   0.000   0.000   0.992   0.008
B N  1WPVB                145    0.197  28.865   0.000   0.001   0.980   0.019
E H  1WPVB                146    0.406  73.843   0.000   0.002   0.844   0.154
E I  1WPVB                147    0.460  85.055   0.000   0.000   0.002   0.998
