# For publication of results, please cite:
# ...
# ... Michael Schantz Klausen, Martin Closter Jespersen, Henrik Nielsen, Kamilla Kjærgaard Jensen, 
# ... Vanessa Isabell Jurtz, Casper Kaae Sønderby, Morten Otto Alexander Sommer, Ole Winther, 
# ... Morten Nielsen, Bent Petersen, and Paolo Marcatili. 
# ... NetSurfP-2.0: Improved prediction of protein structural features by integrated deep learning.
# ... Proteins: Structure, Function, and Bioinformatics (Feb. 2019).
# ... https://doi.org/10.1002/prot.25674
# ...
#
# Column 1: Class assignment - B for buried or E for Exposed - Threshold: 25% exposure, but not based on RSA
# Column 2: Amino acid
# Column 3: Sequence name
# Column 4: Amino acid number
# Column 5: Relative Surface Accessibility - RSA
# Column 6: Absolute Surface Accessibility
# Column 7: Not used
# Column 8: Probability for Alpha-Helix
# Column 9: Probability for Beta-strand
# Column 10: Probability for Coil
E M  2JYNA                  1    0.818 163.622   0.000   0.001   0.000   0.999
E S  2JYNA                  2    0.846  99.154   0.000   0.004   0.000   0.995
E T  2JYNA                  3    0.856 118.724   0.000   0.009   0.005   0.987
E F  2JYNA                  4    0.367  73.682   0.000   0.005   0.007   0.988
E N  2JYNA                  5    0.578  84.619   0.000   0.009   0.010   0.981
B A  2JYNA                  6    0.157  17.319   0.000   0.621   0.000   0.378
E E  2JYNA                  7    0.721 126.027   0.000   0.531   0.000   0.469
E T  2JYNA                  8    0.662  91.795   0.000   0.594   0.001   0.405
B A  2JYNA                  9    0.192  21.121   0.000   0.070   0.005   0.925
E D  2JYNA                 10    0.823 118.664   0.000   0.049   0.003   0.948
E N  2JYNA                 11    0.510  74.679   0.000   0.051   0.012   0.937
E L  2JYNA                 12    0.293  53.668   0.000   0.816   0.002   0.182
E E  2JYNA                 13    0.536  93.620   0.000   0.943   0.000   0.057
E D  2JYNA                 14    0.559  80.605   0.000   0.968   0.000   0.032
B I  2JYNA                 15    0.158  29.264   0.000   0.987   0.000   0.013
B E  2JYNA                 16    0.154  26.869   0.000   0.995   0.000   0.005
E K  2JYNA                 17    0.389  80.114   0.000   0.996   0.000   0.004
E Q  2JYNA                 18    0.459  81.992   0.000   0.990   0.000   0.010
B F  2JYNA                 19    0.141  28.364   0.000   0.994   0.000   0.006
B A  2JYNA                 20    0.061   6.693   0.000   0.997   0.000   0.003
E V  2JYNA                 21    0.372  57.128   0.000   0.998   0.000   0.002
E V  2JYNA                 22    0.286  44.011   0.000   0.999   0.000   0.001
B A  2JYNA                 23    0.022   2.443   0.000   1.000   0.000   0.000
B V  2JYNA                 24    0.130  20.041   0.000   1.000   0.000   0.000
E E  2JYNA                 25    0.501  87.514   0.000   1.000   0.000   0.000
B Q  2JYNA                 26    0.225  40.142   0.000   0.997   0.000   0.003
B A  2JYNA                 27    0.025   2.768   0.000   0.999   0.000   0.001
E E  2JYNA                 28    0.394  68.866   0.000   0.999   0.000   0.001
E T  2JYNA                 29    0.345  47.823   0.000   0.999   0.000   0.001
B Y  2JYNA                 30    0.106  22.681   0.000   0.999   0.000   0.001
B W  2JYNA                 31    0.118  28.292   0.000   0.999   0.000   0.001
E K  2JYNA                 32    0.522 107.422   0.000   0.998   0.000   0.002
B L  2JYNA                 33    0.195  35.626   0.000   0.998   0.000   0.002
B L  2JYNA                 34    0.037   6.859   0.000   0.991   0.000   0.009
E T  2JYNA                 35    0.282  39.179   0.000   0.798   0.000   0.202
E S  2JYNA                 36    0.613  71.809   0.000   0.378   0.000   0.621
B V  2JYNA                 37    0.110  16.944   0.000   0.002   0.001   0.997
E P  2JYNA                 38    0.476  67.561   0.000   0.004   0.010   0.986
E G  2JYNA                 39    0.264  20.788   0.000   0.923   0.000   0.077
E S  2JYNA                 40    0.723  84.794   0.000   0.910   0.000   0.090
E K  2JYNA                 41    0.619 127.310   0.000   0.852   0.001   0.147
B L  2JYNA                 42    0.092  16.852   0.000   0.034   0.018   0.948
E R  2JYNA                 43    0.638 146.194   0.000   0.006   0.052   0.942
B L  2JYNA                 44    0.204  37.266   0.000   0.005   0.109   0.886
E T  2JYNA                 45    0.302  41.936   0.000   0.002   0.005   0.992
E K  2JYNA                 46    0.737 151.682   0.000   0.852   0.001   0.148
E F  2JYNA                 47    0.369  73.975   0.000   0.759   0.002   0.239
B D  2JYNA                 48    0.100  14.393   0.000   0.980   0.000   0.020
E D  2JYNA                 49    0.365  52.533   0.000   0.993   0.000   0.007
E E  2JYNA                 50    0.510  89.157   0.000   0.998   0.000   0.002
B I  2JYNA                 51    0.041   7.650   0.000   0.999   0.000   0.001
B Y  2JYNA                 52    0.111  23.679   0.000   0.999   0.000   0.001
E E  2JYNA                 53    0.511  89.260   0.000   0.999   0.000   0.001
E N  2JYNA                 54    0.371  54.341   0.000   0.997   0.000   0.003
B F  2JYNA                 55    0.018   3.538   0.000   0.999   0.000   0.001
E M  2JYNA                 56    0.257  51.519   0.000   0.995   0.000   0.005
E E  2JYNA                 57    0.772 134.873   0.000   0.972   0.000   0.028
E R  2JYNA                 58    0.466 106.741   0.000   0.955   0.000   0.045
B F  2JYNA                 59    0.085  17.043   0.000   0.005   0.000   0.995
E P  2JYNA                 60    0.577  81.897   0.000   0.477   0.000   0.522
E E  2JYNA                 61    0.684 119.452   0.000   0.295   0.000   0.705
B Y  2JYNA                 62    0.104  22.302   0.000   0.364   0.004   0.631
E K  2JYNA                 63    0.674 138.603   0.000   0.144   0.002   0.854
E D  2JYNA                 64    0.563  81.076   0.000   0.056   0.002   0.941
E V  2JYNA                 65    0.312  47.904   0.000   0.794   0.001   0.205
E E  2JYNA                 66    0.869 151.801   0.000   0.768   0.000   0.231
E R  2JYNA                 67    0.510 116.732   0.000   0.792   0.001   0.207
B V  2JYNA                 68    0.086  13.268   0.000   0.051   0.128   0.820
E K  2JYNA                 69    0.602 123.821   0.000   0.049   0.248   0.703
E K  2JYNA                 70    0.559 114.977   0.000   0.030   0.541   0.429
B F  2JYNA                 71    0.123  24.615   0.000   0.003   0.070   0.926
E T  2JYNA                 72    0.457  63.378   0.000   0.005   0.016   0.979
E E  2JYNA                 73    0.544  94.959   0.000   0.914   0.000   0.086
E E  2JYNA                 74    0.782 136.636   0.000   0.942   0.000   0.058
E E  2JYNA                 75    0.344  60.047   0.000   0.965   0.000   0.035
B L  2JYNA                 76    0.080  14.570   0.000   0.760   0.001   0.238
E K  2JYNA                 77    0.517 106.357   0.000   0.136   0.001   0.862
E T  2JYNA                 78    0.390  54.089   0.000   0.005   0.000   0.995
E K  2JYNA                 79    0.720 148.129   0.000   0.979   0.000   0.021
E E  2JYNA                 80    0.723 126.350   0.000   0.982   0.000   0.018
B A  2JYNA                 81    0.062   6.867   0.000   0.990   0.000   0.010
B K  2JYNA                 82    0.245  50.332   0.000   0.997   0.000   0.003
E E  2JYNA                 83    0.582 101.607   0.000   0.998   0.000   0.002
E R  2JYNA                 84    0.430  98.507   0.000   0.997   0.000   0.003
B W  2JYNA                 85    0.060  14.362   0.000   0.989   0.000   0.011
E R  2JYNA                 86    0.414  94.826   0.000   0.998   0.000   0.002
E K  2JYNA                 87    0.579 119.167   0.000   0.998   0.000   0.002
B F  2JYNA                 88    0.089  17.830   0.000   0.999   0.000   0.001
B F  2JYNA                 89    0.061  12.233   0.000   0.997   0.000   0.003
E T  2JYNA                 90    0.492  68.252   0.000   0.989   0.000   0.011
E I  2JYNA                 91    0.402  74.323   0.000   0.963   0.000   0.037
B F  2JYNA                 92    0.076  15.318   0.000   0.822   0.001   0.177
E E  2JYNA                 93    0.450  78.699   0.000   0.683   0.003   0.314
E K  2JYNA                 94    0.772 158.802   0.000   0.549   0.001   0.450
E K  2JYNA                 95    0.502 103.175   0.000   0.579   0.018   0.403
B I  2JYNA                 96    0.096  17.829   0.000   0.126   0.072   0.802
E E  2JYNA                 97    0.708 123.659   0.000   0.101   0.014   0.885
E D  2JYNA                 98    0.576  82.989   0.000   0.084   0.014   0.902
E Y  2JYNA                 99    0.308  65.826   0.000   0.242   0.032   0.726
E N  2JYNA                100    0.455  66.644   0.000   0.320   0.018   0.662
E F  2JYNA                101    0.359  72.014   0.000   0.725   0.019   0.256
B G  2JYNA                102    0.203  15.994   0.000   0.870   0.011   0.119
E T  2JYNA                103    0.281  39.026   0.000   0.837   0.033   0.130
B L  2JYNA                104    0.176  32.142   0.000   0.868   0.034   0.098
B L  2JYNA                105    0.159  29.130   0.000   0.717   0.104   0.179
E R  2JYNA                106    0.382  87.550   0.000   0.418   0.248   0.334
E T  2JYNA                107    0.322  44.702   0.000   0.369   0.089   0.543
E D  2JYNA                108    0.420  60.574   0.000   0.049   0.126   0.826
B A  2JYNA                109    0.137  15.103   0.000   0.261   0.013   0.726
E S  2JYNA                110    0.608  71.305   0.000   0.232   0.007   0.761
E A  2JYNA                111    0.496  54.626   0.000   0.175   0.009   0.817
E E  2JYNA                112    0.700 122.322   0.000   0.106   0.015   0.879
E Y  2JYNA                113    0.288  61.640   0.000   0.078   0.028   0.894
E G  2JYNA                114    0.338  26.592   0.000   0.078   0.017   0.905
E Q  2JYNA                115    0.733 130.980   0.000   0.696   0.002   0.302
E F  2JYNA                116    0.594 119.195   0.000   0.566   0.006   0.428
B T  2JYNA                117    0.165  22.831   0.000   0.576   0.032   0.391
B T  2JYNA                118    0.162  22.414   0.000   0.447   0.115   0.438
B C  2JYNA                119    0.182  25.502   0.000   0.442   0.231   0.327
B F  2JYNA                120    0.091  18.350   0.000   0.693   0.107   0.201
B V  2JYNA                121    0.048   7.355   0.000   0.944   0.023   0.033
B V  2JYNA                122    0.204  31.317   0.000   0.940   0.033   0.027
E R  2JYNA                123    0.258  59.147   0.000   0.921   0.037   0.042
B L  2JYNA                124    0.047   8.640   0.000   0.985   0.005   0.009
B Q  2JYNA                125    0.164  29.324   0.000   0.989   0.004   0.007
B F  2JYNA                126    0.202  40.568   0.000   0.997   0.001   0.002
B Y  2JYNA                127    0.113  24.116   0.000   0.995   0.003   0.003
B A  2JYNA                128    0.014   1.537   0.000   0.999   0.001   0.001
B F  2JYNA                129    0.117  23.455   0.000   0.997   0.002   0.002
B E  2JYNA                130    0.136  23.789   0.000   0.993   0.003   0.004
B I  2JYNA                131    0.050   9.222   0.000   0.981   0.005   0.014
B A  2JYNA                132    0.045   4.994   0.000   0.938   0.013   0.049
E R  2JYNA                133    0.302  69.217   0.000   0.664   0.055   0.280
B N  2JYNA                134    0.195  28.557   0.000   0.462   0.022   0.516
E K  2JYNA                135    0.465  95.698   0.000   0.558   0.003   0.439
E H  2JYNA                136    0.504  91.675   0.000   0.289   0.004   0.706
E G  2JYNA                137    0.290  22.821   0.000   0.177   0.003   0.820
B L  2JYNA                138    0.148  27.107   0.000   0.666   0.013   0.321
B N  2JYNA                139    0.175  25.662   0.000   0.797   0.003   0.200
E D  2JYNA                140    0.618  88.993   0.000   0.911   0.002   0.087
E W  2JYNA                141    0.402  96.700   0.000   0.941   0.002   0.057
B I  2JYNA                142    0.136  25.156   0.000   0.928   0.004   0.068
E V  2JYNA                143    0.379  58.196   0.000   0.765   0.008   0.227
E G  2JYNA                144    0.787  61.957   0.000   0.243   0.002   0.755
E Q  2JYNA                145    0.647 115.578   0.000   0.135   0.005   0.859
E K  2JYNA                146    0.825 169.795   0.000   0.000   0.000   1.000
