# For publication of results, please cite:
# ...
# ... Michael Schantz Klausen, Martin Closter Jespersen, Henrik Nielsen, Kamilla Kjærgaard Jensen, 
# ... Vanessa Isabell Jurtz, Casper Kaae Sønderby, Morten Otto Alexander Sommer, Ole Winther, 
# ... Morten Nielsen, Bent Petersen, and Paolo Marcatili. 
# ... NetSurfP-2.0: Improved prediction of protein structural features by integrated deep learning.
# ... Proteins: Structure, Function, and Bioinformatics (Feb. 2019).
# ... https://doi.org/10.1002/prot.25674
# ...
#
# Column 1: Class assignment - B for buried or E for Exposed - Threshold: 25% exposure, but not based on RSA
# Column 2: Amino acid
# Column 3: Sequence name
# Column 4: Amino acid number
# Column 5: Relative Surface Accessibility - RSA
# Column 6: Absolute Surface Accessibility
# Column 7: Not used
# Column 8: Probability for Alpha-Helix
# Column 9: Probability for Beta-strand
# Column 10: Probability for Coil
E A  1XQFA                  1    0.878  96.729   0.000   0.000   0.000   0.999
E P  1XQFA                  2    0.670  95.050   0.000   0.103   0.001   0.896
E A  1XQFA                  3    0.763  84.038   0.000   0.156   0.004   0.841
E V  1XQFA                  4    0.618  94.951   0.000   0.212   0.019   0.768
E A  1XQFA                  5    0.517  57.009   0.000   0.249   0.032   0.719
E D  1XQFA                  6    0.501  72.232   0.000   0.184   0.012   0.805
E K  1XQFA                  7    0.641 131.873   0.000   0.894   0.001   0.105
E A  1XQFA                  8    0.383  42.155   0.000   0.954   0.001   0.045
B D  1XQFA                  9    0.132  19.036   0.000   0.981   0.000   0.019
E N  1XQFA                 10    0.338  49.448   0.000   0.993   0.000   0.007
E A  1XQFA                 11    0.468  51.619   0.000   0.996   0.000   0.004
B F  1XQFA                 12    0.203  40.800   0.000   0.997   0.000   0.003
B M  1XQFA                 13    0.073  14.557   0.000   0.999   0.000   0.001
E M  1XQFA                 14    0.378  75.706   0.000   0.999   0.000   0.001
E I  1XQFA                 15    0.412  76.241   0.000   0.998   0.000   0.002
B C  1XQFA                 16    0.025   3.541   0.000   0.999   0.000   0.001
B T  1XQFA                 17    0.124  17.218   0.000   0.999   0.000   0.001
E A  1XQFA                 18    0.404  44.494   0.000   0.998   0.000   0.002
E L  1XQFA                 19    0.255  46.636   0.000   0.997   0.000   0.003
B V  1XQFA                 20    0.043   6.633   0.000   0.996   0.000   0.004
E L  1XQFA                 21    0.282  51.606   0.000   0.985   0.000   0.015
E F  1XQFA                 22    0.437  87.701   0.000   0.928   0.000   0.071
B M  1XQFA                 23    0.110  22.061   0.000   0.759   0.000   0.241
B T  1XQFA                 24    0.078  10.815   0.000   0.736   0.002   0.263
B I  1XQFA                 25    0.244  45.123   0.000   0.956   0.000   0.044
B P  1XQFA                 26    0.112  15.960   0.000   0.969   0.000   0.031
B G  1XQFA                 27    0.060   4.723   0.000   0.992   0.000   0.008
B I  1XQFA                 28    0.211  39.062   0.000   0.997   0.000   0.003
B A  1XQFA                 29    0.066   7.291   0.000   0.998   0.000   0.002
B L  1XQFA                 30    0.075  13.653   0.000   0.996   0.000   0.004
B F  1XQFA                 31    0.183  36.725   0.000   0.985   0.000   0.015
B Y  1XQFA                 32    0.196  41.919   0.000   0.938   0.001   0.061
B G  1XQFA                 33    0.058   4.545   0.000   0.821   0.001   0.178
B G  1XQFA                 34    0.156  12.316   0.000   0.480   0.004   0.516
B L  1XQFA                 35    0.225  41.252   0.000   0.257   0.009   0.734
B I  1XQFA                 36    0.147  27.215   0.000   0.080   0.054   0.867
E R  1XQFA                 37    0.404  92.528   0.000   0.045   0.027   0.928
E G  1XQFA                 38    0.419  33.002   0.000   0.903   0.001   0.096
E K  1XQFA                 39    0.535 110.138   0.000   0.932   0.001   0.066
B N  1XQFA                 40    0.116  16.998   0.000   0.932   0.005   0.064
B V  1XQFA                 41    0.207  31.813   0.000   0.996   0.000   0.004
E L  1XQFA                 42    0.537  98.362   0.000   0.998   0.000   0.002
B S  1XQFA                 43    0.208  24.419   0.000   0.997   0.000   0.003
B M  1XQFA                 44    0.071  14.153   0.000   0.998   0.000   0.002
E L  1XQFA                 45    0.377  69.111   0.000   0.999   0.000   0.001
E T  1XQFA                 46    0.508  70.413   0.000   0.999   0.000   0.001
B Q  1XQFA                 47    0.192  34.299   0.000   0.999   0.000   0.001
B V  1XQFA                 48    0.036   5.570   0.000   1.000   0.000   0.000
E T  1XQFA                 49    0.462  64.145   0.000   1.000   0.000   0.000
E V  1XQFA                 50    0.473  72.735   0.000   0.999   0.000   0.001
B T  1XQFA                 51    0.034   4.777   0.000   1.000   0.000   0.000
B F  1XQFA                 52    0.167  33.466   0.000   1.000   0.000   0.000
E A  1XQFA                 53    0.395  43.527   0.000   0.999   0.000   0.001
E L  1XQFA                 54    0.432  79.036   0.000   0.999   0.000   0.001
B V  1XQFA                 55    0.035   5.448   0.000   0.999   0.000   0.001
B C  1XQFA                 56    0.124  17.401   0.000   1.000   0.000   0.000
E I  1XQFA                 57    0.528  97.763   0.000   0.999   0.000   0.001
E L  1XQFA                 58    0.254  46.456   0.000   0.999   0.000   0.001
B W  1XQFA                 59    0.056  13.550   0.000   1.000   0.000   0.000
E V  1XQFA                 60    0.277  42.577   0.000   0.999   0.000   0.001
E V  1XQFA                 61    0.459  70.508   0.000   0.998   0.000   0.002
B Y  1XQFA                 62    0.243  51.874   0.000   0.990   0.000   0.010
B G  1XQFA                 63    0.030   2.398   0.000   0.998   0.000   0.002
E Y  1XQFA                 64    0.288  61.469   0.000   0.992   0.000   0.007
B S  1XQFA                 65    0.210  24.639   0.000   0.993   0.000   0.007
B L  1XQFA                 66    0.195  35.642   0.000   0.981   0.000   0.018
B A  1XQFA                 67    0.103  11.340   0.000   0.902   0.003   0.096
E F  1XQFA                 68    0.357  71.719   0.000   0.498   0.012   0.490
B G  1XQFA                 69    0.185  14.593   0.000   0.032   0.029   0.939
E E  1XQFA                 70    0.702 122.563   0.000   0.056   0.029   0.914
E G  1XQFA                 71    0.637  50.105   0.000   0.080   0.017   0.903
E N  1XQFA                 72    0.473  69.300   0.000   0.063   0.037   0.899
E N  1XQFA                 73    0.532  77.913   0.000   0.052   0.040   0.907
E F  1XQFA                 74    0.378  75.828   0.000   0.033   0.064   0.904
E F  1XQFA                 75    0.300  60.136   0.000   0.038   0.103   0.859
B G  1XQFA                 76    0.142  11.193   0.000   0.017   0.267   0.716
E N  1XQFA                 77    0.305  44.698   0.000   0.036   0.114   0.850
E I  1XQFA                 78    0.315  58.249   0.000   0.607   0.016   0.377
E N  1XQFA                 79    0.514  75.314   0.000   0.718   0.005   0.277
E W  1XQFA                 80    0.320  77.024   0.000   0.779   0.016   0.205
E L  1XQFA                 81    0.267  48.855   0.000   0.788   0.017   0.195
E M  1XQFA                 82    0.321  64.153   0.000   0.653   0.018   0.330
B L  1XQFA                 83    0.248  45.392   0.000   0.341   0.036   0.623
E K  1XQFA                 84    0.517 106.379   0.000   0.111   0.040   0.849
E N  1XQFA                 85    0.697 102.002   0.000   0.038   0.014   0.947
B I  1XQFA                 86    0.231  42.706   0.000   0.049   0.099   0.852
E E  1XQFA                 87    0.681 118.949   0.000   0.050   0.047   0.902
E L  1XQFA                 88    0.401  73.374   0.000   0.283   0.050   0.667
E T  1XQFA                 89    0.642  89.011   0.000   0.303   0.056   0.641
E A  1XQFA                 90    0.526  58.016   0.000   0.418   0.065   0.518
E V  1XQFA                 91    0.464  71.296   0.000   0.356   0.081   0.563
E M  1XQFA                 92    0.515 103.004   0.000   0.271   0.028   0.701
E G  1XQFA                 93    0.568  44.693   0.000   0.150   0.033   0.817
E S  1XQFA                 94    0.461  53.987   0.000   0.240   0.047   0.713
E I  1XQFA                 95    0.391  72.424   0.000   0.775   0.021   0.205
E Y  1XQFA                 96    0.371  79.227   0.000   0.794   0.013   0.193
E Q  1XQFA                 97    0.295  52.630   0.000   0.976   0.000   0.023
E Y  1XQFA                 98    0.396  84.713   0.000   0.990   0.000   0.010
B I  1XQFA                 99    0.194  35.809   0.000   0.992   0.000   0.008
B H  1XQFA                100    0.102  18.570   0.000   0.994   0.000   0.006
B V  1XQFA                101    0.166  25.504   0.000   0.998   0.000   0.002
E A  1XQFA                102    0.314  34.656   0.000   0.998   0.000   0.002
B F  1XQFA                103    0.088  17.569   0.000   0.998   0.000   0.002
B Q  1XQFA                104    0.047   8.331   0.000   0.998   0.000   0.002
B G  1XQFA                105    0.089   7.002   0.000   0.996   0.000   0.004
B S  1XQFA                106    0.095  11.086   0.000   0.995   0.000   0.005
B F  1XQFA                107    0.061  12.154   0.000   0.992   0.000   0.008
B A  1XQFA                108    0.032   3.473   0.000   0.992   0.000   0.008
B C  1XQFA                109    0.082  11.556   0.000   0.964   0.000   0.035
B I  1XQFA                110    0.108  19.993   0.000   0.960   0.000   0.039
B T  1XQFA                111    0.043   6.017   0.000   0.989   0.000   0.011
B V  1XQFA                112    0.092  14.089   0.000   0.995   0.000   0.005
B G  1XQFA                113    0.052   4.075   0.000   0.999   0.000   0.001
B L  1XQFA                114    0.163  29.843   0.000   0.999   0.000   0.001
B I  1XQFA                115    0.128  23.664   0.000   0.997   0.000   0.003
B V  1XQFA                116    0.064   9.907   0.000   0.987   0.000   0.013
B G  1XQFA                117    0.036   2.828   0.000   0.991   0.000   0.009
B A  1XQFA                118    0.086   9.498   0.000   0.972   0.001   0.028
B L  1XQFA                119    0.157  28.734   0.000   0.933   0.001   0.065
B A  1XQFA                120    0.055   6.014   0.000   0.860   0.001   0.138
B E  1XQFA                121    0.153  26.748   0.000   0.644   0.003   0.353
E R  1XQFA                122    0.270  61.813   0.000   0.503   0.004   0.493
B I  1XQFA                123    0.115  21.323   0.000   0.035   0.037   0.929
E R  1XQFA                124    0.388  88.754   0.000   0.017   0.025   0.958
E F  1XQFA                125    0.373  74.859   0.000   0.956   0.000   0.044
E S  1XQFA                126    0.491  57.571   0.000   0.983   0.000   0.017
B A  1XQFA                127    0.070   7.717   0.000   0.996   0.000   0.004
B V  1XQFA                128    0.046   7.049   0.000   0.998   0.000   0.002
E L  1XQFA                129    0.257  46.977   0.000   0.999   0.000   0.001
E I  1XQFA                130    0.365  67.450   0.000   0.998   0.000   0.002
B F  1XQFA                131    0.089  17.795   0.000   0.997   0.000   0.003
B V  1XQFA                132    0.062   9.487   0.000   0.998   0.000   0.002
E V  1XQFA                133    0.267  41.073   0.000   0.998   0.000   0.002
E V  1XQFA                134    0.281  43.216   0.000   0.999   0.000   0.001
B W  1XQFA                135    0.141  33.962   0.000   0.996   0.000   0.004
B L  1XQFA                136    0.080  14.629   0.000   0.992   0.000   0.007
B T  1XQFA                137    0.230  31.924   0.000   0.986   0.000   0.013
E L  1XQFA                138    0.378  69.148   0.000   0.978   0.000   0.021
B S  1XQFA                139    0.090  10.526   0.000   0.948   0.000   0.052
B Y  1XQFA                140    0.095  20.312   0.000   0.962   0.000   0.038
B I  1XQFA                141    0.122  22.569   0.000   0.995   0.000   0.005
B P  1XQFA                142    0.193  27.425   0.000   0.998   0.000   0.002
B I  1XQFA                143    0.135  24.896   0.000   0.999   0.000   0.001
B A  1XQFA                144    0.033   3.643   0.000   0.998   0.000   0.002
B H  1XQFA                145    0.169  30.723   0.000   0.993   0.000   0.007
E M  1XQFA                146    0.370  73.964   0.000   0.980   0.001   0.020
B V  1XQFA                147    0.248  38.059   0.000   0.942   0.001   0.057
B W  1XQFA                148    0.225  54.042   0.000   0.647   0.004   0.348
E G  1XQFA                149    0.305  23.970   0.000   0.307   0.008   0.685
E G  1XQFA                150    0.543  42.733   0.000   0.108   0.007   0.885
B G  1XQFA                151    0.192  15.122   0.000   0.126   0.006   0.869
E L  1XQFA                152    0.270  49.424   0.000   0.843   0.003   0.155
B L  1XQFA                153    0.067  12.226   0.000   0.911   0.001   0.088
B A  1XQFA                154    0.236  26.036   0.000   0.973   0.001   0.026
E S  1XQFA                155    0.658  77.130   0.000   0.867   0.001   0.132
E H  1XQFA                156    0.476  86.529   0.000   0.259   0.000   0.741
E G  1XQFA                157    0.514  40.446   0.000   0.003   0.001   0.996
B A  1XQFA                158    0.082   9.067   0.000   0.002   0.037   0.962
B L  1XQFA                159    0.236  43.133   0.000   0.004   0.402   0.593
B D  1XQFA                160    0.097  13.929   0.000   0.003   0.347   0.650
B F  1XQFA                161    0.102  20.516   0.000   0.039   0.035   0.926
B A  1XQFA                162    0.071   7.858   0.000   0.142   0.006   0.852
B G  1XQFA                163    0.036   2.844   0.000   0.288   0.004   0.708
B G  1XQFA                164    0.007   0.538   0.000   0.807   0.001   0.192
B T  1XQFA                165    0.057   7.931   0.000   0.980   0.000   0.019
B V  1XQFA                166    0.129  19.794   0.000   0.992   0.000   0.008
B V  1XQFA                167    0.038   5.781   0.000   0.999   0.000   0.001
B H  1XQFA                168    0.022   3.944   0.000   0.999   0.000   0.001
B I  1XQFA                169    0.112  20.733   0.000   0.999   0.000   0.001
B N  1XQFA                170    0.161  23.635   0.000   0.998   0.000   0.002
B A  1XQFA                171    0.010   1.145   0.000   0.999   0.000   0.001
B A  1XQFA                172    0.015   1.681   0.000   0.999   0.000   0.001
B I  1XQFA                173    0.236  43.576   0.000   0.999   0.000   0.001
B A  1XQFA                174    0.134  14.815   0.000   0.999   0.000   0.001
B G  1XQFA                175    0.004   0.342   0.000   1.000   0.000   0.000
B L  1XQFA                176    0.139  25.371   0.000   0.999   0.000   0.001
E V  1XQFA                177    0.309  47.484   0.000   0.999   0.000   0.001
B G  1XQFA                178    0.038   2.967   0.000   0.999   0.000   0.001
B A  1XQFA                179    0.008   0.902   0.000   0.998   0.000   0.002
E Y  1XQFA                180    0.331  70.723   0.000   0.992   0.000   0.008
E L  1XQFA                181    0.364  66.565   0.000   0.964   0.001   0.036
B I  1XQFA                182    0.160  29.586   0.000   0.763   0.002   0.234
B G  1XQFA                183    0.106   8.380   0.000   0.169   0.029   0.803
E K  1XQFA                184    0.402  82.678   0.000   0.067   0.133   0.800
E R  1XQFA                185    0.301  68.863   0.000   0.059   0.257   0.685
E V  1XQFA                186    0.409  62.853   0.000   0.056   0.250   0.694
E G  1XQFA                187    0.464  36.480   0.000   0.038   0.049   0.913
E F  1XQFA                188    0.534 107.124   0.000   0.077   0.084   0.839
E G  1XQFA                189    0.620  48.779   0.000   0.094   0.012   0.894
E K  1XQFA                190    0.689 141.756   0.000   0.116   0.020   0.864
E E  1XQFA                191    0.684 119.459   0.000   0.161   0.055   0.784
E A  1XQFA                192    0.405  44.684   0.000   0.157   0.076   0.767
B F  1XQFA                193    0.212  42.613   0.000   0.043   0.104   0.853
E K  1XQFA                194    0.529 108.813   0.000   0.016   0.012   0.972
E P  1XQFA                195    0.300  42.546   0.000   0.135   0.010   0.855
E H  1XQFA                196    0.262  47.693   0.000   0.162   0.013   0.825
B N  1XQFA                197    0.243  35.571   0.000   0.100   0.015   0.885
E L  1XQFA                198    0.388  71.092   0.000   0.995   0.000   0.005
E P  1XQFA                199    0.443  62.891   0.000   0.996   0.000   0.004
B M  1XQFA                200    0.106  21.291   0.000   1.000   0.000   0.000
B V  1XQFA                201    0.021   3.272   0.000   1.000   0.000   0.000
E F  1XQFA                202    0.384  76.985   0.000   0.999   0.000   0.001
E T  1XQFA                203    0.424  58.785   0.000   0.999   0.000   0.001
B G  1XQFA                204    0.010   0.790   0.000   1.000   0.000   0.000
B T  1XQFA                205    0.063   8.675   0.000   1.000   0.000   0.000
E A  1XQFA                206    0.377  41.548   0.000   1.000   0.000   0.000
E I  1XQFA                207    0.268  49.644   0.000   0.999   0.000   0.001
B L  1XQFA                208    0.045   8.265   0.000   0.997   0.000   0.003
B Y  1XQFA                209    0.206  43.965   0.000   0.991   0.000   0.009
E I  1XQFA                210    0.371  68.703   0.000   0.923   0.001   0.076
B G  1XQFA                211    0.068   5.344   0.000   0.923   0.000   0.077
B W  1XQFA                212    0.076  18.191   0.000   0.937   0.001   0.062
B F  1XQFA                213    0.247  49.488   0.000   0.883   0.003   0.114
B G  1XQFA                214    0.104   8.173   0.000   0.905   0.003   0.092
B F  1XQFA                215    0.079  15.819   0.000   0.801   0.008   0.190
B N  1XQFA                216    0.045   6.547   0.000   0.647   0.025   0.328
B A  1XQFA                217    0.065   7.182   0.000   0.565   0.019   0.417
B G  1XQFA                218    0.057   4.514   0.000   0.480   0.034   0.486
B S  1XQFA                219    0.062   7.246   0.000   0.298   0.056   0.645
B A  1XQFA                220    0.228  25.161   0.000   0.235   0.021   0.744
E G  1XQFA                221    0.455  35.828   0.000   0.181   0.020   0.799
E T  1XQFA                222    0.326  45.231   0.000   0.119   0.015   0.866
E A  1XQFA                223    0.379  41.787   0.000   0.258   0.018   0.724
E N  1XQFA                224    0.635  92.992   0.000   0.219   0.003   0.779
E E  1XQFA                225    0.642 112.094   0.000   0.768   0.001   0.232
E I  1XQFA                226    0.291  53.777   0.000   0.943   0.000   0.057
B A  1XQFA                227    0.152  16.790   0.000   0.995   0.000   0.005
B A  1XQFA                228    0.221  24.368   0.000   0.998   0.000   0.002
B L  1XQFA                229    0.241  44.123   0.000   0.999   0.000   0.001
B A  1XQFA                230    0.031   3.404   0.000   0.999   0.000   0.001
E F  1XQFA                231    0.291  58.486   0.000   0.999   0.000   0.001
E V  1XQFA                232    0.313  48.032   0.000   1.000   0.000   0.000
B N  1XQFA                233    0.032   4.692   0.000   1.000   0.000   0.000
B T  1XQFA                234    0.028   3.948   0.000   0.999   0.000   0.001
E V  1XQFA                235    0.302  46.405   0.000   0.999   0.000   0.001
E V  1XQFA                236    0.297  45.586   0.000   0.999   0.000   0.001
B A  1XQFA                237    0.009   1.033   0.000   1.000   0.000   0.000
B T  1XQFA                238    0.084  11.632   0.000   0.999   0.000   0.001
B A  1XQFA                239    0.242  26.707   0.000   0.999   0.000   0.001
B A  1XQFA                240    0.143  15.811   0.000   0.999   0.000   0.001
B A  1XQFA                241    0.010   1.083   0.000   0.999   0.000   0.001
B I  1XQFA                242    0.142  26.257   0.000   0.999   0.000   0.001
E L  1XQFA                243    0.428  78.409   0.000   0.998   0.000   0.002
B G  1XQFA                244    0.071   5.570   0.000   0.999   0.000   0.001
B W  1XQFA                245    0.101  24.226   0.000   0.998   0.000   0.002
E I  1XQFA                246    0.272  50.275   0.000   0.996   0.000   0.004
E F  1XQFA                247    0.486  97.443   0.000   0.992   0.000   0.007
B G  1XQFA                248    0.090   7.069   0.000   0.993   0.000   0.007
B E  1XQFA                249    0.165  28.752   0.000   0.991   0.000   0.009
E W  1XQFA                250    0.409  98.275   0.000   0.992   0.000   0.008
E A  1XQFA                251    0.529  58.264   0.000   0.990   0.000   0.009
E L  1XQFA                252    0.398  72.784   0.000   0.918   0.000   0.081
E R  1XQFA                253    0.587 134.443   0.000   0.664   0.001   0.336
E G  1XQFA                254    0.565  44.441   0.000   0.003   0.000   0.997
E K  1XQFA                255    0.573 117.794   0.000   0.000   0.003   0.997
B P  1XQFA                256    0.206  29.264   0.000   0.001   0.011   0.988
E S  1XQFA                257    0.277  32.443   0.000   0.002   0.009   0.989
E L  1XQFA                258    0.395  72.246   0.000   0.967   0.000   0.033
E L  1XQFA                259    0.327  59.864   0.000   0.993   0.000   0.007
B G  1XQFA                260    0.044   3.497   0.000   0.999   0.000   0.001
B A  1XQFA                261    0.075   8.269   0.000   0.999   0.000   0.001
B C  1XQFA                262    0.150  21.085   0.000   0.997   0.000   0.003
B S  1XQFA                263    0.081   9.446   0.000   0.992   0.000   0.008
B G  1XQFA                264    0.010   0.806   0.000   0.995   0.000   0.005
B A  1XQFA                265    0.070   7.690   0.000   0.996   0.000   0.004
B I  1XQFA                266    0.230  42.534   0.000   0.995   0.000   0.005
B A  1XQFA                267    0.019   2.097   0.000   0.996   0.000   0.004
B G  1XQFA                268    0.012   0.915   0.000   0.998   0.000   0.002
B L  1XQFA                269    0.178  32.555   0.000   0.991   0.000   0.009
B V  1XQFA                270    0.133  20.411   0.000   0.989   0.000   0.011
B G  1XQFA                271    0.015   1.186   0.000   0.969   0.000   0.031
B V  1XQFA                272    0.057   8.771   0.000   0.849   0.002   0.149
B T  1XQFA                273    0.050   6.927   0.000   0.659   0.002   0.340
B P  1XQFA                274    0.060   8.577   0.000   0.702   0.002   0.296
B A  1XQFA                275    0.046   5.052   0.000   0.710   0.003   0.288
B C  1XQFA                276    0.039   5.430   0.000   0.346   0.007   0.647
E G  1XQFA                277    0.325  25.545   0.000   0.103   0.002   0.895
E Y  1XQFA                278    0.348  74.292   0.000   0.178   0.012   0.810
B I  1XQFA                279    0.090  16.569   0.000   0.048   0.059   0.894
B G  1XQFA                280    0.201  15.817   0.000   0.018   0.014   0.968
E V  1XQFA                281    0.283  43.435   0.000   0.898   0.000   0.102
E G  1XQFA                282    0.439  34.552   0.000   0.948   0.000   0.051
B G  1XQFA                283    0.097   7.632   0.000   0.992   0.000   0.008
B A  1XQFA                284    0.007   0.735   0.000   0.998   0.000   0.002
B L  1XQFA                285    0.210  38.468   0.000   0.999   0.000   0.001
E I  1XQFA                286    0.400  74.004   0.000   1.000   0.000   0.000
B I  1XQFA                287    0.090  16.694   0.000   1.000   0.000   0.000
B G  1XQFA                288    0.007   0.566   0.000   1.000   0.000   0.000
E V  1XQFA                289    0.289  44.438   0.000   1.000   0.000   0.000
E V  1XQFA                290    0.410  63.004   0.000   0.999   0.000   0.001
B A  1XQFA                291    0.016   1.772   0.000   0.999   0.000   0.001
B G  1XQFA                292    0.018   1.400   0.000   1.000   0.000   0.000
E L  1XQFA                293    0.395  72.270   0.000   0.999   0.000   0.001
E A  1XQFA                294    0.330  36.394   0.000   0.999   0.000   0.001
B G  1XQFA                295    0.009   0.719   0.000   0.999   0.000   0.001
B L  1XQFA                296    0.177  32.411   0.000   0.997   0.000   0.003
E W  1XQFA                297    0.500 120.301   0.000   0.987   0.000   0.013
B G  1XQFA                298    0.075   5.904   0.000   0.987   0.000   0.013
B V  1XQFA                299    0.057   8.788   0.000   0.992   0.000   0.008
E T  1XQFA                300    0.315  43.754   0.000   0.993   0.000   0.007
E M  1XQFA                301    0.361  72.308   0.000   0.987   0.000   0.013
B L  1XQFA                302    0.117  21.430   0.000   0.990   0.000   0.010
E K  1XQFA                303    0.287  58.949   0.000   0.992   0.000   0.008
E R  1XQFA                304    0.706 161.641   0.000   0.990   0.000   0.010
E L  1XQFA                305    0.663 121.472   0.000   0.949   0.000   0.050
E L  1XQFA                306    0.356  65.119   0.000   0.490   0.000   0.509
E R  1XQFA                307    0.719 164.696   0.000   0.001   0.001   0.998
B V  1XQFA                308    0.097  14.905   0.000   0.003   0.036   0.961
E D  1XQFA                309    0.266  38.275   0.000   0.002   0.027   0.971
B D  1XQFA                310    0.100  14.398   0.000   0.038   0.063   0.899
B P  1XQFA                311    0.051   7.275   0.000   0.866   0.006   0.128
B C  1XQFA                312    0.089  12.491   0.000   0.866   0.007   0.127
B D  1XQFA                313    0.113  16.252   0.000   0.857   0.008   0.135
B V  1XQFA                314    0.015   2.300   0.000   0.968   0.001   0.031
B F  1XQFA                315    0.080  16.090   0.000   0.984   0.001   0.016
B G  1XQFA                316    0.057   4.501   0.000   0.984   0.001   0.014
B V  1XQFA                317    0.043   6.685   0.000   0.980   0.001   0.019
B H  1XQFA                318    0.019   3.509   0.000   0.971   0.002   0.027
B G  1XQFA                319    0.028   2.209   0.000   0.967   0.000   0.033
B V  1XQFA                320    0.221  34.027   0.000   0.986   0.001   0.014
B C  1XQFA                321    0.014   2.026   0.000   0.995   0.000   0.005
B G  1XQFA                322    0.004   0.336   0.000   0.999   0.000   0.001
B I  1XQFA                323    0.220  40.776   0.000   0.999   0.000   0.001
E V  1XQFA                324    0.297  45.611   0.000   0.999   0.000   0.001
B G  1XQFA                325    0.005   0.384   0.000   1.000   0.000   0.000
B C  1XQFA                326    0.021   2.953   0.000   1.000   0.000   0.000
E I  1XQFA                327    0.255  47.164   0.000   0.999   0.000   0.001
B M  1XQFA                328    0.130  26.073   0.000   0.998   0.000   0.002
B T  1XQFA                329    0.019   2.664   0.000   0.995   0.000   0.005
B G  1XQFA                330    0.032   2.536   0.000   0.996   0.000   0.003
E I  1XQFA                331    0.320  59.288   0.000   0.962   0.002   0.037
B F  1XQFA                332    0.173  34.674   0.000   0.857   0.001   0.143
B A  1XQFA                333    0.044   4.887   0.000   0.387   0.027   0.587
B A  1XQFA                334    0.148  16.271   0.000   0.159   0.051   0.791
E S  1XQFA                335    0.595  69.719   0.000   0.773   0.003   0.224
E S  1XQFA                336    0.514  60.201   0.000   0.750   0.006   0.244
B L  1XQFA                337    0.237  43.347   0.000   0.540   0.019   0.442
E G  1XQFA                338    0.369  29.033   0.000   0.216   0.013   0.771
E G  1XQFA                339    0.301  23.679   0.000   0.221   0.040   0.740
E V  1XQFA                340    0.328  50.405   0.000   0.184   0.126   0.690
E G  1XQFA                341    0.295  23.217   0.000   0.201   0.056   0.743
E F  1XQFA                342    0.428  85.962   0.000   0.250   0.081   0.669
E A  1XQFA                343    0.542  59.692   0.000   0.257   0.076   0.667
E E  1XQFA                344    0.749 130.880   0.000   0.148   0.024   0.828
E G  1XQFA                345    0.606  47.716   0.000   0.048   0.019   0.933
E V  1XQFA                346    0.277  42.570   0.000   0.031   0.156   0.813
E T  1XQFA                347    0.427  59.214   0.000   0.038   0.052   0.910
E M  1XQFA                348    0.392  78.356   0.000   0.851   0.002   0.147
E G  1XQFA                349    0.426  33.518   0.000   0.879   0.002   0.119
E H  1XQFA                350    0.304  55.354   0.000   0.961   0.001   0.038
B Q  1XQFA                351    0.032   5.745   0.000   0.991   0.000   0.009
E L  1XQFA                352    0.277  50.807   0.000   0.996   0.000   0.004
E L  1XQFA                353    0.483  88.465   0.000   0.997   0.000   0.003
B V  1XQFA                354    0.060   9.169   0.000   0.999   0.000   0.001
B Q  1XQFA                355    0.025   4.546   0.000   1.000   0.000   0.000
E L  1XQFA                356    0.403  73.856   0.000   0.999   0.000   0.001
E E  1XQFA                357    0.418  73.092   0.000   0.999   0.000   0.001
B S  1XQFA                358    0.008   0.980   0.000   1.000   0.000   0.000
B I  1XQFA                359    0.159  29.335   0.000   0.999   0.000   0.000
E A  1XQFA                360    0.452  49.770   0.000   1.000   0.000   0.000
B I  1XQFA                361    0.245  45.413   0.000   1.000   0.000   0.000
B T  1XQFA                362    0.012   1.605   0.000   0.999   0.000   0.001
E I  1XQFA                363    0.286  52.898   0.000   0.999   0.000   0.001
E V  1XQFA                364    0.463  71.114   0.000   0.999   0.000   0.001
B W  1XQFA                365    0.186  44.627   0.000   0.999   0.000   0.001
B S  1XQFA                366    0.015   1.784   0.000   0.998   0.000   0.002
B G  1XQFA                367    0.230  18.079   0.000   0.999   0.000   0.001
E V  1XQFA                368    0.457  70.257   0.000   0.999   0.000   0.001
B V  1XQFA                369    0.139  21.415   0.000   0.997   0.000   0.003
B A  1XQFA                370    0.023   2.583   0.000   0.997   0.000   0.003
E F  1XQFA                371    0.393  78.884   0.000   0.996   0.000   0.004
E I  1XQFA                372    0.498  92.141   0.000   0.996   0.000   0.004
B G  1XQFA                373    0.124   9.729   0.000   0.994   0.000   0.006
B Y  1XQFA                374    0.138  29.450   0.000   0.987   0.000   0.013
E K  1XQFA                375    0.475  97.807   0.000   0.972   0.000   0.028
E L  1XQFA                376    0.552 101.070   0.000   0.960   0.000   0.040
B A  1XQFA                377    0.178  19.603   0.000   0.930   0.000   0.070
E D  1XQFA                378    0.299  43.017   0.000   0.879   0.001   0.120
E L  1XQFA                379    0.614 112.426   0.000   0.860   0.001   0.139
E T  1XQFA                380    0.664  92.049   0.000   0.733   0.001   0.267
E V  1XQFA                381    0.416  63.911   0.000   0.360   0.002   0.638
E G  1XQFA                382    0.507  39.932   0.000   0.048   0.004   0.948
E L  1XQFA                383    0.343  62.754   0.000   0.020   0.017   0.964
E R  1XQFA                384    0.550 125.972   0.000   0.006   0.046   0.949
B V  1XQFA                385    0.207  31.859   0.000   0.001   0.008   0.991
E P  1XQFA                386    0.420  59.548   0.000   0.002   0.005   0.992
E E  1XQFA                387    0.660 115.217   0.000   0.367   0.001   0.633
E E  1XQFA                388    0.652 113.947   0.000   0.356   0.001   0.643
E Q  1XQFA                389    0.374  66.884   0.000   0.517   0.001   0.482
B E  1XQFA                390    0.238  41.505   0.000   0.425   0.001   0.574
E R  1XQFA                391    0.644 147.565   0.000   0.349   0.002   0.649
E E  1XQFA                392    0.725 126.611   0.000   0.118   0.001   0.882
E G  1XQFA                393    0.433  34.085   0.000   0.031   0.001   0.968
E L  1XQFA                394    0.351  64.284   0.000   0.020   0.026   0.954
E D  1XQFA                395    0.443  63.802   0.000   0.011   0.008   0.981
E V  1XQFA                396    0.404  62.149   0.000   0.207   0.002   0.790
E N  1XQFA                397    0.745 109.077   0.000   0.282   0.001   0.716
E S  1XQFA                398    0.541  63.418   0.000   0.272   0.006   0.721
E H  1XQFA                399    0.337  61.353   0.000   0.192   0.006   0.802
E G  1XQFA                400    0.511  40.214   0.000   0.059   0.008   0.934
E E  1XQFA                401    0.450  78.598   0.000   0.150   0.007   0.843
E N  1XQFA                402    0.720 105.451   0.000   0.152   0.013   0.835
E A  1XQFA                403    0.299  32.938   0.000   0.201   0.014   0.785
E Y  1XQFA                404    0.368  78.624   0.000   0.094   0.015   0.891
E N  1XQFA                405    0.618  90.463   0.000   0.068   0.009   0.923
E A  1XQFA                406    0.534  58.859   0.000   0.133   0.001   0.866
E D  1XQFA                407    0.729 105.114   0.000   0.094   0.001   0.906
E Q  1XQFA                408    0.611 109.043   0.000   0.102   0.002   0.896
E A  1XQFA                409    0.519  57.141   0.000   0.076   0.001   0.923
E Q  1XQFA                410    0.670 119.686   0.000   0.034   0.003   0.963
E Q  1XQFA                411    0.628 112.202   0.000   0.005   0.001   0.994
E P  1XQFA                412    0.627  89.020   0.000   0.021   0.001   0.978
E A  1XQFA                413    0.638  70.279   0.000   0.026   0.001   0.973
E Q  1XQFA                414    0.668 119.373   0.000   0.029   0.002   0.969
E A  1XQFA                415    0.694  76.479   0.000   0.028   0.001   0.972
E D  1XQFA                416    0.774 111.494   0.000   0.020   0.001   0.979
E L  1XQFA                417    0.701 128.285   0.000   0.006   0.000   0.993
E E  1XQFA                418    0.926 161.736   0.000   0.000   0.000   1.000
