# For publication of results, please cite:
# ...
# ... Michael Schantz Klausen, Martin Closter Jespersen, Henrik Nielsen, Kamilla Kjærgaard Jensen, 
# ... Vanessa Isabell Jurtz, Casper Kaae Sønderby, Morten Otto Alexander Sommer, Ole Winther, 
# ... Morten Nielsen, Bent Petersen, and Paolo Marcatili. 
# ... NetSurfP-2.0: Improved prediction of protein structural features by integrated deep learning.
# ... Proteins: Structure, Function, and Bioinformatics (Feb. 2019).
# ... https://doi.org/10.1002/prot.25674
# ...
#
# Column 1: Class assignment - B for buried or E for Exposed - Threshold: 25% exposure, but not based on RSA
# Column 2: Amino acid
# Column 3: Sequence name
# Column 4: Amino acid number
# Column 5: Relative Surface Accessibility - RSA
# Column 6: Absolute Surface Accessibility
# Column 7: Not used
# Column 8: Probability for Alpha-Helix
# Column 9: Probability for Beta-strand
# Column 10: Probability for Coil
E N  1TFKB                  1    0.885 129.555   0.000   0.003   0.000   0.997
E K  1TFKB                  2    0.585 120.280   0.000   0.494   0.010   0.496
E M  1TFKB                  3    0.513 102.667   0.000   0.720   0.005   0.275
E A  1TFKB                  4    0.274  30.153   0.000   0.939   0.002   0.059
B M  1TFKB                  5    0.098  19.658   0.000   0.990   0.000   0.009
B I  1TFKB                  6    0.200  37.004   0.000   0.999   0.000   0.001
E D  1TFKB                  7    0.497  71.555   0.000   0.999   0.000   0.001
B L  1TFKB                  8    0.083  15.196   0.000   0.999   0.000   0.001
B A  1TFKB                  9    0.043   4.742   0.000   0.999   0.000   0.001
E K  1TFKB                 10    0.434  89.278   0.000   0.999   0.000   0.001
E L  1TFKB                 11    0.267  48.844   0.000   0.999   0.000   0.001
B F  1TFKB                 12    0.122  24.424   0.000   0.999   0.000   0.001
B L  1TFKB                 13    0.160  29.275   0.000   0.987   0.000   0.013
E A  1TFKB                 14    0.460  50.713   0.000   0.224   0.000   0.776
E S  1TFKB                 15    0.662  77.544   0.000   0.030   0.000   0.969
E K  1TFKB                 16    0.702 144.303   0.000   0.004   0.001   0.994
B I  1TFKB                 17    0.143  26.386   0.000   0.001   0.014   0.985
E T  1TFKB                 18    0.450  62.417   0.000   0.000   0.009   0.991
B A  1TFKB                 19    0.192  21.106   0.000   0.987   0.000   0.013
E I  1TFKB                 20    0.535  99.023   0.000   0.994   0.000   0.006
E E  1TFKB                 21    0.475  83.018   0.000   0.998   0.000   0.001
B F  1TFKB                 22    0.052  10.506   0.000   0.999   0.000   0.001
B S  1TFKB                 23    0.148  17.399   0.000   0.997   0.000   0.003
E E  1TFKB                 24    0.565  98.771   0.000   0.997   0.000   0.003
E R  1TFKB                 25    0.444 101.609   0.000   0.996   0.000   0.004
B I  1TFKB                 26    0.113  20.881   0.000   0.997   0.000   0.003
B C  1TFKB                 27    0.147  20.660   0.000   0.990   0.000   0.009
E V  1TFKB                 28    0.425  65.360   0.000   0.984   0.000   0.016
E E  1TFKB                 29    0.344  60.152   0.000   0.977   0.000   0.023
B R  1TFKB                 30    0.214  48.916   0.000   0.966   0.000   0.033
E R  1TFKB                 31    0.407  93.289   0.000   0.933   0.001   0.067
E R  1TFKB                 32    0.725 165.919   0.000   0.945   0.000   0.055
E L  1TFKB                 33    0.476  87.133   0.000   0.803   0.001   0.196
E Y  1TFKB                 34    0.498 106.476   0.000   0.511   0.002   0.487
E G  1TFKB                 35    0.500  39.347   0.000   0.065   0.002   0.933
B V  1TFKB                 36    0.194  29.811   0.000   0.202   0.010   0.788
E K  1TFKB                 37    0.721 148.398   0.000   0.184   0.005   0.811
E D  1TFKB                 38    0.827 119.152   0.000   0.170   0.004   0.826
E L  1TFKB                 39    0.290  53.127   0.000   0.084   0.008   0.908
E S  1TFKB                 40    0.313  36.647   0.000   0.033   0.004   0.964
E P  1TFKB                 41    0.627  88.912   0.000   0.728   0.001   0.272
E N  1TFKB                 42    0.471  68.894   0.000   0.812   0.001   0.186
B I  1TFKB                 43    0.125  23.169   0.000   0.966   0.001   0.033
E L  1TFKB                 44    0.375  68.749   0.000   0.981   0.000   0.018
E N  1TFKB                 45    0.582  85.276   0.000   0.984   0.000   0.016
B C  1TFKB                 46    0.078  10.950   0.000   0.984   0.000   0.015
B G  1TFKB                 47    0.086   6.735   0.000   0.986   0.000   0.014
E E  1TFKB                 48    0.505  88.213   0.000   0.990   0.000   0.010
E E  1TFKB                 49    0.428  74.766   0.000   0.995   0.000   0.005
B L  1TFKB                 50    0.084  15.357   0.000   0.998   0.000   0.002
E F  1TFKB                 51    0.254  50.934   0.000   0.997   0.000   0.003
E M  1TFKB                 52    0.406  81.239   0.000   0.996   0.000   0.004
B A  1TFKB                 53    0.150  16.544   0.000   0.993   0.000   0.007
B A  1TFKB                 54    0.048   5.342   0.000   0.986   0.000   0.014
E E  1TFKB                 55    0.443  77.399   0.000   0.918   0.001   0.081
E R  1TFKB                 56    0.590 135.074   0.000   0.681   0.003   0.317
E F  1TFKB                 57    0.333  66.912   0.000   0.371   0.018   0.611
E E  1TFKB                 58    0.449  78.381   0.000   0.003   0.027   0.970
E P  1TFKB                 59    0.626  88.822   0.000   0.031   0.003   0.967
E D  1TFKB                 60    0.763 109.995   0.000   0.029   0.001   0.970
E A  1TFKB                 61    0.513  56.570   0.000   0.091   0.003   0.906
E D  1TFKB                 62    0.741 106.742   0.000   0.056   0.002   0.941
E R  1TFKB                 63    0.397  90.845   0.000   0.266   0.005   0.730
E A  1TFKB                 64    0.682  75.114   0.000   0.288   0.002   0.710
E N  1TFKB                 65    0.858 125.677   0.000   0.258   0.002   0.740
E Y  1TFKB                 66    0.441  94.202   0.000   0.132   0.008   0.860
E E  1TFKB                 67    0.805 140.602   0.000   0.023   0.007   0.969
E I  1TFKB                 68    0.257  47.509   0.000   0.005   0.017   0.978
E D  1TFKB                 69    0.580  83.549   0.000   0.004   0.002   0.994
E D  1TFKB                 70    0.617  88.950   0.000   0.953   0.000   0.047
E N  1TFKB                 71    0.736 107.783   0.000   0.987   0.000   0.013
B G  1TFKB                 72    0.241  18.935   0.000   0.988   0.000   0.012
B L  1TFKB                 73    0.099  18.177   0.000   0.996   0.000   0.004
E K  1TFKB                 74    0.367  75.515   0.000   0.998   0.000   0.002
E V  1TFKB                 75    0.493  75.830   0.000   0.999   0.000   0.001
E E  1TFKB                 76    0.348  60.834   0.000   0.999   0.000   0.001
B V  1TFKB                 77    0.036   5.492   0.000   0.997   0.000   0.003
E R  1TFKB                 78    0.471 107.865   0.000   0.995   0.000   0.005
E S  1TFKB                 79    0.499  58.433   0.000   0.985   0.000   0.015
B I  1TFKB                 80    0.143  26.414   0.000   0.988   0.000   0.012
B L  1TFKB                 81    0.168  30.764   0.000   0.964   0.001   0.035
E E  1TFKB                 82    0.668 116.698   0.000   0.891   0.001   0.108
E K  1TFKB                 83    0.631 129.893   0.000   0.814   0.001   0.186
E F  1TFKB                 84    0.411  82.436   0.000   0.589   0.002   0.410
E K  1TFKB                 85    0.656 134.909   0.000   0.343   0.008   0.649
E L  1TFKB                 86    0.742 135.888   0.000   0.200   0.002   0.798
E H  1TFKB                 87    0.737 134.039   0.000   0.086   0.001   0.912
E H  1TFKB                 88    0.729 132.523   0.000   0.044   0.001   0.955
E H  1TFKB                 89    0.730 132.702   0.000   0.052   0.002   0.946
E H  1TFKB                 90    0.775 140.900   0.000   0.033   0.002   0.965
E H  1TFKB                 91    0.908 165.219   0.000   0.000   0.000   1.000
