# For publication of results, please cite:
# ...
# ... Michael Schantz Klausen, Martin Closter Jespersen, Henrik Nielsen, Kamilla Kjærgaard Jensen, 
# ... Vanessa Isabell Jurtz, Casper Kaae Sønderby, Morten Otto Alexander Sommer, Ole Winther, 
# ... Morten Nielsen, Bent Petersen, and Paolo Marcatili. 
# ... NetSurfP-2.0: Improved prediction of protein structural features by integrated deep learning.
# ... Proteins: Structure, Function, and Bioinformatics (Feb. 2019).
# ... https://doi.org/10.1002/prot.25674
# ...
#
# Column 1: Class assignment - B for buried or E for Exposed - Threshold: 25% exposure, but not based on RSA
# Column 2: Amino acid
# Column 3: Sequence name
# Column 4: Amino acid number
# Column 5: Relative Surface Accessibility - RSA
# Column 6: Absolute Surface Accessibility
# Column 7: Not used
# Column 8: Probability for Alpha-Helix
# Column 9: Probability for Beta-strand
# Column 10: Probability for Coil
E K  1FS0G                  1    0.828 170.325   0.000   0.021   0.000   0.979
E I  1FS0G                  2    0.628 116.119   0.000   0.663   0.004   0.333
E T  1FS0G                  3    0.448  62.127   0.000   0.775   0.003   0.221
E K  1FS0G                  4    0.597 122.903   0.000   0.879   0.001   0.120
E A  1FS0G                  5    0.513  56.489   0.000   0.945   0.000   0.055
E M  1FS0G                  6    0.423  84.726   0.000   0.917   0.001   0.082
E E  1FS0G                  7    0.457  79.882   0.000   0.945   0.001   0.054
E M  1FS0G                  8    0.536 107.345   0.000   0.948   0.001   0.051
E V  1FS0G                  9    0.493  75.772   0.000   0.957   0.001   0.043
B A  1FS0G                 10    0.222  24.452   0.000   0.959   0.000   0.040
E A  1FS0G                 11    0.392  43.191   0.000   0.952   0.000   0.047
E S  1FS0G                 12    0.520  60.894   0.000   0.967   0.000   0.033
E K  1FS0G                 13    0.406  83.465   0.000   0.983   0.000   0.016
E M  1FS0G                 14    0.271  54.174   0.000   0.969   0.000   0.030
E R  1FS0G                 15    0.564 129.252   0.000   0.992   0.000   0.008
E K  1FS0G                 16    0.509 104.675   0.000   0.992   0.000   0.008
B S  1FS0G                 17    0.156  18.260   0.000   0.990   0.000   0.010
E Q  1FS0G                 18    0.428  76.389   0.000   0.997   0.000   0.003
E D  1FS0G                 19    0.600  86.510   0.000   0.997   0.000   0.003
E R  1FS0G                 20    0.392  89.875   0.000   0.996   0.000   0.004
B M  1FS0G                 21    0.133  26.593   0.000   0.992   0.000   0.008
E A  1FS0G                 22    0.465  51.263   0.000   0.974   0.000   0.026
E A  1FS0G                 23    0.513  56.520   0.000   0.790   0.000   0.210
B S  1FS0G                 24    0.141  16.526   0.000   0.529   0.000   0.471
E R  1FS0G                 25    0.474 108.482   0.000   0.941   0.000   0.058
E P  1FS0G                 26    0.480  68.114   0.000   0.975   0.000   0.025
B Y  1FS0G                 27    0.187  39.938   0.000   0.990   0.000   0.010
B A  1FS0G                 28    0.079   8.682   0.000   0.994   0.000   0.005
E E  1FS0G                 29    0.543  94.921   0.000   0.995   0.000   0.005
E T  1FS0G                 30    0.277  38.444   0.000   0.995   0.000   0.005
B M  1FS0G                 31    0.060  11.981   0.000   0.992   0.000   0.008
E R  1FS0G                 32    0.391  89.476   0.000   0.997   0.000   0.003
E K  1FS0G                 33    0.559 114.885   0.000   0.995   0.000   0.004
B V  1FS0G                 34    0.139  21.299   0.000   0.994   0.000   0.006
B I  1FS0G                 35    0.066  12.282   0.000   0.988   0.000   0.012
B G  1FS0G                 36    0.216  16.990   0.000   0.978   0.000   0.022
E H  1FS0G                 37    0.390  70.922   0.000   0.951   0.001   0.048
B L  1FS0G                 38    0.108  19.753   0.000   0.926   0.001   0.072
B A  1FS0G                 39    0.208  22.955   0.000   0.768   0.005   0.227
E H  1FS0G                 40    0.619 112.667   0.000   0.330   0.006   0.664
E G  1FS0G                 41    0.575  45.215   0.000   0.074   0.003   0.923
E N  1FS0G                 42    0.554  81.135   0.000   0.029   0.005   0.966
E L  1FS0G                 43    0.522  95.612   0.000   0.068   0.006   0.926
E E  1FS0G                 44    0.759 132.611   0.000   0.059   0.009   0.932
E Y  1FS0G                 45    0.383  81.797   0.000   0.056   0.022   0.921
E K  1FS0G                 46    0.745 153.294   0.000   0.039   0.022   0.940
B H  1FS0G                 47    0.187  34.063   0.000   0.004   0.017   0.980
E P  1FS0G                 48    0.488  69.221   0.000   0.356   0.003   0.642
B Y  1FS0G                 49    0.243  51.840   0.000   0.341   0.005   0.653
B L  1FS0G                 50    0.109  19.929   0.000   0.474   0.013   0.513
E E  1FS0G                 51    0.620 108.359   0.000   0.328   0.013   0.660
E D  1FS0G                 52    0.710 102.289   0.000   0.174   0.006   0.820
E R  1FS0G                 53    0.475 108.812   0.000   0.054   0.004   0.942
E D  1FS0G                 54    0.837 120.563   0.000   0.020   0.004   0.976
B V  1FS0G                 55    0.244  37.482   0.000   0.022   0.052   0.926
E K  1FS0G                 56    0.566 116.407   0.000   0.012   0.081   0.907
E R  1FS0G                 57    0.336  76.890   0.000   0.011   0.491   0.498
B V  1FS0G                 58    0.069  10.577   0.000   0.001   0.932   0.067
B G  1FS0G                 59    0.008   0.602   0.000   0.000   0.986   0.014
B Y  1FS0G                 60    0.028   6.020   0.000   0.000   0.998   0.002
B L  1FS0G                 61    0.003   0.612   0.000   0.000   0.999   0.001
B V  1FS0G                 62    0.008   1.163   0.000   0.000   0.997   0.003
B V  1FS0G                 63    0.008   1.209   0.000   0.000   0.986   0.014
B S  1FS0G                 64    0.027   3.153   0.000   0.000   0.818   0.182
B T  1FS0G                 65    0.070   9.677   0.000   0.000   0.341   0.658
E D  1FS0G                 66    0.300  43.212   0.000   0.002   0.040   0.957
E R  1FS0G                 67    0.428  98.120   0.000   0.011   0.041   0.948
E G  1FS0G                 68    0.358  28.183   0.000   0.034   0.029   0.936
E L  1FS0G                 69    0.366  67.043   0.000   0.022   0.006   0.972
B C  1FS0G                 70    0.212  29.703   0.000   0.052   0.006   0.942
E G  1FS0G                 71    0.474  37.269   0.000   0.195   0.002   0.803
E G  1FS0G                 72    0.501  39.408   0.000   0.873   0.000   0.126
B L  1FS0G                 73    0.140  25.558   0.000   0.950   0.001   0.049
B N  1FS0G                 74    0.072  10.538   0.000   0.957   0.001   0.043
E I  1FS0G                 75    0.271  50.170   0.000   0.957   0.000   0.042
E N  1FS0G                 76    0.383  56.102   0.000   0.956   0.000   0.043
B L  1FS0G                 77    0.025   4.564   0.000   0.988   0.000   0.012
B F  1FS0G                 78    0.078  15.656   0.000   0.986   0.000   0.014
E K  1FS0G                 79    0.576 118.458   0.000   0.989   0.000   0.011
E K  1FS0G                 80    0.398  81.906   0.000   0.972   0.000   0.028
B L  1FS0G                 81    0.017   3.150   0.000   0.975   0.000   0.025
B L  1FS0G                 82    0.213  38.986   0.000   0.979   0.000   0.020
E A  1FS0G                 83    0.478  52.687   0.000   0.955   0.000   0.045
E E  1FS0G                 84    0.277  48.407   0.000   0.919   0.000   0.080
B M  1FS0G                 85    0.044   8.876   0.000   0.896   0.001   0.103
E K  1FS0G                 86    0.530 109.026   0.000   0.877   0.001   0.122
E T  1FS0G                 87    0.510  70.688   0.000   0.824   0.002   0.174
B W  1FS0G                 88    0.102  24.631   0.000   0.874   0.001   0.125
E T  1FS0G                 89    0.405  56.129   0.000   0.900   0.001   0.099
E D  1FS0G                 90    0.867 124.940   0.000   0.823   0.001   0.175
E K  1FS0G                 91    0.627 128.896   0.000   0.150   0.001   0.850
E G  1FS0G                 92    0.735  57.827   0.000   0.005   0.001   0.994
B V  1FS0G                 93    0.228  35.087   0.000   0.004   0.027   0.969
E Q  1FS0G                 94    0.628 112.182   0.000   0.004   0.186   0.811
B C  1FS0G                 95    0.055   7.763   0.000   0.000   0.580   0.419
E D  1FS0G                 96    0.271  39.012   0.000   0.001   0.860   0.140
B L  1FS0G                 97    0.034   6.266   0.000   0.000   0.991   0.009
B A  1FS0G                 98    0.020   2.214   0.000   0.000   0.998   0.002
B M  1FS0G                 99    0.031   6.179   0.000   0.000   0.986   0.014
B I  1FS0G                100    0.026   4.870   0.000   0.000   0.935   0.065
B G  1FS0G                101    0.173  13.599   0.000   0.007   0.106   0.887
E S  1FS0G                102    0.500  58.658   0.000   0.960   0.000   0.040
E K  1FS0G                103    0.521 107.168   0.000   0.954   0.000   0.045
B G  1FS0G                104    0.013   0.985   0.000   0.956   0.000   0.044
B V  1FS0G                105    0.173  26.526   0.000   0.992   0.000   0.008
E S  1FS0G                106    0.557  65.283   0.000   0.990   0.000   0.010
B F  1FS0G                107    0.220  44.220   0.000   0.994   0.000   0.005
B F  1FS0G                108    0.015   2.976   0.000   0.985   0.000   0.015
E N  1FS0G                109    0.617  90.310   0.000   0.956   0.000   0.044
E S  1FS0G                110    0.727  85.219   0.000   0.809   0.000   0.191
E V  1FS0G                111    0.304  46.798   0.000   0.252   0.001   0.747
E G  1FS0G                112    0.548  43.117   0.000   0.008   0.002   0.990
B G  1FS0G                113    0.243  19.127   0.000   0.012   0.039   0.948
E N  1FS0G                114    0.627  91.722   0.000   0.003   0.686   0.311
E V  1FS0G                115    0.269  41.317   0.000   0.001   0.950   0.049
E V  1FS0G                116    0.363  55.777   0.000   0.000   0.944   0.056
B A  1FS0G                117    0.181  19.911   0.000   0.000   0.990   0.009
E Q  1FS0G                118    0.481  85.924   0.000   0.000   0.991   0.009
B V  1FS0G                119    0.185  28.437   0.000   0.001   0.956   0.043
E T  1FS0G                120    0.538  74.597   0.000   0.002   0.622   0.376
E G  1FS0G                121    0.394  30.997   0.000   0.010   0.035   0.955
B M  1FS0G                122    0.174  34.873   0.000   0.014   0.031   0.955
E G  1FS0G                123    0.389  30.646   0.000   0.015   0.021   0.963
E D  1FS0G                124    0.720 103.753   0.000   0.012   0.005   0.982
E N  1FS0G                125    0.678  99.230   0.000   0.002   0.005   0.993
B P  1FS0G                126    0.152  21.573   0.000   0.004   0.007   0.989
E S  1FS0G                127    0.374  43.888   0.000   0.004   0.042   0.954
E L  1FS0G                128    0.333  61.030   0.000   0.896   0.001   0.103
E S  1FS0G                129    0.674  79.004   0.000   0.943   0.000   0.057
E E  1FS0G                130    0.493  86.086   0.000   0.944   0.001   0.055
B L  1FS0G                131    0.028   5.216   0.000   0.905   0.001   0.094
B I  1FS0G                132    0.200  36.955   0.000   0.956   0.001   0.043
E G  1FS0G                133    0.321  25.297   0.000   0.978   0.000   0.022
B P  1FS0G                134    0.122  17.273   0.000   0.974   0.000   0.025
B V  1FS0G                135    0.035   5.438   0.000   0.985   0.000   0.015
E K  1FS0G                136    0.479  98.522   0.000   0.991   0.000   0.009
E V  1FS0G                137    0.272  41.875   0.000   0.992   0.001   0.008
B M  1FS0G                138    0.029   5.804   0.000   0.993   0.000   0.007
B L  1FS0G                139    0.115  21.080   0.000   0.985   0.000   0.014
E Q  1FS0G                140    0.527  94.128   0.000   0.987   0.000   0.013
B A  1FS0G                141    0.106  11.645   0.000   0.990   0.000   0.010
B Y  1FS0G                142    0.135  28.826   0.000   0.984   0.000   0.016
E D  1FS0G                143    0.530  76.422   0.000   0.967   0.000   0.033
E E  1FS0G                144    0.673 117.622   0.000   0.268   0.000   0.732
E G  1FS0G                145    0.538  42.322   0.000   0.002   0.000   0.998
E R  1FS0G                146    0.579 132.531   0.000   0.000   0.000   0.999
B L  1FS0G                147    0.067  12.226   0.000   0.000   0.007   0.992
E D  1FS0G                148    0.415  59.773   0.000   0.000   0.005   0.995
E K  1FS0G                149    0.303  62.413   0.000   0.000   0.916   0.083
B L  1FS0G                150    0.013   2.350   0.000   0.000   0.990   0.010
B Y  1FS0G                151    0.121  25.942   0.000   0.000   0.995   0.005
B I  1FS0G                152    0.012   2.237   0.000   0.000   0.997   0.003
B V  1FS0G                153    0.026   4.063   0.000   0.000   0.987   0.013
B S  1FS0G                154    0.063   7.387   0.000   0.000   0.929   0.071
B N  1FS0G                155    0.141  20.665   0.000   0.001   0.620   0.379
E K  1FS0G                156    0.368  75.777   0.000   0.002   0.439   0.558
B F  1FS0G                157    0.246  49.400   0.000   0.002   0.672   0.326
E I  1FS0G                158    0.402  74.397   0.000   0.007   0.564   0.429
E N  1FS0G                159    0.481  70.434   0.000   0.008   0.410   0.582
E T  1FS0G                160    0.595  82.573   0.000   0.040   0.054   0.907
E M  1FS0G                161    0.533 106.561   0.000   0.025   0.098   0.876
E S  1FS0G                162    0.356  41.672   0.000   0.059   0.464   0.477
B Q  1FS0G                163    0.239  42.635   0.000   0.010   0.559   0.430
E V  1FS0G                164    0.441  67.753   0.000   0.001   0.689   0.310
B P  1FS0G                165    0.240  34.085   0.000   0.000   0.818   0.182
E T  1FS0G                166    0.355  49.286   0.000   0.000   0.978   0.022
E I  1FS0G                167    0.372  68.761   0.000   0.000   0.989   0.010
E S  1FS0G                168    0.327  38.334   0.000   0.001   0.984   0.016
E Q  1FS0G                169    0.503  89.747   0.000   0.001   0.955   0.044
B L  1FS0G                170    0.103  18.791   0.000   0.003   0.462   0.536
B L  1FS0G                171    0.123  22.579   0.000   0.001   0.422   0.577
E P  1FS0G                172    0.363  51.567   0.000   0.000   0.257   0.742
B L  1FS0G                173    0.182  33.269   0.000   0.000   0.111   0.889
E P  1FS0G                174    0.515  73.030   0.000   0.003   0.047   0.950
E A  1FS0G                175    0.568  62.641   0.000   0.033   0.022   0.944
E S  1FS0G                176    0.669  78.451   0.000   0.043   0.008   0.949
E D  1FS0G                177    0.753 108.523   0.000   0.059   0.002   0.939
E D  1FS0G                178    0.693  99.861   0.000   0.088   0.001   0.912
E D  1FS0G                179    0.691  99.556   0.000   0.097   0.001   0.903
E D  1FS0G                180    0.700 100.919   0.000   0.094   0.001   0.905
E L  1FS0G                181    0.483  88.406   0.000   0.096   0.004   0.900
E K  1FS0G                182    0.684 140.618   0.000   0.081   0.011   0.909
E H  1FS0G                183    0.725 131.810   0.000   0.062   0.014   0.924
E K  1FS0G                184    0.641 131.942   0.000   0.049   0.015   0.936
E S  1FS0G                185    0.746  87.490   0.000   0.040   0.020   0.940
E W  1FS0G                186    0.515 123.874   0.000   0.045   0.048   0.906
E D  1FS0G                187    0.690  99.408   0.000   0.038   0.080   0.881
E Y  1FS0G                188    0.463  99.007   0.000   0.021   0.172   0.807
E L  1FS0G                189    0.499  91.302   0.000   0.012   0.202   0.786
E Y  1FS0G                190    0.464  99.180   0.000   0.014   0.292   0.694
E E  1FS0G                191    0.535  93.498   0.000   0.001   0.142   0.857
E P  1FS0G                192    0.386  54.785   0.000   0.002   0.082   0.916
E D  1FS0G                193    0.574  82.643   0.000   0.002   0.003   0.995
E P  1FS0G                194    0.272  38.588   0.000   0.932   0.000   0.068
E K  1FS0G                195    0.577 118.654   0.000   0.964   0.000   0.035
E A  1FS0G                196    0.372  41.040   0.000   0.980   0.000   0.019
B L  1FS0G                197    0.146  26.736   0.000   0.985   0.000   0.014
B L  1FS0G                198    0.093  16.958   0.000   0.988   0.000   0.011
E D  1FS0G                199    0.453  65.272   0.000   0.979   0.000   0.021
E T  1FS0G                200    0.392  54.379   0.000   0.975   0.000   0.025
B L  1FS0G                201    0.095  17.470   0.000   0.981   0.000   0.019
B L  1FS0G                202    0.069  12.716   0.000   0.992   0.000   0.008
E R  1FS0G                203    0.436  99.907   0.000   0.990   0.000   0.009
E R  1FS0G                204    0.483 110.716   0.000   0.997   0.000   0.003
B Y  1FS0G                205    0.176  37.608   0.000   0.997   0.000   0.003
B V  1FS0G                206    0.026   4.063   0.000   0.998   0.000   0.002
B E  1FS0G                207    0.246  43.037   0.000   0.995   0.000   0.005
B S  1FS0G                208    0.159  18.675   0.000   0.993   0.000   0.007
B Q  1FS0G                209    0.223  39.876   0.000   0.997   0.000   0.003
B V  1FS0G                210    0.050   7.624   0.000   0.998   0.000   0.002
B Y  1FS0G                211    0.101  21.578   0.000   0.997   0.000   0.002
E Q  1FS0G                212    0.275  49.074   0.000   0.996   0.000   0.004
B G  1FS0G                213    0.071   5.552   0.000   0.998   0.000   0.002
B V  1FS0G                214    0.054   8.295   0.000   0.996   0.000   0.004
B V  1FS0G                215    0.070  10.785   0.000   0.996   0.000   0.004
B E  1FS0G                216    0.234  40.848   0.000   0.986   0.000   0.014
B N  1FS0G                217    0.143  20.964   0.000   0.979   0.000   0.020
B L  1FS0G                218    0.113  20.601   0.000   0.986   0.001   0.014
B A  1FS0G                219    0.104  11.433   0.000   0.984   0.000   0.015
B S  1FS0G                220    0.112  13.117   0.000   0.979   0.000   0.020
B E  1FS0G                221    0.110  19.256   0.000   0.985   0.000   0.015
B Q  1FS0G                222    0.144  25.732   0.000   0.968   0.001   0.032
B A  1FS0G                223    0.132  14.515   0.000   0.973   0.000   0.026
B A  1FS0G                224    0.139  15.368   0.000   0.955   0.001   0.044
B R  1FS0G                225    0.220  50.469   0.000   0.944   0.002   0.054
B M  1FS0G                226    0.214  42.867   0.000   0.938   0.001   0.061
E V  1FS0G                227    0.350  53.774   0.000   0.879   0.002   0.119
E A  1FS0G                228    0.374  41.260   0.000   0.676   0.003   0.320
E M  1FS0G                229    0.405  81.047   0.000   0.311   0.008   0.681
E K  1FS0G                230    0.830 170.811   0.000   0.003   0.000   0.997
