# For publication of results, please cite:
# ...
# ... Michael Schantz Klausen, Martin Closter Jespersen, Henrik Nielsen, Kamilla Kjærgaard Jensen, 
# ... Vanessa Isabell Jurtz, Casper Kaae Sønderby, Morten Otto Alexander Sommer, Ole Winther, 
# ... Morten Nielsen, Bent Petersen, and Paolo Marcatili. 
# ... NetSurfP-2.0: Improved prediction of protein structural features by integrated deep learning.
# ... Proteins: Structure, Function, and Bioinformatics (Feb. 2019).
# ... https://doi.org/10.1002/prot.25674
# ...
#
# Column 1: Class assignment - B for buried or E for Exposed - Threshold: 25% exposure, but not based on RSA
# Column 2: Amino acid
# Column 3: Sequence name
# Column 4: Amino acid number
# Column 5: Relative Surface Accessibility - RSA
# Column 6: Absolute Surface Accessibility
# Column 7: Not used
# Column 8: Probability for Alpha-Helix
# Column 9: Probability for Beta-strand
# Column 10: Probability for Coil
E M  1YQFF                  1    0.921 184.354   0.000   0.000   0.000   1.000
E A  1YQFF                  2    0.895  98.577   0.000   0.000   0.000   1.000
E H  1YQFF                  3    0.846 153.966   0.000   0.000   0.000   1.000
E H  1YQFF                  4    0.810 147.415   0.000   0.000   0.000   0.999
E H  1YQFF                  5    0.791 143.811   0.000   0.001   0.000   0.999
E H  1YQFF                  6    0.782 142.319   0.000   0.001   0.000   0.999
E H  1YQFF                  7    0.770 140.012   0.000   0.001   0.000   0.999
E H  1YQFF                  8    0.779 141.656   0.000   0.001   0.000   0.999
E M  1YQFF                  9    0.727 145.456   0.000   0.001   0.001   0.999
E S  1YQFF                 10    0.807  94.573   0.000   0.001   0.001   0.998
E A  1YQFF                 11    0.667  73.538   0.000   0.001   0.001   0.998
E P  1YQFF                 12    0.638  90.571   0.000   0.004   0.002   0.995
E T  1YQFF                 13    0.753 104.465   0.000   0.007   0.012   0.981
E A  1YQFF                 14    0.690  76.020   0.000   0.013   0.024   0.963
E L  1YQFF                 15    0.535  98.010   0.000   0.015   0.054   0.931
E T  1YQFF                 16    0.703  97.529   0.000   0.009   0.067   0.924
E V  1YQFF                 17    0.368  56.562   0.000   0.004   0.056   0.940
E P  1YQFF                 18    0.488  69.213   0.000   0.007   0.034   0.959
E R  1YQFF                 19    0.582 133.330   0.000   0.019   0.102   0.879
E R  1YQFF                 20    0.516 118.265   0.000   0.020   0.071   0.909
E S  1YQFF                 21    0.418  48.973   0.000   0.035   0.011   0.954
E A  1YQFF                 22    0.704  77.573   0.000   0.584   0.003   0.413
E S  1YQFF                 23    0.479  56.098   0.000   0.701   0.001   0.298
E D  1YQFF                 24    0.325  46.888   0.000   0.855   0.001   0.145
E A  1YQFF                 25    0.450  49.598   0.000   0.888   0.000   0.112
E A  1YQFF                 26    0.427  47.065   0.000   0.948   0.001   0.052
B L  1YQFF                 27    0.135  24.638   0.000   0.981   0.000   0.019
B A  1YQFF                 28    0.124  13.650   0.000   0.994   0.000   0.006
E D  1YQFF                 29    0.544  78.386   0.000   0.997   0.000   0.003
B A  1YQFF                 30    0.185  20.382   0.000   0.998   0.000   0.002
B T  1YQFF                 31    0.084  11.610   0.000   0.994   0.000   0.006
E R  1YQFF                 32    0.468 107.175   0.000   0.997   0.000   0.003
E R  1YQFF                 33    0.560 128.195   0.000   0.997   0.000   0.003
B E  1YQFF                 34    0.185  32.373   0.000   0.998   0.000   0.002
B L  1YQFF                 35    0.118  21.516   0.000   0.993   0.000   0.006
E E  1YQFF                 36    0.651 113.745   0.000   0.991   0.000   0.009
E E  1YQFF                 37    0.513  89.647   0.000   0.981   0.000   0.019
B E  1YQFF                 38    0.101  17.666   0.000   0.966   0.000   0.034
E M  1YQFF                 39    0.424  84.896   0.000   0.823   0.002   0.175
E G  1YQFF                 40    0.748  58.882   0.000   0.553   0.001   0.446
E R  1YQFF                 41    0.532 121.777   0.000   0.285   0.002   0.713
E S  1YQFF                 42    0.408  47.816   0.000   0.111   0.013   0.876
E D  1YQFF                 43    0.842 121.311   0.000   0.042   0.006   0.953
E K  1YQFF                 44    0.621 127.782   0.000   0.003   0.004   0.993
E P  1YQFF                 45    0.379  53.831   0.000   0.002   0.003   0.995
E E  1YQFF                 46    0.756 132.060   0.000   0.003   0.022   0.975
E Q  1YQFF                 47    0.656 117.153   0.000   0.001   0.007   0.992
B P  1YQFF                 48    0.227  32.247   0.000   0.000   0.004   0.996
E T  1YQFF                 49    0.685  95.066   0.000   0.000   0.028   0.972
E P  1YQFF                 50    0.492  69.791   0.000   0.002   0.002   0.996
B P  1YQFF                 51    0.244  34.584   0.000   0.010   0.004   0.987
E A  1YQFF                 52    0.749  82.512   0.000   0.020   0.013   0.966
E G  1YQFF                 53    0.542  42.640   0.000   0.007   0.004   0.989
B W  1YQFF                 54    0.115  27.640   0.000   0.000   0.315   0.685
E Q  1YQFF                 55    0.618 110.426   0.000   0.000   0.988   0.012
E V  1YQFF                 56    0.264  40.550   0.000   0.000   0.990   0.010
E V  1YQFF                 57    0.400  61.530   0.000   0.000   0.983   0.017
E R  1YQFF                 58    0.459 105.163   0.000   0.000   0.882   0.118
E K  1YQFF                 59    0.541 111.341   0.000   0.000   0.323   0.676
E P  1YQFF                 60    0.595  84.478   0.000   0.014   0.043   0.943
E G  1YQFF                 61    0.533  41.971   0.000   0.013   0.044   0.943
E T  1YQFF                 62    0.470  65.136   0.000   0.011   0.083   0.907
B C  1YQFF                 63    0.229  32.119   0.000   0.002   0.101   0.897
E T  1YQFF                 64    0.270  37.487   0.000   0.000   0.840   0.160
B F  1YQFF                 65    0.023   4.533   0.000   0.000   0.991   0.009
E D  1YQFF                 66    0.277  39.977   0.000   0.000   0.996   0.003
B L  1YQFF                 67    0.014   2.646   0.000   0.000   0.998   0.002
B T  1YQFF                 68    0.244  33.797   0.000   0.000   0.999   0.001
B K  1YQFF                 69    0.200  41.242   0.000   0.000   0.995   0.005
E S  1YQFF                 70    0.471  55.160   0.000   0.000   0.968   0.032
B F  1YQFF                 71    0.179  35.910   0.000   0.001   0.919   0.080
E E  1YQFF                 72    0.877 153.126   0.000   0.002   0.002   0.996
E G  1YQFF                 73    0.852  67.049   0.000   0.003   0.000   0.996
E E  1YQFF                 74    0.258  45.061   0.000   0.000   0.899   0.101
E D  1YQFF                 75    0.502  72.389   0.000   0.000   0.953   0.047
B L  1YQFF                 76    0.029   5.400   0.000   0.000   0.992   0.008
B V  1YQFF                 77    0.155  23.749   0.000   0.000   0.999   0.001
B V  1YQFF                 78    0.012   1.878   0.000   0.000   0.999   0.001
E R  1YQFF                 79    0.311  71.331   0.000   0.000   0.998   0.002
B Y  1YQFF                 80    0.034   7.260   0.000   0.000   0.995   0.005
B S  1YQFF                 81    0.190  22.211   0.000   0.000   0.938   0.062
B T  1YQFF                 82    0.092  12.728   0.000   0.006   0.272   0.722
E N  1YQFF                 83    0.387  56.727   0.000   0.022   0.094   0.884
E Q  1YQFF                 84    0.508  90.773   0.000   0.038   0.049   0.912
E D  1YQFF                 85    0.686  98.815   0.000   0.030   0.016   0.954
E S  1YQFF                 86    0.474  55.575   0.000   0.069   0.022   0.909
E D  1YQFF                 87    0.701 100.966   0.000   0.082   0.009   0.909
E K  1YQFF                 88    0.617 126.996   0.000   0.102   0.023   0.875
E A  1YQFF                 89    0.416  45.867   0.000   0.083   0.039   0.878
E N  1YQFF                 90    0.529  77.473   0.000   0.077   0.066   0.857
E S  1YQFF                 91    0.386  45.286   0.000   0.055   0.205   0.740
B H  1YQFF                 92    0.226  41.135   0.000   0.030   0.344   0.626
E N  1YQFF                 93    0.433  63.382   0.000   0.021   0.513   0.466
B I  1YQFF                 94    0.044   8.091   0.000   0.001   0.904   0.095
E F  1YQFF                 95    0.266  53.316   0.000   0.000   0.995   0.005
B V  1YQFF                 96    0.023   3.506   0.000   0.000   0.998   0.002
E Y  1YQFF                 97    0.302  64.498   0.000   0.000   0.999   0.001
B I  1YQFF                 98    0.024   4.478   0.000   0.000   0.999   0.001
B T  1YQFF                 99    0.231  32.057   0.000   0.000   0.988   0.012
B Q  1YQFF                100    0.211  37.658   0.000   0.001   0.420   0.579
E K  1YQFF                101    0.649 133.556   0.000   0.042   0.040   0.918
E N  1YQFF                102    0.822 120.399   0.000   0.078   0.011   0.911
E G  1YQFF                103    0.507  39.885   0.000   0.087   0.036   0.877
E Q  1YQFF                104    0.454  81.097   0.000   0.001   0.038   0.961
B T  1YQFF                105    0.153  21.153   0.000   0.000   0.923   0.077
B M  1YQFF                106    0.032   6.384   0.000   0.000   0.994   0.006
E Q  1YQFF                107    0.263  47.016   0.000   0.000   0.998   0.002
B A  1YQFF                108    0.019   2.079   0.000   0.000   0.998   0.002
E D  1YQFF                109    0.279  40.230   0.000   0.000   0.997   0.003
B L  1YQFF                110    0.018   3.367   0.000   0.000   0.996   0.004
B S  1YQFF                111    0.184  21.525   0.000   0.000   0.997   0.003
B I  1YQFF                112    0.106  19.642   0.000   0.000   0.955   0.045
E E  1YQFF                113    0.461  80.525   0.000   0.001   0.858   0.141
E E  1YQFF                114    0.813 142.106   0.000   0.003   0.006   0.992
E G  1YQFF                115    0.382  30.048   0.000   0.004   0.007   0.989
E E  1YQFF                116    0.412  71.965   0.000   0.001   0.828   0.170
B L  1YQFF                117    0.064  11.786   0.000   0.000   0.975   0.024
B V  1YQFF                118    0.148  22.805   0.000   0.000   0.996   0.004
B L  1YQFF                119    0.024   4.411   0.000   0.000   0.994   0.006
E N  1YQFF                120    0.350  51.221   0.000   0.000   0.955   0.045
E N  1YQFF                121    0.324  47.375   0.000   0.000   0.980   0.020
B I  1YQFF                122    0.085  15.789   0.000   0.000   0.995   0.005
E R  1YQFF                123    0.302  69.149   0.000   0.000   0.991   0.009
B F  1YQFF                124    0.186  37.376   0.000   0.001   0.911   0.088
B Y  1YQFF                125    0.230  49.054   0.000   0.013   0.514   0.472
E D  1YQFF                126    0.420  60.578   0.000   0.057   0.216   0.727
E E  1YQFF                127    0.391  68.371   0.000   0.865   0.004   0.131
E A  1YQFF                128    0.460  50.667   0.000   0.953   0.001   0.046
E A  1YQFF                129    0.333  36.649   0.000   0.969   0.001   0.030
B L  1YQFF                130    0.129  23.543   0.000   0.954   0.003   0.044
E A  1YQFF                131    0.375  41.325   0.000   0.848   0.003   0.149
E K  1YQFF                132    0.709 145.767   0.000   0.720   0.003   0.277
E D  1YQFF                133    0.586  84.420   0.000   0.389   0.005   0.606
E T  1YQFF                134    0.480  66.631   0.000   0.246   0.008   0.746
E G  1YQFF                135    0.487  38.320   0.000   0.136   0.002   0.861
E A  1YQFF                136    0.505  55.669   0.000   0.789   0.001   0.211
E E  1YQFF                137    0.702 122.696   0.000   0.856   0.001   0.143
B A  1YQFF                138    0.249  27.407   0.000   0.877   0.002   0.121
E E  1YQFF                139    0.395  68.973   0.000   0.896   0.002   0.102
E A  1YQFF                140    0.481  52.961   0.000   0.852   0.004   0.144
E K  1YQFF                141    0.557 114.623   0.000   0.832   0.003   0.165
E R  1YQFF                142    0.405  92.847   0.000   0.726   0.005   0.268
E N  1YQFF                143    0.632  92.495   0.000   0.600   0.004   0.396
E E  1YQFF                144    0.630 110.083   0.000   0.484   0.009   0.507
E L  1YQFF                145    0.359  65.643   0.000   0.274   0.023   0.703
E Y  1YQFF                146    0.278  59.509   0.000   0.109   0.093   0.797
E T  1YQFF                147    0.463  64.244   0.000   0.022   0.096   0.883
B G  1YQFF                148    0.209  16.482   0.000   0.003   0.065   0.932
B P  1YQFF                149    0.212  30.117   0.000   0.005   0.105   0.890
E L  1YQFF                150    0.281  51.440   0.000   0.004   0.438   0.559
B V  1YQFF                151    0.117  17.954   0.000   0.872   0.001   0.127
E H  1YQFF                152    0.686 124.841   0.000   0.908   0.001   0.091
E E  1YQFF                153    0.683 119.365   0.000   0.879   0.001   0.119
B L  1YQFF                154    0.118  21.671   0.000   0.008   0.011   0.981
E D  1YQFF                155    0.512  73.840   0.000   0.004   0.001   0.996
E Y  1YQFF                156    0.595 127.193   0.000   0.976   0.000   0.024
E D  1YQFF                157    0.607  87.540   0.000   0.987   0.000   0.013
B L  1YQFF                158    0.117  21.468   0.000   0.995   0.000   0.004
B L  1YQFF                159    0.156  28.581   0.000   0.998   0.000   0.002
E N  1YQFF                160    0.500  73.171   0.000   0.998   0.000   0.002
B C  1YQFF                161    0.165  23.135   0.000   0.997   0.000   0.002
B V  1YQFF                162    0.042   6.474   0.000   0.998   0.000   0.002
B M  1YQFF                163    0.186  37.300   0.000   0.998   0.000   0.002
E T  1YQFF                164    0.456  63.234   0.000   0.998   0.000   0.002
B Y  1YQFF                165    0.149  31.737   0.000   0.999   0.000   0.001
B L  1YQFF                166    0.023   4.186   0.000   0.998   0.000   0.002
E E  1YQFF                167    0.569  99.464   0.000   0.984   0.000   0.015
E K  1YQFF                168    0.691 142.090   0.000   0.897   0.000   0.103
E R  1YQFF                169    0.324  74.146   0.000   0.313   0.000   0.687
E G  1YQFF                170    0.459  36.085   0.000   0.002   0.001   0.997
B V  1YQFF                171    0.067  10.303   0.000   0.001   0.066   0.933
E D  1YQFF                172    0.416  59.938   0.000   0.002   0.003   0.995
E E  1YQFF                173    0.575 100.507   0.000   0.950   0.001   0.049
E K  1YQFF                174    0.539 110.797   0.000   0.977   0.001   0.023
B L  1YQFF                175    0.050   9.133   0.000   0.993   0.000   0.007
B G  1YQFF                176    0.027   2.133   0.000   0.996   0.000   0.004
E E  1YQFF                177    0.503  87.941   0.000   0.993   0.000   0.007
B F  1YQFF                178    0.181  36.425   0.000   0.996   0.000   0.004
B V  1YQFF                179    0.024   3.683   0.000   0.998   0.000   0.002
B V  1YQFF                180    0.141  21.609   0.000   0.998   0.000   0.002
E L  1YQFF                181    0.363  66.432   0.000   0.994   0.000   0.006
B Y  1YQFF                182    0.164  35.119   0.000   0.994   0.000   0.006
B S  1YQFF                183    0.046   5.439   0.000   0.977   0.000   0.023
B F  1YQFF                184    0.242  48.511   0.000   0.949   0.001   0.050
E W  1YQFF                185    0.368  88.415   0.000   0.970   0.000   0.029
B A  1YQFF                186    0.137  15.151   0.000   0.985   0.000   0.015
B E  1YQFF                187    0.116  20.277   0.000   0.978   0.000   0.022
E Q  1YQFF                188    0.316  56.431   0.000   0.973   0.000   0.027
E Q  1YQFF                189    0.486  86.712   0.000   0.993   0.000   0.007
E D  1YQFF                190    0.305  43.970   0.000   0.993   0.000   0.007
B Y  1YQFF                191    0.178  38.125   0.000   0.993   0.000   0.007
E E  1YQFF                192    0.459  80.141   0.000   0.999   0.000   0.001
E A  1YQFF                193    0.407  44.861   0.000   0.999   0.000   0.001
B W  1YQFF                194    0.197  47.287   0.000   0.999   0.000   0.001
B L  1YQFF                195    0.212  38.850   0.000   0.997   0.000   0.003
E T  1YQFF                196    0.521  72.244   0.000   0.987   0.000   0.013
E T  1YQFF                197    0.407  56.448   0.000   0.959   0.000   0.041
B M  1YQFF                198    0.196  39.130   0.000   0.974   0.000   0.025
E N  1YQFF                199    0.520  76.061   0.000   0.957   0.000   0.043
E K  1YQFF                200    0.708 145.624   0.000   0.884   0.001   0.115
E F  1YQFF                201    0.573 114.985   0.000   0.791   0.001   0.208
E A  1YQFF                202    0.511  56.346   0.000   0.470   0.002   0.528
E S  1YQFF                203    0.904 105.981   0.000   0.008   0.000   0.992
