# For publication of results, please cite:
# ...
# ... Michael Schantz Klausen, Martin Closter Jespersen, Henrik Nielsen, Kamilla Kjærgaard Jensen, 
# ... Vanessa Isabell Jurtz, Casper Kaae Sønderby, Morten Otto Alexander Sommer, Ole Winther, 
# ... Morten Nielsen, Bent Petersen, and Paolo Marcatili. 
# ... NetSurfP-2.0: Improved prediction of protein structural features by integrated deep learning.
# ... Proteins: Structure, Function, and Bioinformatics (Feb. 2019).
# ... https://doi.org/10.1002/prot.25674
# ...
#
# Column 1: Class assignment - B for buried or E for Exposed - Threshold: 25% exposure, but not based on RSA
# Column 2: Amino acid
# Column 3: Sequence name
# Column 4: Amino acid number
# Column 5: Relative Surface Accessibility - RSA
# Column 6: Absolute Surface Accessibility
# Column 7: Not used
# Column 8: Probability for Alpha-Helix
# Column 9: Probability for Beta-strand
# Column 10: Probability for Coil
E T  3IQZF                  1    0.729 101.129   0.000   0.000   0.003   0.997
E V  3IQZF                  2    0.365  56.172   0.000   0.003   0.590   0.407
B A  3IQZF                  3    0.113  12.487   0.000   0.002   0.775   0.223
E K  3IQZF                  4    0.312  64.157   0.000   0.001   0.914   0.085
B A  3IQZF                  5    0.021   2.330   0.000   0.001   0.979   0.020
B I  3IQZF                  6    0.040   7.366   0.000   0.001   0.988   0.011
B F  3IQZF                  7    0.025   4.961   0.000   0.001   0.994   0.005
B I  3IQZF                  8    0.011   2.009   0.000   0.000   0.994   0.005
B K  3IQZF                  9    0.094  19.391   0.000   0.001   0.968   0.030
B C  3IQZF                 10    0.022   3.141   0.000   0.007   0.705   0.288
B G  3IQZF                 11    0.110   8.668   0.000   0.060   0.255   0.685
B N  3IQZF                 12    0.234  34.295   0.000   0.281   0.030   0.688
E L  3IQZF                 13    0.255  46.660   0.000   0.669   0.030   0.301
B G  3IQZF                 14    0.068   5.362   0.000   0.845   0.007   0.147
B T  3IQZF                 15    0.076  10.518   0.000   0.924   0.002   0.074
B S  3IQZF                 16    0.196  22.974   0.000   0.967   0.000   0.033
B M  3IQZF                 17    0.170  33.974   0.000   0.992   0.000   0.008
B M  3IQZF                 18    0.035   7.054   0.000   0.995   0.000   0.005
B M  3IQZF                 19    0.067  13.325   0.000   0.997   0.000   0.003
E D  3IQZF                 20    0.326  46.938   0.000   0.997   0.000   0.003
B M  3IQZF                 21    0.133  26.577   0.000   0.996   0.000   0.004
B L  3IQZF                 22    0.052   9.443   0.000   0.989   0.000   0.010
B L  3IQZF                 23    0.170  31.141   0.000   0.963   0.001   0.035
E D  3IQZF                 24    0.360  51.850   0.000   0.949   0.000   0.050
E E  3IQZF                 25    0.302  52.784   0.000   0.879   0.001   0.120
B R  3IQZF                 26    0.249  56.907   0.000   0.834   0.004   0.162
E A  3IQZF                 27    0.409  45.079   0.000   0.515   0.002   0.482
E D  3IQZF                 28    0.748 107.717   0.000   0.297   0.001   0.702
E R  3IQZF                 29    0.276  63.150   0.000   0.032   0.006   0.962
E E  3IQZF                 30    0.849 148.357   0.000   0.004   0.002   0.994
E D  3IQZF                 31    0.619  89.222   0.000   0.004   0.011   0.985
B V  3IQZF                 32    0.074  11.430   0.000   0.001   0.401   0.598
E E  3IQZF                 33    0.439  76.685   0.000   0.000   0.909   0.091
B F  3IQZF                 34    0.115  23.072   0.000   0.000   0.985   0.015
B R  3IQZF                 35    0.229  52.373   0.000   0.000   0.996   0.004
B V  3IQZF                 36    0.142  21.884   0.000   0.000   0.994   0.006
B V  3IQZF                 37    0.084  12.842   0.000   0.000   0.957   0.043
B G  3IQZF                 38    0.132  10.375   0.000   0.001   0.672   0.327
E T  3IQZF                 39    0.277  38.466   0.000   0.007   0.164   0.829
E S  3IQZF                 40    0.362  42.453   0.000   0.062   0.084   0.854
E V  3IQZF                 41    0.380  58.467   0.000   0.043   0.034   0.923
E K  3IQZF                 42    0.602 123.877   0.000   0.047   0.030   0.923
B M  3IQZF                 43    0.156  31.297   0.000   0.008   0.037   0.955
E D  3IQZF                 44    0.508  73.241   0.000   0.001   0.000   0.999
E P  3IQZF                 45    0.539  76.466   0.000   0.959   0.000   0.041
E E  3IQZF                 46    0.752 131.375   0.000   0.959   0.000   0.041
B C  3IQZF                 47    0.224  31.421   0.000   0.966   0.001   0.034
B V  3IQZF                 48    0.045   6.879   0.000   0.994   0.000   0.006
E E  3IQZF                 49    0.539  94.227   0.000   0.997   0.000   0.003
E A  3IQZF                 50    0.401  44.200   0.000   0.998   0.000   0.002
B A  3IQZF                 51    0.031   3.435   0.000   0.998   0.000   0.002
B V  3IQZF                 52    0.079  12.177   0.000   0.998   0.000   0.002
E E  3IQZF                 53    0.600 104.905   0.000   0.995   0.000   0.005
E M  3IQZF                 54    0.311  62.214   0.000   0.988   0.000   0.011
B A  3IQZF                 55    0.017   1.830   0.000   0.993   0.000   0.006
B L  3IQZF                 56    0.219  40.121   0.000   0.986   0.000   0.013
E D  3IQZF                 57    0.627  90.335   0.000   0.990   0.000   0.010
B I  3IQZF                 58    0.174  32.147   0.000   0.972   0.000   0.028
B A  3IQZF                 59    0.046   5.072   0.000   0.971   0.000   0.029
E E  3IQZF                 60    0.605 105.700   0.000   0.916   0.001   0.084
E D  3IQZF                 61    0.776 111.839   0.000   0.854   0.000   0.146
B F  3IQZF                 62    0.176  35.236   0.000   0.733   0.000   0.267
E E  3IQZF                 63    0.762 133.074   0.000   0.000   0.000   1.000
B P  3IQZF                 64    0.053   7.501   0.000   0.000   0.000   1.000
E D  3IQZF                 65    0.405  58.313   0.000   0.000   0.001   0.998
B F  3IQZF                 66    0.048   9.637   0.000   0.000   0.975   0.025
B I  3IQZF                 67    0.011   1.961   0.000   0.000   0.999   0.001
B V  3IQZF                 68    0.005   0.791   0.000   0.000   1.000   0.000
B Y  3IQZF                 69    0.009   1.839   0.000   0.000   0.995   0.005
B G  3IQZF                 70    0.022   1.722   0.000   0.000   0.826   0.173
B G  3IQZF                 71    0.040   3.158   0.000   0.000   0.323   0.677
B P  3IQZF                 72    0.123  17.436   0.000   0.001   0.110   0.890
E N  3IQZF                 73    0.286  41.926   0.000   0.002   0.012   0.986
E P  3IQZF                 74    0.283  40.128   0.000   0.006   0.001   0.993
E A  3IQZF                 75    0.621  68.484   0.000   0.019   0.002   0.979
B A  3IQZF                 76    0.162  17.874   0.000   0.007   0.007   0.986
E P  3IQZF                 77    0.488  69.256   0.000   0.035   0.017   0.948
B G  3IQZF                 78    0.210  16.549   0.000   0.393   0.001   0.606
B P  3IQZF                 79    0.139  19.673   0.000   0.928   0.001   0.071
E S  3IQZF                 80    0.471  55.180   0.000   0.987   0.000   0.013
E K  3IQZF                 81    0.505 103.901   0.000   0.990   0.000   0.010
B A  3IQZF                 82    0.012   1.307   0.000   0.993   0.000   0.007
E R  3IQZF                 83    0.298  68.140   0.000   0.996   0.000   0.004
E E  3IQZF                 84    0.595 103.978   0.000   0.995   0.000   0.005
B M  3IQZF                 85    0.180  36.007   0.000   0.992   0.000   0.008
B L  3IQZF                 86    0.031   5.618   0.000   0.972   0.000   0.028
E A  3IQZF                 87    0.433  47.742   0.000   0.750   0.000   0.250
E D  3IQZF                 88    0.802 115.517   0.000   0.658   0.000   0.342
B S  3IQZF                 89    0.178  20.882   0.000   0.131   0.002   0.868
E E  3IQZF                 90    0.864 150.976   0.000   0.000   0.000   0.999
B Y  3IQZF                 91    0.219  46.696   0.000   0.000   0.001   0.998
B P  3IQZF                 92    0.204  28.994   0.000   0.000   0.009   0.991
B A  3IQZF                 93    0.013   1.393   0.000   0.000   0.990   0.010
B V  3IQZF                 94    0.011   1.629   0.000   0.000   1.000   0.000
B I  3IQZF                 95    0.010   1.930   0.000   0.000   1.000   0.000
B I  3IQZF                 96    0.010   1.938   0.000   0.000   0.985   0.015
B G  3IQZF                 97    0.031   2.472   0.000   0.000   0.809   0.191
B D  3IQZF                 98    0.148  21.384   0.000   0.005   0.118   0.877
E A  3IQZF                 99    0.298  32.814   0.000   0.539   0.009   0.452
E P  3IQZF                100    0.291  41.305   0.000   0.479   0.008   0.513
B G  3IQZF                101    0.086   6.735   0.000   0.501   0.013   0.486
E L  3IQZF                102    0.380  69.530   0.000   0.898   0.003   0.099
E K  3IQZF                103    0.653 134.372   0.000   0.882   0.002   0.116
B V  3IQZF                104    0.069  10.678   0.000   0.931   0.001   0.068
B K  3IQZF                105    0.189  38.791   0.000   0.997   0.000   0.003
E D  3IQZF                106    0.546  78.632   0.000   0.997   0.000   0.002
E E  3IQZF                107    0.381  66.534   0.000   0.998   0.000   0.002
B M  3IQZF                108    0.011   2.256   0.000   0.998   0.000   0.001
E E  3IQZF                109    0.469  81.989   0.000   0.995   0.000   0.005
E E  3IQZF                110    0.801 139.933   0.000   0.955   0.000   0.045
E Q  3IQZF                111    0.476  85.067   0.000   0.239   0.000   0.761
E G  3IQZF                112    0.429  33.789   0.000   0.001   0.000   0.999
B L  3IQZF                113    0.107  19.670   0.000   0.000   0.023   0.977
B G  3IQZF                114    0.065   5.094   0.000   0.000   0.854   0.145
B Y  3IQZF                115    0.060  12.896   0.000   0.000   0.994   0.006
B I  3IQZF                116    0.013   2.381   0.000   0.000   0.999   0.001
B L  3IQZF                117    0.024   4.455   0.000   0.000   0.999   0.001
B V  3IQZF                118    0.016   2.462   0.000   0.000   0.922   0.078
B K  3IQZF                119    0.233  47.923   0.000   0.001   0.264   0.735
B P  3IQZF                120    0.037   5.220   0.000   0.064   0.112   0.825
B D  3IQZF                121    0.165  23.747   0.000   0.109   0.094   0.797
B A  3IQZF                122    0.183  20.186   0.000   0.378   0.053   0.569
E M  3IQZF                123    0.324  64.891   0.000   0.359   0.061   0.580
E L  3IQZF                124    0.255  46.760   0.000   0.353   0.043   0.604
E G  3IQZF                125    0.258  20.303   0.000   0.261   0.038   0.701
E A  3IQZF                126    0.260  28.683   0.000   0.303   0.026   0.671
E R  3IQZF                127    0.543 124.344   0.000   0.258   0.020   0.722
E R  3IQZF                128    0.528 120.865   0.000   0.316   0.009   0.675
E E  3IQZF                129    0.660 115.249   0.000   0.273   0.013   0.713
E F  3IQZF                130    0.553 111.015   0.000   0.314   0.014   0.673
E L  3IQZF                131    0.272  49.844   0.000   0.073   0.023   0.904
E D  3IQZF                132    0.458  65.986   0.000   0.008   0.001   0.991
E P  3IQZF                133    0.494  70.053   0.000   0.959   0.000   0.041
E V  3IQZF                134    0.553  84.935   0.000   0.987   0.000   0.013
E E  3IQZF                135    0.290  50.623   0.000   0.994   0.000   0.006
B M  3IQZF                136    0.120  24.046   0.000   0.990   0.000   0.010
E A  3IQZF                137    0.382  42.119   0.000   0.971   0.001   0.028
E I  3IQZF                138    0.485  89.771   0.000   0.908   0.002   0.090
B Y  3IQZF                139    0.244  52.232   0.000   0.902   0.001   0.098
B N  3IQZF                140    0.189  27.683   0.000   0.953   0.000   0.047
E A  3IQZF                141    0.362  39.854   0.000   0.989   0.000   0.010
B D  3IQZF                142    0.227  32.720   0.000   0.992   0.000   0.008
B L  3IQZF                143    0.090  16.411   0.000   0.997   0.000   0.003
B M  3IQZF                144    0.227  45.467   0.000   0.998   0.000   0.002
E K  3IQZF                145    0.302  62.036   0.000   0.998   0.000   0.002
B V  3IQZF                146    0.067  10.275   0.000   0.999   0.000   0.001
B L  3IQZF                147    0.109  20.028   0.000   0.997   0.000   0.003
B A  3IQZF                148    0.186  20.546   0.000   0.992   0.000   0.008
B A  3IQZF                149    0.184  20.328   0.000   0.974   0.000   0.026
B T  3IQZF                150    0.081  11.282   0.000   0.749   0.001   0.250
B G  3IQZF                151    0.161  12.689   0.000   0.700   0.001   0.299
B V  3IQZF                152    0.037   5.714   0.000   0.949   0.000   0.050
B F  3IQZF                153    0.102  20.522   0.000   0.994   0.000   0.006
E R  3IQZF                154    0.443 101.343   0.000   0.998   0.000   0.002
B V  3IQZF                155    0.169  25.945   0.000   0.998   0.000   0.001
B V  3IQZF                156    0.018   2.822   0.000   0.999   0.000   0.001
B Q  3IQZF                157    0.208  37.082   0.000   0.999   0.000   0.001
E E  3IQZF                158    0.525  91.753   0.000   0.999   0.000   0.001
B A  3IQZF                159    0.091  10.050   0.000   0.999   0.000   0.001
B F  3IQZF                160    0.033   6.722   0.000   0.998   0.000   0.002
E D  3IQZF                161    0.356  51.290   0.000   0.999   0.000   0.001
E E  3IQZF                162    0.507  88.543   0.000   0.999   0.000   0.001
B L  3IQZF                163    0.041   7.441   0.000   0.999   0.000   0.001
B I  3IQZF                164    0.093  17.232   0.000   0.998   0.000   0.001
E E  3IQZF                165    0.544  95.029   0.000   0.999   0.000   0.001
E K  3IQZF                166    0.328  67.401   0.000   0.996   0.000   0.004
B A  3IQZF                167    0.101  11.091   0.000   0.995   0.000   0.005
E K  3IQZF                168    0.561 115.467   0.000   0.982   0.000   0.017
E E  3IQZF                169    0.651 113.762   0.000   0.151   0.000   0.849
E D  3IQZF                170    0.851 122.661   0.000   0.011   0.000   0.989
E E  3IQZF                171    0.717 125.242   0.000   0.015   0.002   0.984
B I  3IQZF                172    0.241  44.657   0.000   0.019   0.008   0.973
E S  3IQZF                173    0.492  57.719   0.000   0.026   0.006   0.969
E E  3IQZF                174    0.675 117.956   0.000   0.576   0.002   0.422
E N  3IQZF                175    0.775 113.466   0.000   0.561   0.003   0.436
E D  3IQZF                176    0.481  69.322   0.000   0.564   0.016   0.420
B L  3IQZF                177    0.104  19.128   0.000   0.007   0.014   0.978
B P  3IQZF                178    0.097  13.703   0.000   0.001   0.018   0.981
E K  3IQZF                179    0.396  81.406   0.000   0.004   0.809   0.188
B L  3IQZF                180    0.097  17.772   0.000   0.003   0.960   0.037
B V  3IQZF                181    0.214  32.961   0.000   0.001   0.979   0.020
B I  3IQZF                182    0.088  16.214   0.000   0.002   0.885   0.113
E D  3IQZF                183    0.344  49.517   0.000   0.004   0.348   0.648
E R  3IQZF                184    0.333  76.303   0.000   0.944   0.002   0.055
E N  3IQZF                185    0.650  95.173   0.000   0.955   0.001   0.044
E T  3IQZF                186    0.272  37.727   0.000   0.955   0.003   0.042
B L  3IQZF                187    0.036   6.680   0.000   0.938   0.006   0.056
B L  3IQZF                188    0.232  42.418   0.000   0.855   0.011   0.134
E E  3IQZF                189    0.703 122.899   0.000   0.796   0.006   0.198
E R  3IQZF                190    0.395  90.525   0.000   0.571   0.004   0.425
E E  3IQZF                191    0.577 100.845   0.000   0.309   0.002   0.689
E E  3IQZF                192    0.723 126.261   0.000   0.122   0.003   0.875
B F  3IQZF                193    0.163  32.638   0.000   0.034   0.006   0.960
E E  3IQZF                194    0.781 136.418   0.000   0.019   0.002   0.978
E N  3IQZF                195    0.304  44.552   0.000   0.002   0.000   0.998
E P  3IQZF                196    0.401  56.892   0.000   0.966   0.000   0.034
E Y  3IQZF                197    0.414  88.490   0.000   0.976   0.000   0.024
B A  3IQZF                198    0.072   7.912   0.000   0.995   0.000   0.005
E M  3IQZF                199    0.262  52.522   0.000   0.996   0.000   0.004
B V  3IQZF                200    0.212  32.649   0.000   0.998   0.000   0.002
B K  3IQZF                201    0.149  30.695   0.000   0.999   0.000   0.001
B A  3IQZF                202    0.040   4.361   0.000   0.999   0.000   0.001
E M  3IQZF                203    0.288  57.540   0.000   0.999   0.000   0.001
B A  3IQZF                204    0.178  19.566   0.000   0.999   0.000   0.001
B A  3IQZF                205    0.031   3.392   0.000   0.999   0.000   0.001
B L  3IQZF                206    0.144  26.451   0.000   0.999   0.000   0.001
E E  3IQZF                207    0.437  76.362   0.000   0.999   0.000   0.001
B I  3IQZF                208    0.182  33.735   0.000   0.999   0.000   0.001
B A  3IQZF                209    0.021   2.305   0.000   0.998   0.000   0.002
E E  3IQZF                210    0.413  72.206   0.000   0.993   0.000   0.007
E N  3IQZF                211    0.569  83.345   0.000   0.970   0.000   0.029
B V  3IQZF                212    0.174  26.758   0.000   0.897   0.001   0.102
B A  3IQZF                213    0.153  16.905   0.000   0.556   0.002   0.442
E D  3IQZF                214    0.831 119.760   0.000   0.060   0.004   0.936
B V  3IQZF                215    0.224  34.458   0.000   0.018   0.009   0.973
E S  3IQZF                216    0.400  46.906   0.000   0.017   0.032   0.952
B V  3IQZF                217    0.242  37.203   0.000   0.944   0.002   0.054
E E  3IQZF                218    0.556  97.047   0.000   0.964   0.002   0.034
B G  3IQZF                219    0.119   9.397   0.000   0.988   0.001   0.011
B C  3IQZF                220    0.064   9.004   0.000   0.977   0.002   0.021
E F  3IQZF                221    0.268  53.777   0.000   0.941   0.004   0.056
E V  3IQZF                222    0.507  77.954   0.000   0.858   0.005   0.137
E E  3IQZF                223    0.526  91.932   0.000   0.403   0.008   0.589
E Q  3IQZF                224    0.548  97.874   0.000   0.180   0.003   0.817
E D  3IQZF                225    0.494  71.119   0.000   0.071   0.005   0.924
E K  3IQZF                226    0.451  92.669   0.000   0.946   0.001   0.054
E E  3IQZF                227    0.807 140.972   0.000   0.959   0.000   0.040
E R  3IQZF                228    0.482 110.441   0.000   0.933   0.001   0.066
B Y  3IQZF                229    0.109  23.214   0.000   0.898   0.003   0.099
E V  3IQZF                230    0.293  44.994   0.000   0.984   0.001   0.016
E P  3IQZF                231    0.334  47.391   0.000   0.993   0.001   0.007
B I  3IQZF                232    0.180  33.291   0.000   0.995   0.001   0.005
B V  3IQZF                233    0.093  14.324   0.000   0.995   0.001   0.004
E A  3IQZF                234    0.317  34.955   0.000   0.985   0.001   0.013
E S  3IQZF                235    0.320  37.470   0.000   0.963   0.002   0.035
B A  3IQZF                236    0.148  16.274   0.000   0.990   0.000   0.010
E H  3IQZF                237    0.270  49.080   0.000   0.992   0.000   0.008
E E  3IQZF                238    0.435  75.942   0.000   0.995   0.000   0.005
E M  3IQZF                239    0.332  66.423   0.000   0.993   0.000   0.006
B M  3IQZF                240    0.234  46.870   0.000   0.995   0.000   0.005
E R  3IQZF                241    0.440 100.776   0.000   0.995   0.000   0.005
E K  3IQZF                242    0.439  90.361   0.000   0.997   0.000   0.003
B A  3IQZF                243    0.171  18.885   0.000   0.997   0.000   0.003
B A  3IQZF                244    0.166  18.290   0.000   0.998   0.000   0.001
E E  3IQZF                245    0.524  91.627   0.000   0.997   0.000   0.003
E L  3IQZF                246    0.295  54.021   0.000   0.995   0.000   0.005
B A  3IQZF                247    0.069   7.626   0.000   0.997   0.000   0.003
E D  3IQZF                248    0.368  53.058   0.000   0.997   0.000   0.003
E E  3IQZF                249    0.449  78.406   0.000   0.996   0.000   0.004
B A  3IQZF                250    0.119  13.156   0.000   0.994   0.000   0.006
E R  3IQZF                251    0.382  87.551   0.000   0.991   0.001   0.009
E E  3IQZF                252    0.545  95.175   0.000   0.987   0.001   0.012
E L  3IQZF                253    0.281  51.433   0.000   0.979   0.001   0.021
E E  3IQZF                254    0.347  60.645   0.000   0.938   0.001   0.060
E K  3IQZF                255    0.650 133.779   0.000   0.818   0.003   0.180
E S  3IQZF                256    0.596  69.905   0.000   0.278   0.002   0.720
E N  3IQZF                257    0.688 100.703   0.000   0.050   0.002   0.948
E D  3IQZF                258    0.386  55.652   0.000   0.014   0.014   0.972
E A  3IQZF                259    0.382  42.069   0.000   0.027   0.163   0.811
E V  3IQZF                260    0.341  52.454   0.000   0.018   0.337   0.645
E L  3IQZF                261    0.483  88.417   0.000   0.010   0.511   0.479
E R  3IQZF                262    0.441 101.103   0.000   0.005   0.519   0.476
E T  3IQZF                263    0.507  70.325   0.000   0.001   0.227   0.773
E P  3IQZF                264    0.329  46.700   0.000   0.002   0.160   0.838
E H  3IQZF                265    0.408  74.285   0.000   0.006   0.563   0.431
E A  3IQZF                266    0.298  32.854   0.000   0.002   0.005   0.993
E P  3IQZF                267    0.747 106.008   0.000   0.008   0.001   0.990
E D  3IQZF                268    0.873 125.827   0.000   0.007   0.000   0.993
E G  3IQZF                269    0.409  32.213   0.000   0.022   0.002   0.976
E K  3IQZF                270    0.633 130.199   0.000   0.006   0.031   0.962
E V  3IQZF                271    0.444  68.199   0.000   0.012   0.818   0.171
E L  3IQZF                272    0.388  70.994   0.000   0.027   0.479   0.495
E S  3IQZF                273    0.500  58.621   0.000   0.030   0.400   0.570
E K  3IQZF                274    0.535 109.985   0.000   0.092   0.196   0.712
E R  3IQZF                275    0.634 145.103   0.000   0.084   0.136   0.779
E K  3IQZF                276    0.664 136.575   0.000   0.087   0.086   0.827
E F  3IQZF                277    0.615 123.345   0.000   0.075   0.038   0.887
E M  3IQZF                278    0.714 142.963   0.000   0.048   0.019   0.933
E E  3IQZF                279    0.805 140.586   0.000   0.028   0.020   0.952
E D  3IQZF                280    0.768 110.612   0.000   0.001   0.004   0.995
E P  3IQZF                281    0.774 109.858   0.000   0.006   0.003   0.991
E E  3IQZF                282    0.948 165.697   0.000   0.001   0.000   0.999
