# For publication of results, please cite:
# ...
# ... Michael Schantz Klausen, Martin Closter Jespersen, Henrik Nielsen, Kamilla Kjærgaard Jensen, 
# ... Vanessa Isabell Jurtz, Casper Kaae Sønderby, Morten Otto Alexander Sommer, Ole Winther, 
# ... Morten Nielsen, Bent Petersen, and Paolo Marcatili. 
# ... NetSurfP-2.0: Improved prediction of protein structural features by integrated deep learning.
# ... Proteins: Structure, Function, and Bioinformatics (Feb. 2019).
# ... https://doi.org/10.1002/prot.25674
# ...
#
# Column 1: Class assignment - B for buried or E for Exposed - Threshold: 25% exposure, but not based on RSA
# Column 2: Amino acid
# Column 3: Sequence name
# Column 4: Amino acid number
# Column 5: Relative Surface Accessibility - RSA
# Column 6: Absolute Surface Accessibility
# Column 7: Not used
# Column 8: Probability for Alpha-Helix
# Column 9: Probability for Beta-strand
# Column 10: Probability for Coil
E M  2OHCA                  1    0.411  82.195   0.000   0.000   0.009   0.990
E E  2OHCA                  2    0.547  95.624   0.000   0.001   0.666   0.334
E Q  2OHCA                  3    0.329  58.709   0.000   0.001   0.841   0.158
B G  2OHCA                  4    0.180  14.199   0.000   0.002   0.923   0.076
B I  2OHCA                  5    0.200  37.073   0.000   0.001   0.957   0.041
E C  2OHCA                  6    0.275  38.583   0.000   0.001   0.918   0.081
E G  2OHCA                  7    0.470  36.994   0.000   0.009   0.036   0.955
E S  2OHCA                  8    0.516  60.517   0.000   0.011   0.039   0.950
E H  2OHCA                  9    0.318  57.903   0.000   0.003   0.909   0.088
B V  2OHCA                 10    0.089  13.623   0.000   0.000   0.982   0.017
B F  2OHCA                 11    0.067  13.453   0.000   0.001   0.990   0.009
B F  2OHCA                 12    0.178  35.736   0.000   0.001   0.985   0.014
B I  2OHCA                 13    0.040   7.398   0.000   0.002   0.862   0.136
E E  2OHCA                 14    0.505  88.148   0.000   0.013   0.172   0.815
E D  2OHCA                 15    0.529  76.253   0.000   0.019   0.063   0.918
E G  2OHCA                 16    0.510  40.155   0.000   0.475   0.006   0.519
E K  2OHCA                 17    0.676 139.153   0.000   0.722   0.006   0.272
B S  2OHCA                 18    0.218  25.575   0.000   0.827   0.004   0.170
E K  2OHCA                 19    0.318  65.408   0.000   0.947   0.002   0.051
E N  2OHCA                 20    0.683  99.967   0.000   0.967   0.001   0.032
E Y  2OHCA                 21    0.482 102.942   0.000   0.984   0.001   0.015
B I  2OHCA                 22    0.041   7.579   0.000   0.991   0.001   0.007
E I  2OHCA                 23    0.251  46.376   0.000   0.979   0.002   0.020
E G  2OHCA                 24    0.632  49.710   0.000   0.893   0.001   0.106
E K  2OHCA                 25    0.578 118.878   0.000   0.659   0.002   0.339
E Y  2OHCA                 26    0.345  73.713   0.000   0.148   0.006   0.847
E K  2OHCA                 27    0.429  88.300   0.000   0.008   0.033   0.959
B I  2OHCA                 28    0.085  15.636   0.000   0.005   0.107   0.888
B G  2OHCA                 29    0.111   8.758   0.000   0.001   0.641   0.358
E Y  2OHCA                 30    0.494 105.659   0.000   0.000   0.955   0.045
E L  2OHCA                 31    0.329  60.206   0.000   0.000   0.964   0.036
E S  2OHCA                 32    0.541  63.409   0.000   0.000   0.793   0.207
E G  2OHCA                 33    0.832  65.469   0.000   0.002   0.009   0.990
E D  2OHCA                 34    0.836 120.495   0.000   0.001   0.000   0.999
E N  2OHCA                 35    0.347  50.734   0.000   0.001   0.892   0.107
B L  2OHCA                 36    0.033   6.009   0.000   0.000   0.994   0.006
B I  2OHCA                 37    0.172  31.801   0.000   0.000   0.992   0.008
B L  2OHCA                 38    0.019   3.480   0.000   0.000   0.954   0.046
B D  2OHCA                 39    0.209  30.183   0.000   0.001   0.030   0.969
B P  2OHCA                 40    0.101  14.332   0.000   0.972   0.001   0.027
B Y  2OHCA                 41    0.212  45.283   0.000   0.998   0.000   0.002
B E  2OHCA                 42    0.067  11.620   0.000   1.000   0.000   0.000
B C  2OHCA                 43    0.005   0.769   0.000   1.000   0.000   0.000
B L  2OHCA                 44    0.071  12.944   0.000   1.000   0.000   0.000
B Y  2OHCA                 45    0.166  35.539   0.000   1.000   0.000   0.000
B L  2OHCA                 46    0.011   1.973   0.000   0.999   0.000   0.001
B Y  2OHCA                 47    0.150  31.982   0.000   0.997   0.000   0.003
E F  2OHCA                 48    0.341  68.416   0.000   0.984   0.000   0.016
E K  2OHCA                 49    0.405  83.385   0.000   0.211   0.000   0.789
E G  2OHCA                 50    0.538  42.323   0.000   0.001   0.000   0.999
E R  2OHCA                 51    0.336  76.898   0.000   0.000   0.006   0.994
B I  2OHCA                 52    0.036   6.699   0.000   0.000   0.458   0.542
E S  2OHCA                 53    0.428  50.124   0.000   0.000   0.916   0.084
B F  2OHCA                 54    0.181  36.237   0.000   0.001   0.880   0.120
E Q  2OHCA                 55    0.472  84.258   0.000   0.005   0.590   0.405
E N  2OHCA                 56    0.577  84.434   0.000   0.014   0.188   0.799
E S  2OHCA                 57    0.404  47.405   0.000   0.078   0.061   0.862
E D  2OHCA                 58    0.701 100.962   0.000   0.094   0.032   0.874
E S  2OHCA                 59    0.327  38.359   0.000   0.078   0.026   0.896
B F  2OHCA                 60    0.133  26.786   0.000   0.917   0.001   0.082
E R  2OHCA                 61    0.564 129.050   0.000   0.961   0.001   0.038
E D  2OHCA                 62    0.472  68.085   0.000   0.963   0.001   0.036
B L  2OHCA                 63    0.020   3.749   0.000   0.981   0.000   0.019
B F  2OHCA                 64    0.134  26.795   0.000   0.942   0.001   0.058
E D  2OHCA                 65    0.726 104.665   0.000   0.764   0.001   0.235
E T  2OHCA                 66    0.422  58.546   0.000   0.634   0.001   0.365
B V  2OHCA                 67    0.082  12.600   0.000   0.085   0.015   0.900
E T  2OHCA                 68    0.531  73.655   0.000   0.039   0.020   0.941
B F  2OHCA                 69    0.187  37.463   0.000   0.244   0.040   0.716
E D  2OHCA                 70    0.430  62.008   0.000   0.359   0.020   0.621
E R  2OHCA                 71    0.262  59.962   0.000   0.755   0.062   0.183
B Y  2OHCA                 72    0.124  26.466   0.000   0.825   0.089   0.086
B V  2OHCA                 73    0.133  20.390   0.000   0.965   0.024   0.011
B A  2OHCA                 74    0.013   1.479   0.000   0.978   0.015   0.006
B Y  2OHCA                 75    0.060  12.809   0.000   0.957   0.033   0.010
E E  2OHCA                 76    0.366  64.027   0.000   0.992   0.002   0.006
B I  2OHCA                 77    0.209  38.647   0.000   0.993   0.001   0.006
B L  2OHCA                 78    0.022   4.111   0.000   0.990   0.001   0.009
E K  2OHCA                 79    0.386  79.488   0.000   0.984   0.000   0.016
E N  2OHCA                 80    0.775 113.404   0.000   0.916   0.000   0.084
E K  2OHCA                 81    0.459  94.445   0.000   0.171   0.001   0.829
E G  2OHCA                 82    0.437  34.393   0.000   0.003   0.001   0.996
B Y  2OHCA                 83    0.209  44.568   0.000   0.002   0.177   0.821
E R  2OHCA                 84    0.486 111.191   0.000   0.001   0.820   0.179
B V  2OHCA                 85    0.115  17.727   0.000   0.001   0.809   0.190
E K  2OHCA                 86    0.459  94.502   0.000   0.003   0.817   0.181
E E  2OHCA                 87    0.583 101.770   0.000   0.072   0.612   0.316
E D  2OHCA                 88    0.594  85.652   0.000   0.180   0.215   0.605
E S  2OHCA                 89    0.601  70.411   0.000   0.142   0.044   0.815
E G  2OHCA                 90    0.471  37.060   0.000   0.061   0.069   0.870
B L  2OHCA                 91    0.204  37.280   0.000   0.023   0.418   0.559
B I  2OHCA                 92    0.143  26.483   0.000   0.006   0.900   0.095
B Y  2OHCA                 93    0.189  40.405   0.000   0.005   0.923   0.072
B F  2OHCA                 94    0.126  25.241   0.000   0.002   0.942   0.056
E R  2OHCA                 95    0.441 100.877   0.000   0.005   0.784   0.211
E K  2OHCA                 96    0.503 103.420   0.000   0.009   0.255   0.736
E G  2OHCA                 97    0.777  61.112   0.000   0.006   0.014   0.981
E T  2OHCA                 98    0.719  99.706   0.000   0.003   0.010   0.987
E E  2OHCA                 99    0.678 118.442   0.000   0.008   0.326   0.665
E K  2OHCA                100    0.448  92.232   0.000   0.007   0.222   0.771
E P  2OHCA                101    0.434  61.645   0.000   0.009   0.203   0.788
B L  2OHCA                102    0.152  27.872   0.000   0.003   0.814   0.183
B S  2OHCA                103    0.125  14.592   0.000   0.001   0.913   0.086
B L  2OHCA                104    0.027   4.875   0.000   0.000   0.977   0.023
E R  2OHCA                105    0.290  66.389   0.000   0.000   0.989   0.011
B V  2OHCA                106    0.080  12.272   0.000   0.000   0.970   0.030
B M  2OHCA                107    0.152  30.476   0.000   0.001   0.770   0.229
E R  2OHCA                108    0.467 106.836   0.000   0.001   0.536   0.463
E E  2OHCA                109    0.374  65.390   0.000   0.004   0.033   0.963
E Y  2OHCA                110    0.660 141.134   0.000   0.006   0.019   0.975
E D  2OHCA                111    0.502  72.408   0.000   0.009   0.179   0.812
E R  2OHCA                112    0.642 146.980   0.000   0.001   0.653   0.346
B I  2OHCA                113    0.090  16.717   0.000   0.001   0.785   0.214
E Q  2OHCA                114    0.495  88.462   0.000   0.001   0.662   0.336
B F  2OHCA                115    0.132  26.457   0.000   0.885   0.000   0.115
E S  2OHCA                116    0.509  59.705   0.000   0.930   0.000   0.070
E D  2OHCA                117    0.486  70.078   0.000   0.953   0.001   0.046
B L  2OHCA                118    0.061  11.082   0.000   0.890   0.002   0.108
E V  2OHCA                119    0.301  46.283   0.000   0.542   0.017   0.441
E E  2OHCA                120    0.721 125.983   0.000   0.362   0.008   0.630
E N  2OHCA                121    0.524  76.668   0.000   0.003   0.003   0.994
E P  2OHCA                122    0.504  71.472   0.000   0.007   0.030   0.964
B V  2OHCA                123    0.209  32.177   0.000   0.008   0.244   0.748
E D  2OHCA                124    0.347  49.943   0.000   0.014   0.582   0.404
B Y  2OHCA                125    0.099  21.176   0.000   0.003   0.943   0.054
B Y  2OHCA                126    0.084  17.911   0.000   0.001   0.989   0.010
B F  2OHCA                127    0.022   4.421   0.000   0.000   0.982   0.017
B T  2OHCA                128    0.077  10.658   0.000   0.000   0.934   0.066
B V  2OHCA                129    0.113  17.380   0.000   0.000   0.936   0.064
E D  2OHCA                130    0.284  40.915   0.000   0.001   0.097   0.902
E E  2OHCA                131    0.740 129.285   0.000   0.008   0.004   0.987
E E  2OHCA                132    0.762 133.109   0.000   0.012   0.003   0.985
E G  2OHCA                133    0.255  20.043   0.000   0.005   0.005   0.990
E D  2OHCA                134    0.544  78.383   0.000   0.000   0.031   0.969
B P  2OHCA                135    0.194  27.475   0.000   0.000   0.956   0.043
E T  2OHCA                136    0.272  37.674   0.000   0.000   0.976   0.023
B V  2OHCA                137    0.227  34.943   0.000   0.000   0.977   0.022
B Y  2OHCA                138    0.235  50.251   0.000   0.000   0.973   0.027
E S  2OHCA                139    0.288  33.697   0.000   0.000   0.966   0.034
B S  2OHCA                140    0.190  22.240   0.000   0.015   0.865   0.120
E Q  2OHCA                141    0.540  96.405   0.000   0.023   0.856   0.121
E E  2OHCA                142    0.506  88.362   0.000   0.010   0.871   0.120
B I  2OHCA                143    0.241  44.598   0.000   0.004   0.413   0.583
E F  2OHCA                144    0.498  99.955   0.000   0.003   0.146   0.851
E P  2OHCA                145    0.375  53.147   0.000   0.045   0.046   0.909
E G  2OHCA                146    0.559  44.031   0.000   0.036   0.051   0.913
E G  2OHCA                147    0.470  37.000   0.000   0.082   0.037   0.881
E R  2OHCA                148    0.655 150.100   0.000   0.065   0.046   0.888
E N  2OHCA                149    0.646  94.598   0.000   0.043   0.041   0.917
E L  2OHCA                150    0.602 110.186   0.000   0.027   0.042   0.932
E V  2OHCA                151    0.476  73.236   0.000   0.004   0.033   0.962
E S  2OHCA                152    0.554  64.897   0.000   0.002   0.017   0.981
E P  2OHCA                153    0.551  78.173   0.000   0.083   0.020   0.898
E V  2OHCA                154    0.520  79.909   0.000   0.076   0.045   0.879
E S  2OHCA                155    0.651  76.355   0.000   0.072   0.110   0.818
B A  2OHCA                156    0.163  17.942   0.000   0.001   0.155   0.843
E P  2OHCA                157    0.420  59.640   0.000   0.001   0.177   0.822
B V  2OHCA                158    0.110  16.915   0.000   0.001   0.846   0.153
E V  2OHCA                159    0.252  38.741   0.000   0.001   0.990   0.009
E R  2OHCA                160    0.368  84.166   0.000   0.001   0.988   0.011
E M  2OHCA                161    0.292  58.483   0.000   0.007   0.875   0.119
E G  2OHCA                162    0.616  48.470   0.000   0.031   0.047   0.921
E G  2OHCA                163    0.464  36.492   0.000   0.034   0.018   0.948
E R  2OHCA                164    0.435  99.729   0.000   0.003   0.892   0.104
B S  2OHCA                165    0.091  10.656   0.000   0.001   0.963   0.036
B F  2OHCA                166    0.158  31.764   0.000   0.001   0.949   0.049
B G  2OHCA                167    0.084   6.587   0.000   0.002   0.769   0.229
B A  2OHCA                168    0.239  26.324   0.000   0.010   0.525   0.464
E G  2OHCA                169    0.366  28.767   0.000   0.087   0.119   0.794
E D  2OHCA                170    0.712 102.661   0.000   0.141   0.018   0.841
E L  2OHCA                171    0.414  75.769   0.000   0.288   0.024   0.688
E E  2OHCA                172    0.572  99.881   0.000   0.451   0.037   0.513
E W  2OHCA                173    0.407  97.860   0.000   0.381   0.080   0.538
B W  2OHCA                174    0.156  37.497   0.000   0.200   0.181   0.618
B I  2OHCA                175    0.105  19.470   0.000   0.026   0.301   0.673
B G  2OHCA                176    0.136  10.736   0.000   0.007   0.317   0.676
E T  2OHCA                177    0.447  62.002   0.000   0.003   0.610   0.387
E A  2OHCA                178    0.409  45.119   0.000   0.002   0.891   0.107
E F  2OHCA                179    0.290  58.299   0.000   0.006   0.809   0.185
E H  2OHCA                180    0.829 150.766   0.000   0.014   0.064   0.922
E G  2OHCA                181    0.681  53.592   0.000   0.009   0.028   0.963
E F  2OHCA                182    0.337  67.648   0.000   0.001   0.830   0.169
B R  2OHCA                183    0.226  51.830   0.000   0.001   0.944   0.056
B L  2OHCA                184    0.172  31.502   0.000   0.000   0.964   0.036
B L  2OHCA                185    0.017   3.068   0.000   0.000   0.848   0.152
B T  2OHCA                186    0.205  28.410   0.000   0.001   0.151   0.848
E E  2OHCA                187    0.294  51.323   0.000   0.968   0.001   0.032
E N  2OHCA                188    0.342  50.069   0.000   0.989   0.000   0.010
B E  2OHCA                189    0.068  11.856   0.000   0.997   0.000   0.003
B A  2OHCA                190    0.015   1.679   0.000   0.998   0.000   0.002
E N  2OHCA                191    0.342  50.046   0.000   0.997   0.000   0.003
B Y  2OHCA                192    0.238  50.820   0.000   0.994   0.000   0.005
B I  2OHCA                193    0.023   4.321   0.000   0.963   0.001   0.036
B S  2OHCA                194    0.210  24.620   0.000   0.823   0.002   0.175
E G  2OHCA                195    0.651  51.261   0.000   0.658   0.001   0.341
E N  2OHCA                196    0.502  73.502   0.000   0.049   0.001   0.950
E H  2OHCA                197    0.770 140.110   0.000   0.025   0.001   0.974
E S  2OHCA                198    0.349  40.935   0.000   0.032   0.013   0.955
B A  2OHCA                199    0.135  14.855   0.000   0.077   0.144   0.778
E S  2OHCA                200    0.467  54.735   0.000   0.059   0.126   0.815
E Q  2OHCA                201    0.468  83.665   0.000   0.319   0.157   0.524
E V  2OHCA                202    0.354  54.334   0.000   0.345   0.201   0.455
B D  2OHCA                203    0.237  34.150   0.000   0.273   0.230   0.496
E M  2OHCA                204    0.323  64.729   0.000   0.943   0.013   0.044
B V  2OHCA                205    0.057   8.739   0.000   0.984   0.004   0.011
B Y  2OHCA                206    0.074  15.882   0.000   0.973   0.011   0.016
E S  2OHCA                207    0.342  40.085   0.000   0.989   0.002   0.010
E D  2OHCA                208    0.319  46.038   0.000   0.981   0.003   0.017
B L  2OHCA                209    0.019   3.539   0.000   0.979   0.001   0.020
E V  2OHCA                210    0.302  46.484   0.000   0.979   0.001   0.020
E G  2OHCA                211    0.771  60.648   0.000   0.888   0.000   0.111
E R  2OHCA                212    0.469 107.351   0.000   0.097   0.000   0.903
E G  2OHCA                213    0.438  34.506   0.000   0.002   0.000   0.998
B C  2OHCA                214    0.125  17.486   0.000   0.001   0.134   0.865
B I  2OHCA                215    0.208  38.424   0.000   0.000   0.870   0.129
B V  2OHCA                216    0.100  15.300   0.000   0.001   0.777   0.221
E K  2OHCA                217    0.323  66.427   0.000   0.005   0.773   0.222
B T  2OHCA                218    0.224  31.112   0.000   0.017   0.597   0.386
B G  2OHCA                219    0.076   5.953   0.000   0.700   0.045   0.255
E F  2OHCA                220    0.371  74.417   0.000   0.852   0.006   0.142
E K  2OHCA                221    0.594 122.116   0.000   0.832   0.004   0.164
E Y  2OHCA                222    0.306  65.398   0.000   0.661   0.005   0.335
E G  2OHCA                223    0.318  25.012   0.000   0.010   0.016   0.974
B A  2OHCA                224    0.034   3.725   0.000   0.002   0.051   0.947
E N  2OHCA                225    0.281  41.122   0.000   0.002   0.165   0.833
B F  2OHCA                226    0.060  11.985   0.000   0.000   0.977   0.023
B R  2OHCA                227    0.192  43.859   0.000   0.000   0.995   0.005
B V  2OHCA                228    0.046   7.015   0.000   0.000   0.974   0.026
B Y  2OHCA                229    0.138  29.551   0.000   0.001   0.878   0.121
E L  2OHCA                230    0.398  72.893   0.000   0.003   0.422   0.575
E G  2OHCA                231    0.338  26.598   0.000   0.013   0.056   0.931
E R  2OHCA                232    0.632 144.770   0.000   0.039   0.035   0.927
E D  2OHCA                233    0.694 100.073   0.000   0.147   0.007   0.846
E S  2OHCA                234    0.522  61.228   0.000   0.182   0.028   0.790
E Q  2OHCA                235    0.470  83.878   0.000   0.149   0.065   0.785
E H  2OHCA                236    0.280  50.937   0.000   0.087   0.129   0.785
B A  2OHCA                237    0.084   9.286   0.000   0.059   0.233   0.707
E E  2OHCA                238    0.443  77.462   0.000   0.085   0.158   0.756
B Y  2OHCA                239    0.152  32.481   0.000   0.015   0.893   0.092
B L  2OHCA                240    0.045   8.160   0.000   0.003   0.966   0.030
B V  2OHCA                241    0.015   2.295   0.000   0.000   0.995   0.005
B S  2OHCA                242    0.106  12.451   0.000   0.000   0.997   0.003
B V  2OHCA                243    0.055   8.519   0.000   0.000   0.982   0.018
B M  2OHCA                244    0.100  20.077   0.000   0.000   0.870   0.130
E P  2OHCA                245    0.316  44.803   0.000   0.003   0.758   0.240
E E  2OHCA                246    0.547  95.480   0.000   0.119   0.011   0.871
E E  2OHCA                247    0.843 147.271   0.000   0.130   0.003   0.867
E E  2OHCA                248    0.441  77.078   0.000   0.117   0.005   0.878
E R  2OHCA                249    0.590 135.011   0.000   0.072   0.011   0.918
E W  2OHCA                250    0.568 136.573   0.000   0.834   0.003   0.163
E Y  2OHCA                251    0.664 141.965   0.000   0.944   0.001   0.055
E S  2OHCA                252    0.269  31.484   0.000   0.962   0.001   0.037
B I  2OHCA                253    0.126  23.307   0.000   0.975   0.000   0.024
E S  2OHCA                254    0.373  43.692   0.000   0.971   0.001   0.028
E R  2OHCA                255    0.502 114.882   0.000   0.959   0.001   0.040
B G  2OHCA                256    0.099   7.803   0.000   0.968   0.000   0.032
B V  2OHCA                257    0.158  24.290   0.000   0.965   0.000   0.034
E R  2OHCA                258    0.537 122.949   0.000   0.980   0.001   0.019
E V  2OHCA                259    0.365  56.137   0.000   0.967   0.002   0.032
B A  2OHCA                260    0.085   9.312   0.000   0.938   0.002   0.060
E S  2OHCA                261    0.360  42.226   0.000   0.857   0.004   0.139
E S  2OHCA                262    0.589  69.001   0.000   0.714   0.008   0.278
E V  2OHCA                263    0.310  47.648   0.000   0.207   0.034   0.759
E R  2OHCA                264    0.584 133.827   0.000   0.009   0.043   0.948
B K  2OHCA                265    0.190  38.982   0.000   0.008   0.181   0.811
B T  2OHCA                266    0.244  33.828   0.000   0.006   0.623   0.371
B M  2OHCA                267    0.057  11.376   0.000   0.001   0.976   0.023
B I  2OHCA                268    0.021   3.904   0.000   0.000   0.998   0.002
B Y  2OHCA                269    0.039   8.394   0.000   0.000   0.999   0.001
B A  2OHCA                270    0.006   0.712   0.000   0.000   0.999   0.001
B S  2OHCA                271    0.080   9.334   0.000   0.000   0.997   0.003
B I  2OHCA                272    0.121  22.395   0.000   0.000   0.970   0.030
E Y  2OHCA                273    0.374  79.902   0.000   0.002   0.729   0.269
E K  2OHCA                274    0.733 150.775   0.000   0.011   0.005   0.983
E N  2OHCA                275    0.759 111.184   0.000   0.007   0.002   0.991
E E  2OHCA                276    0.498  87.074   0.000   0.006   0.830   0.164
B V  2OHCA                277    0.114  17.486   0.000   0.000   0.975   0.025
E R  2OHCA                278    0.357  81.823   0.000   0.000   0.994   0.006
B Y  2OHCA                279    0.170  36.428   0.000   0.000   0.997   0.003
B V  2OHCA                280    0.189  29.050   0.000   0.001   0.992   0.007
B A  2OHCA                281    0.136  15.002   0.000   0.000   0.993   0.006
B L  2OHCA                282    0.165  30.121   0.000   0.030   0.905   0.065
E K  2OHCA                283    0.507 104.292   0.000   0.046   0.857   0.097
E R  2OHCA                284    0.471 107.836   0.000   0.013   0.870   0.117
E V  2OHCA                285    0.365  56.063   0.000   0.062   0.370   0.568
E K  2OHCA                286    0.659 135.543   0.000   0.087   0.168   0.745
E D  2OHCA                287    0.794 114.486   0.000   0.038   0.063   0.899
E I  2OHCA                288    0.549 101.540   0.000   0.023   0.026   0.951
E I  2OHCA                289    0.832 153.874   0.000   0.000   0.000   1.000
