# For publication of results, please cite:
# ...
# ... Michael Schantz Klausen, Martin Closter Jespersen, Henrik Nielsen, Kamilla Kjærgaard Jensen, 
# ... Vanessa Isabell Jurtz, Casper Kaae Sønderby, Morten Otto Alexander Sommer, Ole Winther, 
# ... Morten Nielsen, Bent Petersen, and Paolo Marcatili. 
# ... NetSurfP-2.0: Improved prediction of protein structural features by integrated deep learning.
# ... Proteins: Structure, Function, and Bioinformatics (Feb. 2019).
# ... https://doi.org/10.1002/prot.25674
# ...
#
# Column 1: Class assignment - B for buried or E for Exposed - Threshold: 25% exposure, but not based on RSA
# Column 2: Amino acid
# Column 3: Sequence name
# Column 4: Amino acid number
# Column 5: Relative Surface Accessibility - RSA
# Column 6: Absolute Surface Accessibility
# Column 7: Not used
# Column 8: Probability for Alpha-Helix
# Column 9: Probability for Beta-strand
# Column 10: Probability for Coil
E M  3ZNUG                  1    0.425  85.049   0.000   0.000   0.012   0.988
E L  3ZNUG                  2    0.331  60.663   0.000   0.000   0.856   0.143
B Y  3ZNUG                  3    0.095  20.344   0.000   0.000   0.989   0.011
B L  3ZNUG                  4    0.226  41.458   0.000   0.000   0.995   0.005
B V  3ZNUG                  5    0.014   2.146   0.000   0.000   0.999   0.001
E R  3ZNUG                  6    0.356  81.413   0.000   0.000   0.998   0.002
B M  3ZNUG                  7    0.045   9.096   0.000   0.000   0.992   0.008
E T  3ZNUG                  8    0.320  44.441   0.000   0.000   0.984   0.015
B V  3ZNUG                  9    0.096  14.784   0.000   0.000   0.929   0.071
E N  3ZNUG                 10    0.609  89.175   0.000   0.001   0.805   0.195
B L  3ZNUG                 11    0.102  18.719   0.000   0.001   0.156   0.843
E P  3ZNUG                 12    0.259  36.796   0.000   0.002   0.074   0.924
E R  3ZNUG                 13    0.809 185.201   0.000   0.003   0.001   0.995
E N  3ZNUG                 14    0.915 133.996   0.000   0.004   0.001   0.995
B L  3ZNUG                 15    0.199  36.403   0.000   0.001   0.004   0.995
E D  3ZNUG                 16    0.568  81.897   0.000   0.001   0.000   0.999
E P  3ZNUG                 17    0.675  95.723   0.000   0.946   0.000   0.054
E R  3ZNUG                 18    0.713 163.352   0.000   0.936   0.000   0.063
E E  3ZNUG                 19    0.449  78.445   0.000   0.949   0.000   0.051
E E  3ZNUG                 20    0.313  54.726   0.000   0.964   0.000   0.035
E E  3ZNUG                 21    0.621 108.434   0.000   0.977   0.000   0.023
E R  3ZNUG                 22    0.663 151.919   0.000   0.964   0.000   0.036
B L  3ZNUG                 23    0.201  36.868   0.000   0.957   0.000   0.043
E K  3ZNUG                 24    0.391  80.456   0.000   0.969   0.000   0.031
E A  3ZNUG                 25    0.574  63.210   0.000   0.984   0.000   0.016
E S  3ZNUG                 26    0.533  62.511   0.000   0.968   0.000   0.032
B E  3ZNUG                 27    0.117  20.390   0.000   0.987   0.000   0.013
E K  3ZNUG                 28    0.425  87.438   0.000   0.995   0.000   0.005
E A  3ZNUG                 29    0.499  55.018   0.000   0.997   0.000   0.003
E R  3ZNUG                 30    0.432  98.869   0.000   0.997   0.000   0.003
B S  3ZNUG                 31    0.048   5.643   0.000   0.997   0.000   0.003
E R  3ZNUG                 32    0.529 121.205   0.000   0.997   0.000   0.003
E T  3ZNUG                 33    0.497  68.985   0.000   0.996   0.000   0.004
B L  3ZNUG                 34    0.102  18.731   0.000   0.996   0.000   0.004
E Q  3ZNUG                 35    0.441  78.800   0.000   0.996   0.000   0.004
E E  3ZNUG                 36    0.836 145.981   0.000   0.989   0.000   0.011
E Q  3ZNUG                 37    0.652 116.534   0.000   0.331   0.000   0.669
E G  3ZNUG                 38    0.494  38.887   0.000   0.001   0.000   0.999
E Q  3ZNUG                 39    0.474  84.705   0.000   0.001   0.018   0.981
B W  3ZNUG                 40    0.144  34.714   0.000   0.002   0.512   0.485
E R  3ZNUG                 41    0.577 132.214   0.000   0.000   0.540   0.460
E Y  3ZNUG                 42    0.473 101.029   0.000   0.000   0.962   0.038
E L  3ZNUG                 43    0.258  47.229   0.000   0.000   0.983   0.017
E W  3ZNUG                 44    0.425 102.156   0.000   0.000   0.966   0.034
E R  3ZNUG                 45    0.534 122.191   0.000   0.001   0.827   0.173
E T  3ZNUG                 46    0.425  58.892   0.000   0.002   0.316   0.683
E T  3ZNUG                 47    0.811 112.551   0.000   0.004   0.017   0.979
E G  3ZNUG                 48    0.828  65.192   0.000   0.007   0.005   0.987
E K  3ZNUG                 49    0.645 132.693   0.000   0.006   0.134   0.859
E Y  3ZNUG                 50    0.705 150.632   0.000   0.003   0.071   0.926
E G  3ZNUG                 51    0.372  29.272   0.000   0.003   0.186   0.812
E N  3ZNUG                 52    0.288  42.097   0.000   0.001   0.633   0.366
E I  3ZNUG                 53    0.274  50.657   0.000   0.000   0.959   0.041
B S  3ZNUG                 54    0.136  15.953   0.000   0.000   0.997   0.003
B V  3ZNUG                 55    0.226  34.689   0.000   0.000   0.999   0.001
B F  3ZNUG                 56    0.082  16.525   0.000   0.000   0.998   0.002
E D  3ZNUG                 57    0.369  53.157   0.000   0.000   0.992   0.008
B V  3ZNUG                 58    0.025   3.913   0.000   0.000   0.646   0.354
E N  3ZNUG                 59    0.681  99.713   0.000   0.000   0.003   0.997
E S  3ZNUG                 60    0.344  40.317   0.000   0.002   0.002   0.996
E H  3ZNUG                 61    0.405  73.684   0.000   0.988   0.000   0.012
E D  3ZNUG                 62    0.776 111.841   0.000   0.990   0.000   0.010
E E  3ZNUG                 63    0.412  72.020   0.000   0.994   0.000   0.006
B L  3ZNUG                 64    0.034   6.187   0.000   0.995   0.000   0.005
E H  3ZNUG                 65    0.436  79.324   0.000   0.993   0.000   0.007
E E  3ZNUG                 66    0.659 115.110   0.000   0.991   0.000   0.009
B I  3ZNUG                 67    0.182  33.748   0.000   0.991   0.000   0.009
B L  3ZNUG                 68    0.080  14.698   0.000   0.967   0.000   0.033
E W  3ZNUG                 69    0.578 139.031   0.000   0.585   0.000   0.415
E S  3ZNUG                 70    0.708  82.973   0.000   0.226   0.000   0.774
B L  3ZNUG                 71    0.170  31.143   0.000   0.010   0.001   0.990
E P  3ZNUG                 72    0.559  79.341   0.000   0.167   0.005   0.828
E F  3ZNUG                 73    0.371  74.488   0.000   0.234   0.010   0.756
E F  3ZNUG                 74    0.483  96.838   0.000   0.734   0.014   0.252
E P  3ZNUG                 75    0.639  90.608   0.000   0.395   0.013   0.592
E Y  3ZNUG                 76    0.614 131.303   0.000   0.406   0.021   0.572
E L  3ZNUG                 77    0.283  51.876   0.000   0.017   0.392   0.590
E T  3ZNUG                 78    0.574  79.550   0.000   0.002   0.923   0.075
E I  3ZNUG                 79    0.332  61.433   0.000   0.000   0.898   0.101
E D  3ZNUG                 80    0.617  88.945   0.000   0.000   0.985   0.015
E V  3ZNUG                 81    0.366  56.274   0.000   0.000   0.992   0.008
E E  3ZNUG                 82    0.524  91.518   0.000   0.000   0.993   0.007
E P  3ZNUG                 83    0.449  63.655   0.000   0.000   0.989   0.011
E L  3ZNUG                 84    0.437  80.096   0.000   0.015   0.201   0.784
E S  3ZNUG                 85    0.589  69.050   0.000   0.044   0.186   0.770
E H  3ZNUG                 86    0.794 144.414   0.000   0.013   0.044   0.943
E H  3ZNUG                 87    0.646 117.518   0.000   0.003   0.011   0.986
E P  3ZNUG                 88    0.745 105.757   0.000   0.104   0.003   0.893
E A  3ZNUG                 89    0.823  90.666   0.000   0.098   0.002   0.900
E R  3ZNUG                 90    0.762 174.417   0.000   0.092   0.008   0.900
E V  3ZNUG                 91    0.800 122.960   0.000   0.022   0.003   0.975
E G  3ZNUG                 92    0.891  70.151   0.000   0.006   0.000   0.994
E K  3ZNUG                 93    0.891 183.333   0.000   0.005   0.001   0.994
E D  3ZNUG                 94    0.979 141.123   0.000   0.000   0.000   1.000
