# For publication of results, please cite:
# ...
# ... Michael Schantz Klausen, Martin Closter Jespersen, Henrik Nielsen, Kamilla Kjærgaard Jensen, 
# ... Vanessa Isabell Jurtz, Casper Kaae Sønderby, Morten Otto Alexander Sommer, Ole Winther, 
# ... Morten Nielsen, Bent Petersen, and Paolo Marcatili. 
# ... NetSurfP-2.0: Improved prediction of protein structural features by integrated deep learning.
# ... Proteins: Structure, Function, and Bioinformatics (Feb. 2019).
# ... https://doi.org/10.1002/prot.25674
# ...
#
# Column 1: Class assignment - B for buried or E for Exposed - Threshold: 25% exposure, but not based on RSA
# Column 2: Amino acid
# Column 3: Sequence name
# Column 4: Amino acid number
# Column 5: Relative Surface Accessibility - RSA
# Column 6: Absolute Surface Accessibility
# Column 7: Not used
# Column 8: Probability for Alpha-Helix
# Column 9: Probability for Beta-strand
# Column 10: Probability for Coil
E M  1RL9A                  1    0.765 153.023   0.000   0.001   0.001   0.997
E V  1RL9A                  2    0.266  40.837   0.000   0.030   0.031   0.940
E D  1RL9A                  3    0.586  84.412   0.000   0.071   0.002   0.927
E Q  1RL9A                  4    0.671 119.917   0.000   0.958   0.000   0.041
E A  1RL9A                  5    0.546  60.198   0.000   0.979   0.000   0.021
B T  1RL9A                  6    0.150  20.755   0.000   0.989   0.000   0.011
B L  1RL9A                  7    0.145  26.528   0.000   0.994   0.000   0.005
E D  1RL9A                  8    0.624  89.980   0.000   0.997   0.000   0.003
E K  1RL9A                  9    0.480  98.837   0.000   0.998   0.000   0.002
B L  1RL9A                 10    0.049   9.004   0.000   0.999   0.000   0.001
E E  1RL9A                 11    0.402  70.147   0.000   0.999   0.000   0.001
E A  1RL9A                 12    0.453  49.912   0.000   0.995   0.000   0.005
B G  1RL9A                 13    0.066   5.166   0.000   0.990   0.000   0.010
B F  1RL9A                 14    0.098  19.707   0.000   0.988   0.000   0.012
E K  1RL9A                 15    0.565 116.242   0.000   0.989   0.000   0.011
E K  1RL9A                 16    0.478  98.369   0.000   0.967   0.001   0.032
B L  1RL9A                 17    0.058  10.561   0.000   0.935   0.001   0.064
E Q  1RL9A                 18    0.486  86.729   0.000   0.797   0.001   0.202
E E  1RL9A                 19    0.782 136.637   0.000   0.580   0.001   0.420
B A  1RL9A                 20    0.222  24.510   0.000   0.147   0.001   0.851
E S  1RL9A                 21    0.744  87.169   0.000   0.047   0.002   0.951
E D  1RL9A                 22    0.773 111.362   0.000   0.024   0.002   0.974
B C  1RL9A                 23    0.162  22.721   0.000   0.017   0.025   0.958
E K  1RL9A                 24    0.695 142.859   0.000   0.007   0.019   0.974
B S  1RL9A                 25    0.157  18.345   0.000   0.007   0.068   0.925
B L  1RL9A                 26    0.125  22.870   0.000   0.878   0.001   0.121
B L  1RL9A                 27    0.024   4.406   0.000   0.933   0.001   0.066
E K  1RL9A                 28    0.367  75.439   0.000   0.965   0.000   0.035
E K  1RL9A                 29    0.537 110.523   0.000   0.927   0.000   0.073
B H  1RL9A                 30    0.138  25.186   0.000   0.765   0.000   0.234
B L  1RL9A                 31    0.043   7.849   0.000   0.031   0.097   0.872
E T  1RL9A                 32    0.350  48.590   0.000   0.004   0.016   0.980
E K  1RL9A                 33    0.567 116.648   0.000   0.987   0.000   0.013
E D  1RL9A                 34    0.739 106.519   0.000   0.996   0.000   0.004
B V  1RL9A                 35    0.104  15.969   0.000   0.998   0.000   0.002
B F  1RL9A                 36    0.047   9.517   0.000   0.998   0.000   0.002
E D  1RL9A                 37    0.547  78.794   0.000   0.992   0.000   0.008
E S  1RL9A                 38    0.519  60.821   0.000   0.941   0.000   0.059
B I  1RL9A                 39    0.033   6.122   0.000   0.855   0.000   0.145
E K  1RL9A                 40    0.297  61.034   0.000   0.189   0.004   0.807
E N  1RL9A                 41    0.750 109.729   0.000   0.086   0.008   0.906
E K  1RL9A                 42    0.314  64.548   0.000   0.007   0.027   0.966
E K  1RL9A                 43    0.656 134.994   0.000   0.001   0.848   0.150
B T  1RL9A                 44    0.104  14.479   0.000   0.001   0.137   0.862
E G  1RL9A                 45    0.768  60.472   0.000   0.002   0.002   0.996
E M  1RL9A                 46    0.439  87.922   0.000   0.009   0.001   0.990
E G  1RL9A                 47    0.426  33.549   0.000   0.002   0.025   0.973
B A  1RL9A                 48    0.091   9.992   0.000   0.000   0.024   0.976
B T  1RL9A                 49    0.169  23.488   0.000   0.000   0.730   0.270
B L  1RL9A                 50    0.020   3.675   0.000   0.990   0.000   0.010
B L  1RL9A                 51    0.159  29.157   0.000   0.998   0.000   0.002
E D  1RL9A                 52    0.297  42.830   0.000   0.998   0.000   0.002
B V  1RL9A                 53    0.011   1.675   0.000   0.995   0.000   0.005
B I  1RL9A                 54    0.017   3.070   0.000   0.978   0.002   0.019
B Q  1RL9A                 55    0.240  42.830   0.000   0.990   0.000   0.009
B S  1RL9A                 56    0.068   7.932   0.000   0.986   0.000   0.014
B G  1RL9A                 57    0.018   1.400   0.000   0.977   0.001   0.023
B V  1RL9A                 58    0.073  11.195   0.000   0.952   0.003   0.045
E E  1RL9A                 59    0.534  93.269   0.000   0.915   0.002   0.083
E N  1RL9A                 60    0.290  42.514   0.000   0.187   0.025   0.789
E L  1RL9A                 61    0.310  56.731   0.000   0.110   0.008   0.882
E D  1RL9A                 62    0.724 104.357   0.000   0.116   0.004   0.880
B S  1RL9A                 63    0.205  24.084   0.000   0.087   0.027   0.886
E G  1RL9A                 64    0.252  19.851   0.000   0.006   0.113   0.881
B V  1RL9A                 65    0.043   6.537   0.000   0.002   0.335   0.663
B G  1RL9A                 66    0.032   2.548   0.000   0.001   0.737   0.262
B I  1RL9A                 67    0.016   2.922   0.000   0.001   0.888   0.111
B Y  1RL9A                 68    0.106  22.640   0.000   0.000   0.948   0.051
B A  1RL9A                 69    0.026   2.851   0.000   0.000   0.389   0.611
B P  1RL9A                 70    0.089  12.583   0.000   0.000   0.062   0.938
B D  1RL9A                 71    0.214  30.888   0.000   0.002   0.010   0.989
E A  1RL9A                 72    0.260  28.605   0.000   0.944   0.001   0.055
E E  1RL9A                 73    0.399  69.632   0.000   0.947   0.001   0.051
B S  1RL9A                 74    0.013   1.569   0.000   0.990   0.000   0.010
B Y  1RL9A                 75    0.104  22.147   0.000   0.992   0.001   0.007
E R  1RL9A                 76    0.575 131.681   0.000   0.990   0.000   0.010
B T  1RL9A                 77    0.139  19.344   0.000   0.983   0.001   0.017
B F  1RL9A                 78    0.010   1.986   0.000   0.901   0.000   0.099
B G  1RL9A                 79    0.127   9.979   0.000   0.976   0.000   0.024
E P  1RL9A                 80    0.478  67.839   0.000   0.973   0.000   0.027
B L  1RL9A                 81    0.054   9.927   0.000   0.962   0.000   0.037
B F  1RL9A                 82    0.016   3.179   0.000   0.792   0.003   0.205
B D  1RL9A                 83    0.220  31.636   0.000   0.942   0.000   0.058
E P  1RL9A                 84    0.331  46.906   0.000   0.991   0.001   0.008
B I  1RL9A                 85    0.069  12.706   0.000   0.996   0.000   0.004
B I  1RL9A                 86    0.017   3.158   0.000   0.996   0.000   0.004
E D  1RL9A                 87    0.420  60.560   0.000   0.992   0.000   0.008
E D  1RL9A                 88    0.493  70.981   0.000   0.978   0.000   0.021
B Y  1RL9A                 89    0.199  42.498   0.000   0.900   0.002   0.098
B H  1RL9A                 90    0.120  21.792   0.000   0.506   0.008   0.486
E G  1RL9A                 91    0.482  37.956   0.000   0.037   0.004   0.959
E G  1RL9A                 92    0.328  25.803   0.000   0.029   0.008   0.963
B F  1RL9A                 93    0.227  45.482   0.000   0.017   0.055   0.928
E K  1RL9A                 94    0.566 116.376   0.000   0.007   0.028   0.965
E L  1RL9A                 95    0.487  89.113   0.000   0.023   0.016   0.961
E T  1RL9A                 96    0.701  97.178   0.000   0.032   0.016   0.951
E D  1RL9A                 97    0.468  67.392   0.000   0.036   0.025   0.940
E K  1RL9A                 98    0.635 130.568   0.000   0.008   0.152   0.840
B H  1RL9A                 99    0.233  42.382   0.000   0.002   0.085   0.912
E P  1RL9A                100    0.372  52.746   0.000   0.007   0.011   0.982
E P  1RL9A                101    0.421  59.697   0.000   0.161   0.020   0.819
E K  1RL9A                102    0.653 134.231   0.000   0.264   0.025   0.710
E E  1RL9A                103    0.596 104.194   0.000   0.255   0.037   0.709
B W  1RL9A                104    0.249  59.888   0.000   0.246   0.017   0.737
E G  1RL9A                105    0.434  34.136   0.000   0.092   0.023   0.885
E D  1RL9A                106    0.581  83.781   0.000   0.034   0.015   0.951
B I  1RL9A                107    0.201  37.189   0.000   0.507   0.012   0.482
E N  1RL9A                108    0.744 108.959   0.000   0.534   0.009   0.457
E T  1RL9A                109    0.545  75.660   0.000   0.576   0.026   0.398
B L  1RL9A                110    0.098  17.875   0.000   0.125   0.097   0.778
E V  1RL9A                111    0.492  75.555   0.000   0.041   0.162   0.798
E D  1RL9A                112    0.599  86.299   0.000   0.026   0.130   0.844
B L  1RL9A                113    0.179  32.712   0.000   0.057   0.106   0.837
E D  1RL9A                114    0.253  36.449   0.000   0.002   0.006   0.992
E P  1RL9A                115    0.599  85.013   0.000   0.015   0.001   0.984
E A  1RL9A                116    0.659  72.579   0.000   0.026   0.003   0.971
E G  1RL9A                117    0.287  22.586   0.000   0.037   0.003   0.960
E Q  1RL9A                118    0.500  89.211   0.000   0.011   0.006   0.983
B F  1RL9A                119    0.126  25.300   0.000   0.005   0.455   0.540
B I  1RL9A                120    0.041   7.498   0.000   0.001   0.904   0.096
B I  1RL9A                121    0.103  19.076   0.000   0.001   0.904   0.095
B S  1RL9A                122    0.065   7.672   0.000   0.000   0.971   0.028
B T  1RL9A                123    0.026   3.659   0.000   0.000   0.988   0.012
B R  1RL9A                124    0.187  42.860   0.000   0.000   0.994   0.006
B V  1RL9A                125    0.012   1.906   0.000   0.000   0.997   0.003
B R  1RL9A                126    0.197  45.029   0.000   0.000   0.988   0.012
B C  1RL9A                127    0.012   1.665   0.000   0.001   0.961   0.038
B G  1RL9A                128    0.047   3.700   0.000   0.001   0.935   0.064
B R  1RL9A                129    0.180  41.215   0.000   0.003   0.700   0.297
B S  1RL9A                130    0.161  18.861   0.000   0.003   0.490   0.507
B L  1RL9A                131    0.036   6.631   0.000   0.034   0.034   0.932
E Q  1RL9A                132    0.536  95.658   0.000   0.005   0.009   0.986
E G  1RL9A                133    0.602  47.414   0.000   0.003   0.007   0.990
B Y  1RL9A                134    0.174  37.268   0.000   0.001   0.160   0.839
E P  1RL9A                135    0.280  39.668   0.000   0.001   0.305   0.694
B F  1RL9A                136    0.036   7.292   0.000   0.005   0.076   0.920
B N  1RL9A                137    0.136  19.881   0.000   0.037   0.008   0.955
B P  1RL9A                138    0.218  30.905   0.000   0.097   0.002   0.901
E C  1RL9A                139    0.281  39.472   0.000   0.062   0.007   0.931
B L  1RL9A                140    0.056  10.176   0.000   0.001   0.015   0.983
E T  1RL9A                141    0.450  62.400   0.000   0.000   0.007   0.993
E A  1RL9A                142    0.503  55.484   0.000   0.986   0.000   0.013
E E  1RL9A                143    0.726 126.898   0.000   0.990   0.000   0.010
E Q  1RL9A                144    0.324  57.895   0.000   0.995   0.000   0.005
B Y  1RL9A                145    0.156  33.260   0.000   0.998   0.000   0.002
E K  1RL9A                146    0.501 102.956   0.000   0.999   0.000   0.001
E E  1RL9A                147    0.506  88.344   0.000   0.999   0.000   0.001
B M  1RL9A                148    0.017   3.362   0.000   0.999   0.000   0.001
B E  1RL9A                149    0.198  34.537   0.000   1.000   0.000   0.000
E E  1RL9A                150    0.622 108.647   0.000   0.999   0.000   0.001
E K  1RL9A                151    0.388  79.882   0.000   0.999   0.000   0.001
B V  1RL9A                152    0.008   1.156   0.000   0.998   0.000   0.002
B S  1RL9A                153    0.246  28.847   0.000   0.997   0.000   0.003
E S  1RL9A                154    0.572  67.082   0.000   0.991   0.000   0.008
B T  1RL9A                155    0.114  15.781   0.000   0.989   0.000   0.011
B L  1RL9A                156    0.034   6.140   0.000   0.953   0.000   0.046
E S  1RL9A                157    0.589  69.078   0.000   0.675   0.000   0.325
E S  1RL9A                158    0.628  73.653   0.000   0.258   0.001   0.741
B M  1RL9A                159    0.116  23.218   0.000   0.040   0.006   0.955
E E  1RL9A                160    0.672 117.476   0.000   0.061   0.012   0.928
E D  1RL9A                161    0.761 109.591   0.000   0.686   0.004   0.310
E E  1RL9A                162    0.664 115.959   0.000   0.636   0.004   0.360
B L  1RL9A                163    0.127  23.263   0.000   0.632   0.010   0.357
E K  1RL9A                164    0.549 112.982   0.000   0.033   0.050   0.917
E G  1RL9A                165    0.277  21.829   0.000   0.004   0.431   0.565
E T  1RL9A                166    0.428  59.339   0.000   0.001   0.882   0.117
E Y  1RL9A                167    0.261  55.864   0.000   0.000   0.982   0.018
B Y  1RL9A                168    0.192  41.037   0.000   0.000   0.981   0.019
E P  1RL9A                169    0.345  48.993   0.000   0.000   0.939   0.061
B L  1RL9A                170    0.027   4.931   0.000   0.100   0.009   0.891
E T  1RL9A                171    0.616  85.447   0.000   0.148   0.011   0.842
E G  1RL9A                172    0.847  66.694   0.000   0.078   0.002   0.920
B M  1RL9A                173    0.101  20.244   0.000   0.000   0.000   0.999
E S  1RL9A                174    0.558  65.363   0.000   0.001   0.000   0.999
E K  1RL9A                175    0.777 159.890   0.000   0.993   0.000   0.007
E A  1RL9A                176    0.590  65.009   0.000   0.993   0.000   0.007
B T  1RL9A                177    0.226  31.387   0.000   0.995   0.000   0.005
B Q  1RL9A                178    0.206  36.704   0.000   0.998   0.000   0.002
E Q  1RL9A                179    0.511  91.236   0.000   0.998   0.000   0.002
E Q  1RL9A                180    0.409  73.079   0.000   0.998   0.000   0.002
B L  1RL9A                181    0.021   3.831   0.000   0.997   0.000   0.003
B I  1RL9A                182    0.214  39.535   0.000   0.997   0.000   0.003
E D  1RL9A                183    0.721 103.935   0.000   0.983   0.000   0.017
E D  1RL9A                184    0.405  58.356   0.000   0.296   0.001   0.704
E H  1RL9A                185    0.271  49.271   0.000   0.063   0.003   0.934
B F  1RL9A                186    0.067  13.364   0.000   0.039   0.083   0.879
B L  1RL9A                187    0.045   8.300   0.000   0.013   0.326   0.660
B F  1RL9A                188    0.097  19.435   0.000   0.005   0.260   0.735
E K  1RL9A                189    0.532 109.356   0.000   0.017   0.098   0.885
E E  1RL9A                190    0.667 116.583   0.000   0.027   0.032   0.941
E G  1RL9A                191    0.542  42.630   0.000   0.040   0.019   0.941
E D  1RL9A                192    0.255  36.788   0.000   0.041   0.021   0.938
E R  1RL9A                193    0.567 129.796   0.000   0.822   0.005   0.172
B F  1RL9A                194    0.190  38.096   0.000   0.884   0.005   0.112
B L  1RL9A                195    0.104  18.957   0.000   0.953   0.005   0.042
E Q  1RL9A                196    0.514  91.881   0.000   0.917   0.005   0.078
E T  1RL9A                197    0.285  39.590   0.000   0.748   0.006   0.246
B A  1RL9A                198    0.108  11.928   0.000   0.302   0.004   0.694
E N  1RL9A                199    0.359  52.618   0.000   0.080   0.006   0.914
B A  1RL9A                200    0.075   8.262   0.000   0.353   0.016   0.631
B C  1RL9A                201    0.070   9.789   0.000   0.460   0.030   0.509
E R  1RL9A                202    0.360  82.459   0.000   0.413   0.017   0.570
E Y  1RL9A                203    0.362  77.284   0.000   0.320   0.018   0.662
B W  1RL9A                204    0.106  25.513   0.000   0.021   0.022   0.957
E P  1RL9A                205    0.301  42.647   0.000   0.060   0.011   0.928
E T  1RL9A                206    0.336  46.634   0.000   0.036   0.064   0.900
B G  1RL9A                207    0.069   5.436   0.000   0.029   0.166   0.805
B R  1RL9A                208    0.145  33.318   0.000   0.003   0.492   0.505
B G  1RL9A                209    0.013   1.033   0.000   0.001   0.911   0.088
B I  1RL9A                210    0.035   6.463   0.000   0.000   0.985   0.015
B F  1RL9A                211    0.070  14.110   0.000   0.000   0.993   0.006
B H  1RL9A                212    0.135  24.481   0.000   0.000   0.959   0.040
B N  1RL9A                213    0.160  23.431   0.000   0.003   0.346   0.651
E D  1RL9A                214    0.697 100.493   0.000   0.006   0.003   0.991
E A  1RL9A                215    0.591  65.172   0.000   0.007   0.001   0.992
E K  1RL9A                216    0.392  80.619   0.000   0.007   0.027   0.966
B T  1RL9A                217    0.188  26.051   0.000   0.001   0.273   0.727
B F  1RL9A                218    0.024   4.810   0.000   0.000   0.973   0.027
B L  1RL9A                219    0.034   6.255   0.000   0.000   0.998   0.002
B V  1RL9A                220    0.004   0.578   0.000   0.000   0.999   0.001
B W  1RL9A                221    0.063  15.072   0.000   0.000   0.997   0.003
B V  1RL9A                222    0.009   1.357   0.000   0.000   0.989   0.011
B N  1RL9A                223    0.064   9.412   0.000   0.000   0.706   0.294
B E  1RL9A                224    0.181  31.620   0.000   0.018   0.017   0.965
E E  1RL9A                225    0.276  48.151   0.000   0.022   0.018   0.960
B D  1RL9A                226    0.108  15.563   0.000   0.039   0.059   0.901
B H  1RL9A                227    0.063  11.410   0.000   0.005   0.604   0.391
B L  1RL9A                228    0.009   1.600   0.000   0.001   0.975   0.024
B R  1RL9A                229    0.143  32.758   0.000   0.001   0.996   0.003
B I  1RL9A                230    0.011   2.061   0.000   0.000   0.999   0.001
B I  1RL9A                231    0.069  12.681   0.000   0.000   0.998   0.001
B S  1RL9A                232    0.017   2.013   0.000   0.000   0.994   0.006
B M  1RL9A                233    0.105  20.932   0.000   0.002   0.848   0.149
E Q  1RL9A                234    0.260  46.450   0.000   0.003   0.593   0.404
E K  1RL9A                235    0.558 114.723   0.000   0.011   0.180   0.809
E G  1RL9A                236    0.415  32.698   0.000   0.019   0.048   0.933
E G  1RL9A                237    0.257  20.261   0.000   0.024   0.049   0.926
E D  1RL9A                238    0.453  65.219   0.000   0.005   0.020   0.975
B L  1RL9A                239    0.091  16.705   0.000   0.954   0.000   0.045
E K  1RL9A                240    0.466  95.914   0.000   0.995   0.000   0.005
E T  1RL9A                241    0.406  56.287   0.000   0.998   0.000   0.002
B V  1RL9A                242    0.009   1.398   0.000   0.999   0.000   0.001
B Y  1RL9A                243    0.095  20.356   0.000   0.999   0.000   0.001
E K  1RL9A                244    0.536 110.171   0.000   1.000   0.000   0.000
E R  1RL9A                245    0.281  64.237   0.000   1.000   0.000   0.000
B L  1RL9A                246    0.008   1.385   0.000   0.999   0.000   0.001
B V  1RL9A                247    0.125  19.217   0.000   0.999   0.000   0.001
E T  1RL9A                248    0.479  66.465   0.000   0.998   0.000   0.002
B A  1RL9A                249    0.026   2.894   0.000   0.997   0.000   0.003
B V  1RL9A                250    0.034   5.292   0.000   0.998   0.000   0.002
E D  1RL9A                251    0.498  71.738   0.000   0.997   0.000   0.003
E N  1RL9A                252    0.446  65.231   0.000   0.992   0.000   0.008
B I  1RL9A                253    0.024   4.379   0.000   0.990   0.000   0.010
E E  1RL9A                254    0.298  52.054   0.000   0.951   0.000   0.049
E S  1RL9A                255    0.743  87.031   0.000   0.591   0.000   0.409
E K  1RL9A                256    0.532 109.522   0.000   0.463   0.000   0.537
B L  1RL9A                257    0.101  18.535   0.000   0.033   0.008   0.959
E P  1RL9A                258    0.492  69.786   0.000   0.086   0.006   0.908
B F  1RL9A                259    0.158  31.672   0.000   0.046   0.408   0.547
B S  1RL9A                260    0.089  10.387   0.000   0.071   0.612   0.317
B H  1RL9A                261    0.246  44.707   0.000   0.001   0.984   0.015
B D  1RL9A                262    0.163  23.507   0.000   0.000   0.909   0.091
E D  1RL9A                263    0.686  98.823   0.000   0.006   0.006   0.988
E R  1RL9A                264    0.469 107.301   0.000   0.007   0.006   0.987
B F  1RL9A                265    0.087  17.438   0.000   0.016   0.105   0.879
B G  1RL9A                266    0.036   2.858   0.000   0.002   0.641   0.357
B F  1RL9A                267    0.039   7.819   0.000   0.000   0.888   0.112
B L  1RL9A                268    0.021   3.904   0.000   0.002   0.797   0.201
B T  1RL9A                269    0.032   4.490   0.000   0.004   0.585   0.412
B F  1RL9A                270    0.051  10.181   0.000   0.002   0.196   0.801
B C  1RL9A                271    0.073  10.291   0.000   0.001   0.203   0.796
B P  1RL9A                272    0.054   7.592   0.000   0.598   0.025   0.377
B T  1RL9A                273    0.208  28.786   0.000   0.624   0.018   0.358
B N  1RL9A                274    0.129  18.848   0.000   0.566   0.139   0.295
B L  1RL9A                275    0.025   4.567   0.000   0.115   0.347   0.539
B G  1RL9A                276    0.061   4.772   0.000   0.025   0.329   0.647
B T  1RL9A                277    0.108  14.915   0.000   0.021   0.111   0.868
B T  1RL9A                278    0.085  11.790   0.000   0.016   0.477   0.507
B M  1RL9A                279    0.024   4.804   0.000   0.011   0.741   0.248
B R  1RL9A                280    0.162  37.163   0.000   0.007   0.952   0.041
B A  1RL9A                281    0.004   0.477   0.000   0.003   0.984   0.013
B S  1RL9A                282    0.028   3.302   0.000   0.001   0.993   0.006
B V  1RL9A                283    0.004   0.581   0.000   0.000   0.999   0.001
B H  1RL9A                284    0.075  13.677   0.000   0.001   0.998   0.001
B I  1RL9A                285    0.006   1.060   0.000   0.001   0.994   0.005
B Q  1RL9A                286    0.200  35.738   0.000   0.008   0.912   0.080
B L  1RL9A                287    0.016   2.905   0.000   0.306   0.083   0.611
B P  1RL9A                288    0.180  25.484   0.000   0.785   0.022   0.192
E K  1RL9A                289    0.407  83.770   0.000   0.884   0.002   0.114
B L  1RL9A                290    0.023   4.263   0.000   0.965   0.001   0.035
B A  1RL9A                291    0.086   9.494   0.000   0.718   0.006   0.276
E K  1RL9A                292    0.588 120.944   0.000   0.425   0.002   0.573
E D  1RL9A                293    0.448  64.605   0.000   0.026   0.002   0.972
E R  1RL9A                294    0.489 111.907   0.000   0.922   0.000   0.077
E K  1RL9A                295    0.706 145.266   0.000   0.954   0.000   0.046
B V  1RL9A                296    0.220  33.746   0.000   0.974   0.001   0.026
B L  1RL9A                297    0.019   3.437   0.000   0.990   0.000   0.010
E E  1RL9A                298    0.485  84.789   0.000   0.997   0.000   0.003
E D  1RL9A                299    0.588  84.794   0.000   0.996   0.000   0.004
B I  1RL9A                300    0.038   7.115   0.000   0.998   0.000   0.002
B A  1RL9A                301    0.018   2.020   0.000   0.996   0.000   0.004
E S  1RL9A                302    0.639  74.947   0.000   0.978   0.000   0.022
E K  1RL9A                303    0.602 123.771   0.000   0.916   0.000   0.083
B F  1RL9A                304    0.149  29.837   0.000   0.255   0.002   0.744
E N  1RL9A                305    0.783 114.578   0.000   0.002   0.003   0.995
B L  1RL9A                306    0.062  11.328   0.000   0.001   0.184   0.815
E Q  1RL9A                307    0.504  90.076   0.000   0.001   0.843   0.156
B V  1RL9A                308    0.180  27.648   0.000   0.000   0.921   0.079
B R  1RL9A                309    0.248  56.850   0.000   0.001   0.883   0.116
B G  1RL9A                310    0.164  12.924   0.000   0.002   0.709   0.289
B T  1RL9A                311    0.170  23.602   0.000   0.006   0.495   0.499
E R  1RL9A                312    0.347  79.394   0.000   0.008   0.397   0.595
B G  1RL9A                313    0.197  15.507   0.000   0.045   0.193   0.762
E E  1RL9A                314    0.403  70.336   0.000   0.026   0.069   0.904
E H  1RL9A                315    0.585 106.368   0.000   0.026   0.035   0.939
B T  1RL9A                316    0.245  34.024   0.000   0.023   0.085   0.893
E E  1RL9A                317    0.731 127.777   0.000   0.057   0.076   0.867
B S  1RL9A                318    0.212  24.795   0.000   0.072   0.112   0.817
E E  1RL9A                319    0.599 104.711   0.000   0.067   0.329   0.604
E G  1RL9A                320    0.531  41.790   0.000   0.052   0.039   0.908
B G  1RL9A                321    0.225  17.698   0.000   0.087   0.088   0.825
B V  1RL9A                322    0.086  13.196   0.000   0.003   0.868   0.129
B Y  1RL9A                323    0.065  13.978   0.000   0.002   0.979   0.020
B D  1RL9A                324    0.164  23.676   0.000   0.004   0.970   0.026
B I  1RL9A                325    0.020   3.615   0.000   0.006   0.908   0.086
B S  1RL9A                326    0.057   6.738   0.000   0.006   0.839   0.155
B N  1RL9A                327    0.049   7.129   0.000   0.045   0.442   0.513
E K  1RL9A                328    0.436  89.632   0.000   0.354   0.011   0.635
E R  1RL9A                329    0.517 118.491   0.000   0.313   0.017   0.670
B R  1RL9A                330    0.247  56.540   0.000   0.252   0.112   0.636
B L  1RL9A                331    0.095  17.482   0.000   0.116   0.065   0.819
E G  1RL9A                332    0.324  25.517   0.000   0.003   0.036   0.961
B L  1RL9A                333    0.175  32.026   0.000   0.002   0.156   0.842
E T  1RL9A                334    0.324  44.871   0.000   0.001   0.231   0.768
B E  1RL9A                335    0.144  25.086   0.000   0.994   0.000   0.005
E Y  1RL9A                336    0.372  79.591   0.000   0.998   0.000   0.002
E Q  1RL9A                337    0.464  82.881   0.000   0.999   0.000   0.001
B A  1RL9A                338    0.020   2.256   0.000   1.000   0.000   0.000
B V  1RL9A                339    0.024   3.699   0.000   1.000   0.000   0.000
E R  1RL9A                340    0.458 104.853   0.000   0.999   0.000   0.001
E E  1RL9A                341    0.312  54.542   0.000   0.998   0.000   0.002
B M  1RL9A                342    0.012   2.406   0.000   0.999   0.000   0.001
B Q  1RL9A                343    0.206  36.766   0.000   0.999   0.000   0.001
E D  1RL9A                344    0.467  67.256   0.000   0.999   0.000   0.001
B G  1RL9A                345    0.020   1.553   0.000   0.999   0.000   0.001
B I  1RL9A                346    0.013   2.390   0.000   1.000   0.000   0.000
E L  1RL9A                347    0.283  51.817   0.000   1.000   0.000   0.000
E E  1RL9A                348    0.379  66.222   0.000   0.999   0.000   0.001
B M  1RL9A                349    0.017   3.451   0.000   1.000   0.000   0.000
B I  1RL9A                350    0.068  12.509   0.000   0.999   0.000   0.001
E K  1RL9A                351    0.586 120.522   0.000   0.996   0.000   0.004
B M  1RL9A                352    0.215  42.947   0.000   0.984   0.000   0.016
B E  1RL9A                353    0.057  10.012   0.000   0.985   0.000   0.015
E K  1RL9A                354    0.598 123.029   0.000   0.927   0.000   0.073
E A  1RL9A                355    0.748  82.438   0.000   0.678   0.000   0.322
E A  1RL9A                356    0.565  62.304   0.000   0.274   0.000   0.726
E A  1RL9A                357    0.896  98.751   0.000   0.003   0.000   0.997
