# For publication of results, please cite:
# ...
# ... Michael Schantz Klausen, Martin Closter Jespersen, Henrik Nielsen, Kamilla Kjærgaard Jensen, 
# ... Vanessa Isabell Jurtz, Casper Kaae Sønderby, Morten Otto Alexander Sommer, Ole Winther, 
# ... Morten Nielsen, Bent Petersen, and Paolo Marcatili. 
# ... NetSurfP-2.0: Improved prediction of protein structural features by integrated deep learning.
# ... Proteins: Structure, Function, and Bioinformatics (Feb. 2019).
# ... https://doi.org/10.1002/prot.25674
# ...
#
# Column 1: Class assignment - B for buried or E for Exposed - Threshold: 25% exposure, but not based on RSA
# Column 2: Amino acid
# Column 3: Sequence name
# Column 4: Amino acid number
# Column 5: Relative Surface Accessibility - RSA
# Column 6: Absolute Surface Accessibility
# Column 7: Not used
# Column 8: Probability for Alpha-Helix
# Column 9: Probability for Beta-strand
# Column 10: Probability for Coil
E C  2QYFD                  1    0.682  95.693   0.000   0.000   0.035   0.965
B V  2QYFD                  2    0.214  32.937   0.000   0.000   0.442   0.558
E P  2QYFD                  3    0.501  71.129   0.000   0.000   0.616   0.384
B V  2QYFD                  4    0.110  16.888   0.000   0.000   0.910   0.090
E V  2QYFD                  5    0.443  68.128   0.000   0.000   0.882   0.118
B F  2QYFD                  6    0.078  15.717   0.000   0.000   0.603   0.397
E P  2QYFD                  7    0.589  83.592   0.000   0.000   0.142   0.858
E G  2QYFD                  8    0.348  27.390   0.000   0.000   0.264   0.736
E P  2QYFD                  9    0.497  70.580   0.000   0.001   0.152   0.847
B V  2QYFD                 10    0.064   9.815   0.000   0.003   0.409   0.588
E S  2QYFD                 11    0.338  39.571   0.000   0.005   0.077   0.918
E Q  2QYFD                 12    0.432  77.133   0.000   0.973   0.000   0.027
E E  2QYFD                 13    0.558  97.432   0.000   0.979   0.000   0.021
B G  2QYFD                 14    0.055   4.341   0.000   0.992   0.000   0.008
B C  2QYFD                 15    0.028   3.920   0.000   0.994   0.000   0.006
B C  2QYFD                 16    0.104  14.534   0.000   0.997   0.000   0.003
E Q  2QYFD                 17    0.388  69.306   0.000   0.998   0.000   0.001
B F  2QYFD                 18    0.022   4.338   0.000   0.999   0.000   0.001
B T  2QYFD                 19    0.027   3.725   0.000   0.999   0.000   0.001
B C  2QYFD                 20    0.143  20.059   0.000   1.000   0.000   0.000
E E  2QYFD                 21    0.265  46.294   0.000   0.999   0.000   0.001
B L  2QYFD                 22    0.009   1.711   0.000   0.999   0.000   0.001
B L  2QYFD                 23    0.038   6.941   0.000   0.999   0.000   0.001
E K  2QYFD                 24    0.414  85.228   0.000   0.997   0.000   0.003
B H  2QYFD                 25    0.164  29.881   0.000   0.993   0.000   0.007
B I  2QYFD                 26    0.019   3.564   0.000   0.993   0.000   0.007
E Y  2QYFD                 27    0.277  59.265   0.000   0.982   0.000   0.017
E Q  2QYFD                 28    0.555  99.122   0.000   0.888   0.000   0.112
E R  2QYFD                 29    0.331  75.738   0.000   0.203   0.001   0.796
E Q  2QYFD                 30    0.481  85.823   0.000   0.015   0.001   0.984
B Q  2QYFD                 31    0.191  34.053   0.000   0.016   0.077   0.907
B L  2QYFD                 32    0.070  12.830   0.000   0.006   0.221   0.773
B P  2QYFD                 33    0.127  18.074   0.000   0.008   0.230   0.762
B L  2QYFD                 34    0.166  30.404   0.000   0.120   0.241   0.639
B P  2QYFD                 35    0.149  21.155   0.000   0.155   0.240   0.604
B Y  2QYFD                 36    0.160  34.124   0.000   0.934   0.002   0.064
E E  2QYFD                 37    0.619 108.212   0.000   0.965   0.000   0.035
E Q  2QYFD                 38    0.434  77.449   0.000   0.950   0.001   0.049
B L  2QYFD                 39    0.049   9.034   0.000   0.864   0.001   0.136
E K  2QYFD                 40    0.514 105.648   0.000   0.509   0.004   0.487
E H  2QYFD                 41    0.796 144.741   0.000   0.302   0.001   0.697
E V  2QYFD                 42    0.337  51.830   0.000   0.125   0.003   0.872
E S  2QYFD                 43    0.475  55.690   0.000   0.047   0.003   0.950
E S  2QYFD                 44    0.545  63.896   0.000   0.195   0.002   0.803
E R  2QYFD                 45    0.741 169.616   0.000   0.899   0.001   0.101
E K  2QYFD                 46    0.538 110.644   0.000   0.939   0.001   0.060
B C  2QYFD                 47    0.092  12.892   0.000   0.973   0.001   0.026
E Q  2QYFD                 48    0.547  97.623   0.000   0.996   0.000   0.004
E Q  2QYFD                 49    0.609 108.810   0.000   0.998   0.000   0.002
B A  2QYFD                 50    0.078   8.630   0.000   0.999   0.000   0.001
B L  2QYFD                 51    0.159  29.066   0.000   0.997   0.000   0.003
E A  2QYFD                 52    0.480  52.878   0.000   0.996   0.000   0.004
E E  2QYFD                 53    0.462  80.671   0.000   0.993   0.000   0.007
B L  2QYFD                 54    0.068  12.414   0.000   0.996   0.000   0.004
E E  2QYFD                 55    0.503  87.834   0.000   0.998   0.000   0.002
E S  2QYFD                 56    0.518  60.707   0.000   0.996   0.000   0.004
B V  2QYFD                 57    0.102  15.628   0.000   0.997   0.000   0.003
B L  2QYFD                 58    0.095  17.422   0.000   0.992   0.000   0.008
E S  2QYFD                 59    0.526  61.599   0.000   0.951   0.000   0.049
E H  2QYFD                 60    0.381  69.350   0.000   0.822   0.001   0.178
B L  2QYFD                 61    0.021   3.787   0.000   0.980   0.000   0.020
E E  2QYFD                 62    0.447  78.017   0.000   0.989   0.000   0.011
E D  2QYFD                 63    0.648  93.351   0.000   0.984   0.000   0.016
B F  2QYFD                 64    0.132  26.424   0.000   0.984   0.000   0.016
B F  2QYFD                 65    0.038   7.540   0.000   0.905   0.001   0.095
E A  2QYFD                 66    0.572  63.076   0.000   0.662   0.001   0.338
E R  2QYFD                 67    0.683 156.461   0.000   0.491   0.001   0.508
E T  2QYFD                 68    0.299  41.428   0.000   0.132   0.005   0.863
E L  2QYFD                 69    0.520  95.280   0.000   0.005   0.007   0.989
B V  2QYFD                 70    0.058   8.901   0.000   0.001   0.027   0.972
E P  2QYFD                 71    0.374  53.014   0.000   0.000   0.010   0.990
B R  2QYFD                 72    0.246  56.369   0.000   0.001   0.957   0.043
B V  2QYFD                 73    0.008   1.303   0.000   0.000   0.997   0.003
B L  2QYFD                 74    0.030   5.543   0.000   0.001   0.998   0.001
B I  2QYFD                 75    0.007   1.283   0.000   0.000   0.999   0.001
B L  2QYFD                 76    0.037   6.804   0.000   0.000   0.993   0.007
B L  2QYFD                 77    0.033   6.001   0.000   0.001   0.927   0.072
B G  2QYFD                 78    0.136  10.719   0.000   0.006   0.295   0.699
E G  2QYFD                 79    0.393  30.910   0.000   0.014   0.074   0.911
E N  2QYFD                 80    0.442  64.636   0.000   0.014   0.133   0.853
E A  2QYFD                 81    0.362  39.887   0.000   0.025   0.034   0.940
E L  2QYFD                 82    0.397  72.722   0.000   0.065   0.083   0.853
E S  2QYFD                 83    0.355  41.592   0.000   0.007   0.205   0.788
B P  2QYFD                 84    0.120  16.979   0.000   0.001   0.192   0.807
E K  2QYFD                 85    0.362  74.466   0.000   0.001   0.410   0.589
B E  2QYFD                 86    0.200  34.905   0.000   0.001   0.958   0.041
B F  2QYFD                 87    0.080  16.075   0.000   0.000   0.993   0.007
B Y  2QYFD                 88    0.062  13.288   0.000   0.000   0.999   0.001
E E  2QYFD                 89    0.278  48.483   0.000   0.000   0.999   0.001
B L  2QYFD                 90    0.018   3.365   0.000   0.000   0.996   0.004
E D  2QYFD                 91    0.369  53.193   0.000   0.000   0.968   0.032
B L  2QYFD                 92    0.027   4.881   0.000   0.177   0.137   0.686
E S  2QYFD                 93    0.532  62.293   0.000   0.477   0.044   0.479
E L  2QYFD                 94    0.524  95.987   0.000   0.536   0.013   0.451
B L  2QYFD                 95    0.222  40.683   0.000   0.367   0.027   0.606
E A  2QYFD                 96    0.503  55.448   0.000   0.155   0.048   0.797
E L  2QYFD                 97    0.443  81.181   0.000   0.114   0.024   0.862
E S  2QYFD                 98    0.678  79.462   0.000   0.099   0.004   0.897
E T  2QYFD                 99    0.354  49.155   0.000   0.485   0.002   0.513
E A  2QYFD                100    0.413  45.497   0.000   0.880   0.001   0.120
E A  2QYFD                101    0.448  49.421   0.000   0.955   0.001   0.044
B C  2QYFD                102    0.116  16.260   0.000   0.979   0.001   0.020
B L  2QYFD                103    0.110  20.231   0.000   0.992   0.001   0.008
E R  2QYFD                104    0.416  95.272   0.000   0.998   0.000   0.002
E R  2QYFD                105    0.498 114.096   0.000   0.998   0.000   0.002
B L  2QYFD                106    0.069  12.675   0.000   0.999   0.000   0.001
B F  2QYFD                107    0.090  18.028   0.000   0.996   0.000   0.003
E R  2QYFD                108    0.440 100.758   0.000   0.997   0.000   0.003
E A  2QYFD                109    0.301  33.136   0.000   0.983   0.000   0.017
B I  2QYFD                110    0.079  14.647   0.000   0.932   0.002   0.067
B F  2QYFD                111    0.123  24.664   0.000   0.676   0.009   0.315
E A  2QYFD                112    0.374  41.198   0.000   0.700   0.005   0.296
E D  2QYFD                113    0.542  78.083   0.000   0.664   0.005   0.331
B A  2QYFD                114    0.169  18.618   0.000   0.718   0.004   0.279
B F  2QYFD                115    0.135  27.147   0.000   0.538   0.016   0.446
E S  2QYFD                116    0.394  46.142   0.000   0.407   0.048   0.545
E E  2QYFD                117    0.691 120.732   0.000   0.278   0.042   0.680
E L  2QYFD                118    0.429  78.612   0.000   0.189   0.050   0.761
E Q  2QYFD                119    0.559  99.799   0.000   0.136   0.060   0.804
E A  2QYFD                120    0.456  50.293   0.000   0.006   0.017   0.977
E P  2QYFD                121    0.379  53.833   0.000   0.004   0.004   0.993
E P  2QYFD                122    0.395  56.035   0.000   0.006   0.025   0.970
E L  2QYFD                123    0.310  56.728   0.000   0.020   0.290   0.690
B G  2QYFD                124    0.240  18.888   0.000   0.014   0.283   0.702
B T  2QYFD                125    0.170  23.514   0.000   0.001   0.898   0.100
B V  2QYFD                126    0.042   6.497   0.000   0.002   0.987   0.011
B V  2QYFD                127    0.078  11.990   0.000   0.001   0.995   0.004
B A  2QYFD                128    0.013   1.395   0.000   0.001   0.995   0.005
E Q  2QYFD                129    0.276  49.267   0.000   0.001   0.958   0.041
B G  2QYFD                130    0.075   5.930   0.000   0.001   0.721   0.278
E H  2QYFD                131    0.388  70.614   0.000   0.011   0.397   0.592
E R  2QYFD                132    0.493 112.927   0.000   0.123   0.026   0.851
E N  2QYFD                133    0.749 109.631   0.000   0.143   0.024   0.833
B C  2QYFD                134    0.166  23.243   0.000   0.157   0.023   0.820
E G  2QYFD                135    0.370  29.091   0.000   0.078   0.029   0.893
E E  2QYFD                136    0.594 103.730   0.000   0.707   0.009   0.284
E D  2QYFD                137    0.731 105.349   0.000   0.759   0.008   0.233
B W  2QYFD                138    0.222  53.360   0.000   0.713   0.012   0.275
B F  2QYFD                139    0.042   8.358   0.000   0.064   0.604   0.332
E R  2QYFD                140    0.476 109.048   0.000   0.004   0.662   0.334
B P  2QYFD                141    0.239  33.969   0.000   0.002   0.713   0.285
E K  2QYFD                142    0.343  70.489   0.000   0.007   0.065   0.928
E L  2QYFD                143    0.693 126.914   0.000   0.045   0.018   0.938
E N  2QYFD                144    0.781 114.329   0.000   0.053   0.012   0.935
B Y  2QYFD                145    0.167  35.761   0.000   0.056   0.063   0.881
E R  2QYFD                146    0.643 147.179   0.000   0.002   0.204   0.793
B V  2QYFD                147    0.211  32.408   0.000   0.001   0.034   0.966
E P  2QYFD                148    0.281  39.874   0.000   0.004   0.027   0.969
E S  2QYFD                149    0.694  81.337   0.000   0.019   0.031   0.950
E R  2QYFD                150    0.659 150.907   0.000   0.027   0.110   0.863
E G  2QYFD                151    0.511  40.186   0.000   0.012   0.099   0.888
E H  2QYFD                152    0.497  90.366   0.000   0.005   0.316   0.679
E K  2QYFD                153    0.558 114.860   0.000   0.002   0.565   0.433
B L  2QYFD                154    0.093  17.056   0.000   0.001   0.927   0.073
E T  2QYFD                155    0.322  44.695   0.000   0.000   0.983   0.017
B V  2QYFD                156    0.017   2.583   0.000   0.000   0.990   0.010
E T  2QYFD                157    0.300  41.550   0.000   0.000   0.986   0.013
B L  2QYFD                158    0.023   4.273   0.000   0.001   0.959   0.040
E S  2QYFD                159    0.276  32.388   0.000   0.001   0.921   0.078
B C  2QYFD                160    0.152  21.355   0.000   0.009   0.463   0.529
E G  2QYFD                161    0.628  49.445   0.000   0.005   0.054   0.940
E R  2QYFD                162    0.630 144.232   0.000   0.002   0.017   0.981
E P  2QYFD                163    0.620  88.023   0.000   0.116   0.020   0.865
E S  2QYFD                164    0.616  72.161   0.000   0.114   0.046   0.840
E I  2QYFD                165    0.369  68.342   0.000   0.118   0.082   0.800
E R  2QYFD                166    0.619 141.757   0.000   0.107   0.106   0.788
E T  2QYFD                167    0.665  92.286   0.000   0.083   0.134   0.783
E T  2QYFD                168    0.356  49.337   0.000   0.053   0.095   0.852
E A  2QYFD                169    0.478  52.702   0.000   0.082   0.066   0.851
E W  2QYFD                170    0.455 109.525   0.000   0.441   0.039   0.521
E E  2QYFD                171    0.635 110.955   0.000   0.456   0.064   0.480
E D  2QYFD                172    0.444  63.992   0.000   0.452   0.084   0.465
E Y  2QYFD                173    0.251  53.698   0.000   0.019   0.623   0.358
B I  2QYFD                174    0.157  29.009   0.000   0.005   0.893   0.103
B W  2QYFD                175    0.145  34.895   0.000   0.003   0.948   0.049
B F  2QYFD                176    0.077  15.459   0.000   0.002   0.987   0.011
B Q  2QYFD                177    0.245  43.748   0.000   0.005   0.948   0.047
B A  2QYFD                178    0.049   5.372   0.000   0.001   0.506   0.493
E P  2QYFD                179    0.455  64.565   0.000   0.004   0.282   0.714
B V  2QYFD                180    0.244  37.558   0.000   0.008   0.565   0.426
E T  2QYFD                181    0.314  43.518   0.000   0.005   0.859   0.136
B F  2QYFD                182    0.144  28.942   0.000   0.003   0.915   0.082
E K  2QYFD                183    0.484  99.541   0.000   0.008   0.730   0.262
E G  2QYFD                184    0.276  21.728   0.000   0.009   0.319   0.672
E F  2QYFD                185    0.350  70.277   0.000   0.008   0.239   0.753
E R  2QYFD                186    0.806 184.562   0.000   0.000   0.001   0.999
