# For publication of results, please cite:
# ...
# ... Michael Schantz Klausen, Martin Closter Jespersen, Henrik Nielsen, Kamilla Kjærgaard Jensen, 
# ... Vanessa Isabell Jurtz, Casper Kaae Sønderby, Morten Otto Alexander Sommer, Ole Winther, 
# ... Morten Nielsen, Bent Petersen, and Paolo Marcatili. 
# ... NetSurfP-2.0: Improved prediction of protein structural features by integrated deep learning.
# ... Proteins: Structure, Function, and Bioinformatics (Feb. 2019).
# ... https://doi.org/10.1002/prot.25674
# ...
#
# Column 1: Class assignment - B for buried or E for Exposed - Threshold: 25% exposure, but not based on RSA
# Column 2: Amino acid
# Column 3: Sequence name
# Column 4: Amino acid number
# Column 5: Relative Surface Accessibility - RSA
# Column 6: Absolute Surface Accessibility
# Column 7: Not used
# Column 8: Probability for Alpha-Helix
# Column 9: Probability for Beta-strand
# Column 10: Probability for Coil
E G  4IZJC                  1    0.920  72.377   0.000   0.000   0.000   1.000
E R  4IZJC                  2    0.694 158.945   0.000   0.114   0.102   0.784
E F  4IZJC                  3    0.375  75.216   0.000   0.206   0.091   0.703
E S  4IZJC                  4    0.498  58.359   0.000   0.255   0.132   0.612
E R  4IZJC                  5    0.526 120.473   0.000   0.377   0.229   0.394
E N  4IZJC                  6    0.500  73.165   0.000   0.400   0.162   0.439
B L  4IZJC                  7    0.123  22.470   0.000   0.892   0.008   0.100
E K  4IZJC                  8    0.489 100.516   0.000   0.914   0.006   0.081
E D  4IZJC                  9    0.539  77.682   0.000   0.901   0.007   0.092
E R  4IZJC                 10    0.263  60.269   0.000   0.868   0.012   0.120
B L  4IZJC                 11    0.210  38.388   0.000   0.785   0.028   0.187
E E  4IZJC                 12    0.668 116.782   0.000   0.629   0.027   0.344
E S  4IZJC                 13    0.376  44.015   0.000   0.200   0.024   0.776
E N  4IZJC                 14    0.663  97.107   0.000   0.170   0.009   0.821
E N  4IZJC                 15    0.497  72.719   0.000   0.195   0.025   0.780
B Y  4IZJC                 16    0.225  48.091   0.000   0.491   0.086   0.422
E E  4IZJC                 17    0.615 107.413   0.000   0.370   0.230   0.400
E E  4IZJC                 18    0.668 116.730   0.000   0.391   0.203   0.406
B M  4IZJC                 19    0.245  49.021   0.000   0.133   0.182   0.686
E E  4IZJC                 20    0.730 127.469   0.000   0.042   0.251   0.706
B L  4IZJC                 21    0.231  42.228   0.000   0.003   0.154   0.844
E P  4IZJC                 22    0.461  65.421   0.000   0.000   0.016   0.983
E P  4IZJC                 23    0.485  68.777   0.000   0.002   0.005   0.993
E P  4IZJC                 24    0.254  35.986   0.000   0.008   0.019   0.973
E T  4IZJC                 25    0.584  80.959   0.000   0.011   0.061   0.928
E K  4IZJC                 26    0.482  99.133   0.000   0.009   0.236   0.755
B G  4IZJC                 27    0.071   5.614   0.000   0.001   0.698   0.301
B V  4IZJC                 28    0.065  10.000   0.000   0.001   0.931   0.068
B I  4IZJC                 29    0.063  11.712   0.000   0.000   0.982   0.018
B I  4IZJC                 30    0.035   6.466   0.000   0.000   0.966   0.034
B P  4IZJC                 31    0.084  11.941   0.000   0.000   0.883   0.117
B V  4IZJC                 32    0.048   7.424   0.000   0.001   0.931   0.067
B V  4IZJC                 33    0.104  16.048   0.000   0.002   0.884   0.114
B H  4IZJC                 34    0.194  35.349   0.000   0.002   0.819   0.179
B T  4IZJC                 35    0.234  32.453   0.000   0.006   0.534   0.460
E V  4IZJC                 36    0.325  49.938   0.000   0.015   0.293   0.692
E E  4IZJC                 37    0.693 121.068   0.000   0.021   0.053   0.926
E S  4IZJC                 38    0.646  75.667   0.000   0.030   0.046   0.923
E A  4IZJC                 39    0.347  38.278   0.000   0.010   0.032   0.957
E P  4IZJC                 40    0.570  80.924   0.000   0.041   0.012   0.947
E G  4IZJC                 41    0.596  46.906   0.000   0.119   0.018   0.863
E E  4IZJC                 42    0.539  94.220   0.000   0.166   0.142   0.691
E A  4IZJC                 43    0.257  28.287   0.000   0.091   0.296   0.612
B F  4IZJC                 44    0.241  48.417   0.000   0.027   0.412   0.562
B G  4IZJC                 45    0.104   8.214   0.000   0.005   0.489   0.506
B S  4IZJC                 46    0.103  12.059   0.000   0.002   0.889   0.109
B L  4IZJC                 47    0.021   3.882   0.000   0.001   0.977   0.022
B L  4IZJC                 48    0.052   9.470   0.000   0.000   0.996   0.004
B V  4IZJC                 49    0.008   1.272   0.000   0.000   0.998   0.002
B I  4IZJC                 50    0.047   8.754   0.000   0.000   0.995   0.005
B I  4IZJC                 51    0.013   2.319   0.000   0.000   0.955   0.045
B P  4IZJC                 52    0.230  32.658   0.000   0.014   0.666   0.320
B G  4IZJC                 53    0.224  17.667   0.000   0.141   0.109   0.749
E A  4IZJC                 54    0.293  32.285   0.000   0.117   0.041   0.842
B Y  4IZJC                 55    0.158  33.808   0.000   0.570   0.006   0.424
E P  4IZJC                 56    0.436  61.807   0.000   0.885   0.001   0.114
E E  4IZJC                 57    0.746 130.408   0.000   0.787   0.003   0.210
B L  4IZJC                 58    0.187  34.231   0.000   0.758   0.007   0.235
B L  4IZJC                 59    0.145  26.537   0.000   0.038   0.043   0.920
E D  4IZJC                 60    0.448  64.596   0.000   0.002   0.010   0.989
E P  4IZJC                 61    0.605  85.916   0.000   0.132   0.004   0.865
E N  4IZJC                 62    0.801 117.333   0.000   0.110   0.005   0.885
E Q  4IZJC                 63    0.372  66.451   0.000   0.080   0.034   0.886
E Q  4IZJC                 64    0.561 100.265   0.000   0.054   0.178   0.768
B V  4IZJC                 65    0.246  37.744   0.000   0.048   0.468   0.484
E L  4IZJC                 66    0.300  54.890   0.000   0.050   0.501   0.449
B S  4IZJC                 67    0.211  24.770   0.000   0.012   0.699   0.290
E H  4IZJC                 68    0.301  54.737   0.000   0.003   0.926   0.071
B F  4IZJC                 69    0.176  35.296   0.000   0.002   0.971   0.027
E K  4IZJC                 70    0.452  93.039   0.000   0.003   0.913   0.085
E N  4IZJC                 71    0.257  37.587   0.000   0.006   0.181   0.813
E D  4IZJC                 72    0.856 123.396   0.000   0.003   0.005   0.992
E T  4IZJC                 73    0.555  76.973   0.000   0.003   0.002   0.995
B G  4IZJC                 74    0.220  17.351   0.000   0.003   0.125   0.873
B C  4IZJC                 75    0.113  15.892   0.000   0.000   0.433   0.567
B V  4IZJC                 76    0.034   5.241   0.000   0.000   0.992   0.008
B W  4IZJC                 77    0.161  38.652   0.000   0.000   0.994   0.006
B G  4IZJC                 78    0.070   5.542   0.000   0.000   0.956   0.044
B I  4IZJC                 79    0.085  15.780   0.000   0.001   0.940   0.060
B G  4IZJC                 80    0.082   6.442   0.000   0.001   0.806   0.193
E E  4IZJC                 81    0.420  73.396   0.000   0.002   0.549   0.448
E D  4IZJC                 82    0.498  71.783   0.000   0.002   0.350   0.648
B I  4IZJC                 83    0.168  30.990   0.000   0.001   0.605   0.394
E P  4IZJC                 84    0.455  64.545   0.000   0.004   0.656   0.340
B F  4IZJC                 85    0.127  25.490   0.000   0.007   0.495   0.498
E E  4IZJC                 86    0.667 116.516   0.000   0.023   0.292   0.685
E G  4IZJC                 87    0.462  36.379   0.000   0.068   0.082   0.850
E D  4IZJC                 88    0.706 101.693   0.000   0.115   0.025   0.860
E D  4IZJC                 89    0.530  76.374   0.000   0.052   0.073   0.875
B I  4IZJC                 90    0.183  33.891   0.000   0.005   0.578   0.417
B C  4IZJC                 91    0.043   6.094   0.000   0.001   0.840   0.159
B Y  4IZJC                 92    0.066  14.185   0.000   0.000   0.956   0.043
B T  4IZJC                 93    0.024   3.263   0.000   0.000   0.996   0.004
B A  4IZJC                 94    0.022   2.476   0.000   0.000   0.996   0.004
B L  4IZJC                 95    0.022   4.119   0.000   0.000   0.980   0.020
B P  4IZJC                 96    0.053   7.456   0.000   0.000   0.983   0.017
B L  4IZJC                 97    0.021   3.810   0.000   0.010   0.924   0.065
E K  4IZJC                 98    0.397  81.704   0.000   0.048   0.815   0.138
E E  4IZJC                 99    0.359  62.771   0.000   0.011   0.962   0.027
B I  4IZJC                100    0.076  14.031   0.000   0.001   0.982   0.017
E K  4IZJC                101    0.380  78.219   0.000   0.005   0.786   0.209
E K  4IZJC                102    0.536 110.249   0.000   0.017   0.504   0.479
E D  4IZJC                103    0.768 110.684   0.000   0.012   0.125   0.862
E G  4IZJC                104    0.602  47.385   0.000   0.028   0.021   0.951
E N  4IZJC                105    0.548  80.189   0.000   0.020   0.147   0.833
E I  4IZJC                106    0.261  48.327   0.000   0.002   0.936   0.062
B V  4IZJC                107    0.177  27.250   0.000   0.002   0.964   0.034
B V  4IZJC                108    0.169  25.920   0.000   0.001   0.975   0.024
E E  4IZJC                109    0.301  52.609   0.000   0.001   0.987   0.012
E K  4IZJC                110    0.431  88.577   0.000   0.001   0.950   0.049
B V  4IZJC                111    0.191  29.420   0.000   0.005   0.763   0.232
E F  4IZJC                112    0.519 104.230   0.000   0.009   0.563   0.428
B A  4IZJC                113    0.203  22.330   0.000   0.015   0.218   0.767
E G  4IZJC                114    0.273  21.518   0.000   0.014   0.250   0.735
E P  4IZJC                115    0.423  60.011   0.000   0.012   0.213   0.775
B A  4IZJC                116    0.143  15.764   0.000   0.014   0.406   0.580
E M  4IZJC                117    0.358  71.618   0.000   0.014   0.498   0.487
B G  4IZJC                118    0.248  19.487   0.000   0.151   0.075   0.774
E P  4IZJC                119    0.298  42.293   0.000   0.423   0.080   0.497
B S  4IZJC                120    0.079   9.222   0.000   0.550   0.058   0.392
E Q  4IZJC                121    0.253  45.250   0.000   0.947   0.005   0.048
B L  4IZJC                122    0.125  22.899   0.000   0.976   0.004   0.019
B G  4IZJC                123    0.016   1.280   0.000   0.995   0.001   0.004
B L  4IZJC                124    0.025   4.515   0.000   0.996   0.002   0.002
B S  4IZJC                125    0.098  11.500   0.000   0.997   0.001   0.002
B L  4IZJC                126    0.088  16.164   0.000   0.995   0.001   0.004
B L  4IZJC                127    0.031   5.708   0.000   0.991   0.001   0.008
B V  4IZJC                128    0.059   9.086   0.000   0.983   0.002   0.014
E N  4IZJC                129    0.382  55.885   0.000   0.903   0.005   0.092
B D  4IZJC                130    0.197  28.346   0.000   0.867   0.003   0.130
B I  4IZJC                131    0.123  22.764   0.000   0.753   0.009   0.238
E D  4IZJC                132    0.677  97.605   0.000   0.571   0.012   0.416
E K  4IZJC                133    0.646 132.970   0.000   0.169   0.012   0.820
E G  4IZJC                134    0.444  34.907   0.000   0.016   0.020   0.964
B V  4IZJC                135    0.101  15.499   0.000   0.001   0.101   0.898
B P  4IZJC                136    0.188  26.677   0.000   0.000   0.053   0.947
B R  4IZJC                137    0.241  55.135   0.000   0.013   0.558   0.429
B M  4IZJC                138    0.028   5.541   0.000   0.004   0.955   0.041
B V  4IZJC                139    0.027   4.125   0.000   0.001   0.987   0.012
B F  4IZJC                140    0.025   5.110   0.000   0.001   0.983   0.016
B T  4IZJC                141    0.055   7.633   0.000   0.001   0.867   0.131
B G  4IZJC                142    0.076   5.989   0.000   0.010   0.667   0.323
E E  4IZJC                143    0.283  49.468   0.000   0.010   0.794   0.196
B I  4IZJC                144    0.069  12.775   0.000   0.018   0.788   0.194
E A  4IZJC                145    0.251  27.646   0.000   0.038   0.390   0.572
E N  4IZJC                146    0.613  89.702   0.000   0.045   0.190   0.764
E D  4IZJC                147    0.502  72.410   0.000   0.039   0.102   0.859
E E  4IZJC                148    0.604 105.521   0.000   0.127   0.024   0.849
E E  4IZJC                149    0.677 118.209   0.000   0.120   0.047   0.834
E T  4IZJC                150    0.304  42.099   0.000   0.109   0.423   0.468
B I  4IZJC                151    0.122  22.510   0.000   0.002   0.888   0.110
B V  4IZJC                152    0.236  36.343   0.000   0.001   0.965   0.034
E P  4IZJC                153    0.422  59.856   0.000   0.002   0.950   0.048
B I  4IZJC                154    0.088  16.330   0.000   0.018   0.398   0.584
E C  4IZJC                155    0.288  40.368   0.000   0.050   0.247   0.703
B G  4IZJC                156    0.177  13.964   0.000   0.594   0.019   0.387
B V  4IZJC                157    0.161  24.671   0.000   0.913   0.020   0.067
E D  4IZJC                158    0.405  58.414   0.000   0.908   0.009   0.083
B I  4IZJC                159    0.105  19.484   0.000   0.986   0.001   0.013
B K  4IZJC                160    0.079  16.169   0.000   0.997   0.000   0.003
B A  4IZJC                161    0.102  11.277   0.000   0.998   0.000   0.002
B I  4IZJC                162    0.237  43.895   0.000   0.997   0.000   0.003
B A  4IZJC                163    0.039   4.299   0.000   0.996   0.000   0.004
B A  4IZJC                164    0.029   3.143   0.000   0.989   0.000   0.010
E H  4IZJC                165    0.557 101.269   0.000   0.983   0.000   0.017
E E  4IZJC                166    0.631 110.187   0.000   0.926   0.000   0.074
E H  4IZJC                167    0.353  64.188   0.000   0.426   0.000   0.574
E G  4IZJC                168    0.612  48.187   0.000   0.001   0.001   0.998
B L  4IZJC                169    0.066  12.000   0.000   0.000   0.008   0.992
B P  4IZJC                170    0.242  34.361   0.000   0.000   0.023   0.977
B L  4IZJC                171    0.053   9.706   0.000   0.000   0.980   0.020
B V  4IZJC                172    0.040   6.104   0.000   0.000   0.980   0.020
B G  4IZJC                173    0.035   2.727   0.000   0.001   0.835   0.165
B C  4IZJC                174    0.072  10.105   0.000   0.001   0.396   0.602
B Q  4IZJC                175    0.190  33.948   0.000   0.001   0.152   0.847
E P  4IZJC                176    0.432  61.369   0.000   0.016   0.060   0.924
E G  4IZJC                177    0.514  40.423   0.000   0.034   0.030   0.937
B V  4IZJC                178    0.169  25.971   0.000   0.145   0.120   0.735
E D  4IZJC                179    0.654  94.179   0.000   0.173   0.098   0.729
E E  4IZJC                180    0.561  97.984   0.000   0.244   0.309   0.446
B V  4IZJC                181    0.248  38.045   0.000   0.098   0.585   0.317
E V  4IZJC                182    0.314  48.247   0.000   0.081   0.726   0.193
E A  4IZJC                183    0.337  37.090   0.000   0.172   0.587   0.241
E N  4IZJC                184    0.353  51.691   0.000   0.318   0.103   0.578
E T  4IZJC                185    0.492  68.284   0.000   0.618   0.041   0.341
E S  4IZJC                186    0.380  44.484   0.000   0.728   0.021   0.251
B L  4IZJC                187    0.075  13.693   0.000   0.972   0.001   0.026
B A  4IZJC                188    0.114  12.604   0.000   0.988   0.001   0.012
E S  4IZJC                189    0.461  54.013   0.000   0.967   0.001   0.032
E H  4IZJC                190    0.293  53.333   0.000   0.956   0.002   0.042
B L  4IZJC                191    0.091  16.721   0.000   0.874   0.040   0.086
E I  4IZJC                192    0.295  54.611   0.000   0.758   0.112   0.130
E Q  4IZJC                193    0.694 123.939   0.000   0.724   0.068   0.209
E S  4IZJC                194    0.326  38.199   0.000   0.517   0.031   0.452
E G  4IZJC                195    0.339  26.669   0.000   0.060   0.034   0.906
E A  4IZJC                196    0.453  49.939   0.000   0.025   0.166   0.808
E L  4IZJC                197    0.254  46.472   0.000   0.003   0.172   0.825
E P  4IZJC                198    0.459  65.176   0.000   0.016   0.201   0.783
B V  4IZJC                199    0.248  38.125   0.000   0.042   0.421   0.537
E Q  4IZJC                200    0.508  90.767   0.000   0.025   0.517   0.457
E K  4IZJC                201    0.600 123.501   0.000   0.010   0.431   0.559
E A  4IZJC                202    0.859  94.705   0.000   0.000   0.000   1.000
