# For publication of results, please cite:
# ...
# ... Michael Schantz Klausen, Martin Closter Jespersen, Henrik Nielsen, Kamilla Kjærgaard Jensen, 
# ... Vanessa Isabell Jurtz, Casper Kaae Sønderby, Morten Otto Alexander Sommer, Ole Winther, 
# ... Morten Nielsen, Bent Petersen, and Paolo Marcatili. 
# ... NetSurfP-2.0: Improved prediction of protein structural features by integrated deep learning.
# ... Proteins: Structure, Function, and Bioinformatics (Feb. 2019).
# ... https://doi.org/10.1002/prot.25674
# ...
#
# Column 1: Class assignment - B for buried or E for Exposed - Threshold: 25% exposure, but not based on RSA
# Column 2: Amino acid
# Column 3: Sequence name
# Column 4: Amino acid number
# Column 5: Relative Surface Accessibility - RSA
# Column 6: Absolute Surface Accessibility
# Column 7: Not used
# Column 8: Probability for Alpha-Helix
# Column 9: Probability for Beta-strand
# Column 10: Probability for Coil
E M  1N60C                  1    0.720 144.105   0.000   0.000   0.001   0.999
E I  1N60C                  2    0.469  86.817   0.000   0.001   0.038   0.961
E P  1N60C                  3    0.490  69.509   0.000   0.008   0.020   0.973
E G  1N60C                  4    0.653  51.404   0.000   0.015   0.014   0.971
E S  1N60C                  5    0.777  91.019   0.000   0.013   0.025   0.961
E F  1N60C                  6    0.329  65.990   0.000   0.008   0.155   0.837
E D  1N60C                  7    0.666  96.004   0.000   0.008   0.619   0.373
E Y  1N60C                  8    0.364  77.772   0.000   0.002   0.861   0.137
E H  1N60C                  9    0.284  51.722   0.000   0.002   0.856   0.143
E R  1N60C                 10    0.450 103.132   0.000   0.000   0.029   0.970
B P  1N60C                 11    0.023   3.275   0.000   0.000   0.020   0.980
E K  1N60C                 12    0.646 132.809   0.000   0.000   0.002   0.998
E S  1N60C                 13    0.328  38.405   0.000   0.000   0.058   0.942
B I  1N60C                 14    0.099  18.231   0.000   0.995   0.000   0.004
E A  1N60C                 15    0.556  61.296   0.000   0.999   0.000   0.001
E D  1N60C                 16    0.435  62.713   0.000   0.999   0.000   0.001
B A  1N60C                 17    0.002   0.230   0.000   0.999   0.000   0.001
B V  1N60C                 18    0.138  21.198   0.000   0.999   0.000   0.001
E A  1N60C                 19    0.484  53.327   0.000   0.997   0.000   0.003
B L  1N60C                 20    0.072  13.134   0.000   0.997   0.000   0.003
B L  1N60C                 21    0.065  11.864   0.000   0.995   0.000   0.004
E T  1N60C                 22    0.678  94.005   0.000   0.983   0.000   0.017
E K  1N60C                 23    0.704 144.824   0.000   0.951   0.000   0.049
B L  1N60C                 24    0.191  34.950   0.000   0.871   0.000   0.129
E G  1N60C                 25    0.304  23.944   0.000   0.416   0.004   0.580
E E  1N60C                 26    0.886 154.708   0.000   0.421   0.002   0.578
E D  1N60C                 27    0.758 109.231   0.000   0.335   0.003   0.662
B A  1N60C                 28    0.045   4.915   0.000   0.007   0.185   0.808
E R  1N60C                 29    0.400  91.621   0.000   0.001   0.929   0.070
B P  1N60C                 30    0.108  15.325   0.000   0.000   0.970   0.030
B L  1N60C                 31    0.105  19.146   0.000   0.001   0.647   0.352
B A  1N60C                 32    0.081   8.961   0.000   0.006   0.318   0.676
B G  1N60C                 33    0.171  13.451   0.000   0.100   0.158   0.742
B G  1N60C                 34    0.185  14.589   0.000   0.604   0.017   0.379
E H  1N60C                 35    0.426  77.537   0.000   0.664   0.012   0.324
B S  1N60C                 36    0.211  24.715   0.000   0.729   0.005   0.266
B L  1N60C                 37    0.039   7.082   0.000   0.891   0.001   0.108
B I  1N60C                 38    0.172  31.887   0.000   0.994   0.000   0.006
B P  1N60C                 39    0.234  33.250   0.000   0.995   0.000   0.005
B I  1N60C                 40    0.138  25.487   0.000   0.996   0.000   0.004
B M  1N60C                 41    0.180  36.022   0.000   0.984   0.000   0.016
E K  1N60C                 42    0.577 118.619   0.000   0.935   0.001   0.065
E T  1N60C                 43    0.522  72.462   0.000   0.420   0.001   0.579
E R  1N60C                 44    0.670 153.524   0.000   0.087   0.001   0.912
E L  1N60C                 45    0.344  62.988   0.000   0.063   0.006   0.930
E A  1N60C                 46    0.275  30.358   0.000   0.041   0.015   0.944
E T  1N60C                 47    0.473  65.658   0.000   0.003   0.007   0.990
B P  1N60C                 48    0.146  20.654   0.000   0.251   0.015   0.734
E E  1N60C                 49    0.655 114.386   0.000   0.120   0.020   0.861
B H  1N60C                 50    0.246  44.777   0.000   0.048   0.775   0.177
B L  1N60C                 51    0.107  19.671   0.000   0.000   0.989   0.010
B V  1N60C                 52    0.034   5.201   0.000   0.000   0.995   0.005
B D  1N60C                 53    0.092  13.191   0.000   0.000   0.990   0.010
B L  1N60C                 54    0.024   4.430   0.000   0.130   0.012   0.858
E R  1N60C                 55    0.475 108.719   0.000   0.324   0.006   0.671
E D  1N60C                 56    0.589  84.881   0.000   0.283   0.026   0.691
B I  1N60C                 57    0.052   9.652   0.000   0.233   0.021   0.746
E G  1N60C                 58    0.580  45.642   0.000   0.649   0.004   0.347
E D  1N60C                 59    0.668  96.298   0.000   0.716   0.001   0.283
B L  1N60C                 60    0.048   8.811   0.000   0.617   0.008   0.375
E V  1N60C                 61    0.473  72.704   0.000   0.078   0.070   0.852
E G  1N60C                 62    0.389  30.628   0.000   0.025   0.191   0.784
B I  1N60C                 63    0.124  23.022   0.000   0.001   0.763   0.236
E R  1N60C                 64    0.559 127.964   0.000   0.000   0.992   0.008
E E  1N60C                 65    0.539  94.244   0.000   0.000   0.984   0.016
E E  1N60C                 66    0.664 115.935   0.000   0.000   0.875   0.124
E G  1N60C                 67    0.855  67.250   0.000   0.001   0.006   0.993
E T  1N60C                 68    0.679  94.245   0.000   0.000   0.000   0.999
E D  1N60C                 69    0.317  45.612   0.000   0.000   0.886   0.114
B V  1N60C                 70    0.013   1.975   0.000   0.000   0.997   0.003
B V  1N60C                 71    0.165  25.366   0.000   0.000   0.999   0.001
B I  1N60C                 72    0.015   2.701   0.000   0.000   0.994   0.006
B G  1N60C                 73    0.110   8.620   0.000   0.001   0.415   0.583
B A  1N60C                 74    0.080   8.827   0.000   0.001   0.012   0.988
B M  1N60C                 75    0.183  36.625   0.000   0.001   0.011   0.987
B T  1N60C                 76    0.026   3.654   0.000   0.000   0.112   0.888
B T  1N60C                 77    0.201  27.909   0.000   0.000   0.791   0.209
B Q  1N60C                 78    0.110  19.699   0.000   0.989   0.000   0.010
E H  1N60C                 79    0.509  92.614   0.000   0.995   0.000   0.005
E A  1N60C                 80    0.323  35.577   0.000   0.995   0.000   0.005
B L  1N60C                 81    0.014   2.595   0.000   0.980   0.000   0.020
B I  1N60C                 82    0.249  46.088   0.000   0.816   0.000   0.183
E G  1N60C                 83    0.788  62.013   0.000   0.402   0.000   0.598
B S  1N60C                 84    0.149  17.490   0.000   0.004   0.000   0.996
E D  1N60C                 85    0.897 129.320   0.000   0.877   0.000   0.123
E F  1N60C                 86    0.252  50.571   0.000   0.866   0.001   0.133
B L  1N60C                 87    0.020   3.671   0.000   0.963   0.001   0.037
E A  1N60C                 88    0.436  48.054   0.000   0.930   0.000   0.070
E A  1N60C                 89    0.729  80.282   0.000   0.703   0.000   0.297
E K  1N60C                 90    0.400  82.265   0.000   0.615   0.000   0.384
B L  1N60C                 91    0.060  10.999   0.000   0.061   0.001   0.938
E P  1N60C                 92    0.451  64.045   0.000   0.941   0.000   0.059
B I  1N60C                 93    0.118  21.756   0.000   0.977   0.001   0.022
B I  1N60C                 94    0.018   3.289   0.000   0.997   0.000   0.003
E R  1N60C                 95    0.316  72.444   0.000   0.998   0.000   0.001
E E  1N60C                 96    0.497  86.743   0.000   0.996   0.000   0.003
B T  1N60C                 97    0.039   5.457   0.000   0.992   0.000   0.008
B S  1N60C                 98    0.033   3.887   0.000   0.973   0.000   0.027
E L  1N60C                 99    0.375  68.649   0.000   0.843   0.001   0.156
E L  1N60C                100    0.362  66.263   0.000   0.658   0.001   0.341
B I  1N60C                101    0.095  17.498   0.000   0.419   0.006   0.575
B A  1N60C                102    0.085   9.331   0.000   0.038   0.015   0.947
E D  1N60C                103    0.312  44.949   0.000   0.003   0.004   0.993
E P  1N60C                104    0.417  59.175   0.000   0.978   0.001   0.022
E Q  1N60C                105    0.575 102.615   0.000   0.993   0.000   0.006
B I  1N60C                106    0.073  13.516   0.000   0.995   0.000   0.005
B R  1N60C                107    0.175  40.133   0.000   0.986   0.001   0.013
E Y  1N60C                108    0.472 100.774   0.000   0.879   0.004   0.117
E M  1N60C                109    0.290  58.097   0.000   0.655   0.010   0.335
B G  1N60C                110    0.039   3.103   0.000   0.177   0.037   0.787
B T  1N60C                111    0.094  13.105   0.000   0.105   0.281   0.614
B I  1N60C                112    0.099  18.374   0.000   0.969   0.003   0.028
B G  1N60C                113    0.045   3.545   0.000   0.995   0.000   0.005
B G  1N60C                114    0.083   6.561   0.000   0.997   0.000   0.003
B N  1N60C                115    0.081  11.786   0.000   0.996   0.000   0.004
B A  1N60C                116    0.035   3.861   0.000   0.988   0.001   0.011
B A  1N60C                117    0.029   3.160   0.000   0.901   0.003   0.096
B N  1N60C                118    0.201  29.407   0.000   0.409   0.007   0.584
B G  1N60C                119    0.107   8.406   0.000   0.017   0.004   0.980
B D  1N60C                120    0.222  31.993   0.000   0.001   0.006   0.993
B P  1N60C                121    0.147  20.808   0.000   0.297   0.004   0.699
B G  1N60C                122    0.078   6.113   0.000   0.500   0.004   0.496
B N  1N60C                123    0.084  12.287   0.000   0.408   0.005   0.587
B D  1N60C                124    0.046   6.678   0.000   0.593   0.002   0.404
B M  1N60C                125    0.023   4.635   0.000   0.978   0.000   0.022
B P  1N60C                126    0.010   1.372   0.000   0.995   0.000   0.005
B A  1N60C                127    0.010   1.065   0.000   0.998   0.000   0.002
B L  1N60C                128    0.008   1.549   0.000   0.999   0.000   0.001
B M  1N60C                129    0.005   1.052   0.000   1.000   0.000   0.000
B Q  1N60C                130    0.096  17.169   0.000   0.999   0.000   0.001
B C  1N60C                131    0.045   6.288   0.000   0.974   0.000   0.026
B L  1N60C                132    0.065  11.888   0.000   0.275   0.000   0.724
E G  1N60C                133    0.397  31.247   0.000   0.003   0.001   0.997
B A  1N60C                134    0.025   2.710   0.000   0.000   0.017   0.983
B A  1N60C                135    0.236  26.004   0.000   0.000   0.974   0.026
B Y  1N60C                136    0.038   8.149   0.000   0.000   0.995   0.005
E E  1N60C                137    0.297  51.887   0.000   0.000   0.997   0.003
B L  1N60C                138    0.041   7.446   0.000   0.000   0.988   0.012
B T  1N60C                139    0.186  25.755   0.000   0.000   0.970   0.030
B G  1N60C                140    0.115   9.056   0.000   0.001   0.451   0.549
E P  1N60C                141    0.500  70.954   0.000   0.019   0.012   0.969
E E  1N60C                142    0.792 138.347   0.000   0.011   0.007   0.981
E G  1N60C                143    0.416  32.757   0.000   0.011   0.794   0.195
E A  1N60C                144    0.522  57.477   0.000   0.000   0.778   0.221
E R  1N60C                145    0.429  98.316   0.000   0.000   0.991   0.009
E I  1N60C                146    0.520  96.232   0.000   0.000   0.996   0.004
B V  1N60C                147    0.096  14.730   0.000   0.000   0.989   0.011
E A  1N60C                148    0.267  29.443   0.000   0.000   0.968   0.032
B A  1N60C                149    0.023   2.547   0.000   0.968   0.000   0.032
E R  1N60C                150    0.490 112.161   0.000   0.987   0.000   0.013
E D  1N60C                151    0.578  83.302   0.000   0.986   0.000   0.013
B Y  1N60C                152    0.092  19.666   0.000   0.923   0.002   0.075
B Y  1N60C                153    0.111  23.803   0.000   0.149   0.544   0.307
E Q  1N60C                154    0.470  83.945   0.000   0.044   0.470   0.486
E G  1N60C                155    0.370  29.091   0.000   0.035   0.344   0.622
E A  1N60C                156    0.468  51.615   0.000   0.063   0.171   0.765
E Y  1N60C                157    0.391  83.467   0.000   0.031   0.245   0.724
E F  1N60C                158    0.524 105.075   0.000   0.025   0.472   0.503
B T  1N60C                159    0.142  19.742   0.000   0.011   0.214   0.774
E A  1N60C                160    0.255  28.147   0.000   0.005   0.022   0.973
B I  1N60C                161    0.088  16.324   0.000   0.001   0.016   0.983
E E  1N60C                162    0.613 107.091   0.000   0.000   0.002   0.998
E P  1N60C                163    0.605  85.856   0.000   0.001   0.002   0.997
E G  1N60C                164    0.384  30.223   0.000   0.001   0.002   0.997
B E  1N60C                165    0.218  38.030   0.000   0.003   0.193   0.804
B L  1N60C                166    0.071  12.922   0.000   0.001   0.871   0.128
B L  1N60C                167    0.013   2.455   0.000   0.000   0.987   0.013
B T  1N60C                168    0.169  23.506   0.000   0.000   0.987   0.012
B A  1N60C                169    0.101  11.083   0.000   0.000   0.998   0.002
B I  1N60C                170    0.035   6.447   0.000   0.000   0.999   0.001
E R  1N60C                171    0.367  84.095   0.000   0.000   0.997   0.003
B I  1N60C                172    0.033   6.056   0.000   0.000   0.896   0.104
B P  1N60C                173    0.249  35.270   0.000   0.000   0.469   0.531
E V  1N60C                174    0.313  48.072   0.000   0.000   0.039   0.961
B P  1N60C                175    0.151  21.482   0.000   0.001   0.004   0.995
E P  1N60C                176    0.487  69.128   0.000   0.008   0.010   0.983
E T  1N60C                177    0.740 102.583   0.000   0.012   0.011   0.977
E G  1N60C                178    0.537  42.223   0.000   0.008   0.020   0.971
E H  1N60C                179    0.253  46.004   0.000   0.004   0.523   0.473
B G  1N60C                180    0.130  10.227   0.000   0.002   0.769   0.229
B Y  1N60C                181    0.172  36.682   0.000   0.001   0.939   0.060
B A  1N60C                182    0.061   6.712   0.000   0.001   0.965   0.034
B Y  1N60C                183    0.118  25.247   0.000   0.000   0.984   0.016
E E  1N60C                184    0.263  46.002   0.000   0.000   0.994   0.005
E K  1N60C                185    0.331  67.990   0.000   0.001   0.967   0.032
B L  1N60C                186    0.185  33.806   0.000   0.002   0.523   0.475
E K  1N60C                187    0.545 112.096   0.000   0.003   0.268   0.729
E R  1N60C                188    0.271  62.081   0.000   0.001   0.149   0.850
E K  1N60C                189    0.564 116.109   0.000   0.003   0.077   0.920
E I  1N60C                190    0.639 118.305   0.000   0.012   0.008   0.980
E G  1N60C                191    0.583  45.910   0.000   0.009   0.008   0.984
B D  1N60C                192    0.202  29.054   0.000   0.005   0.077   0.918
E Y  1N60C                193    0.402  85.863   0.000   0.001   0.442   0.557
B A  1N60C                194    0.055   6.109   0.000   0.000   0.637   0.363
B T  1N60C                195    0.156  21.663   0.000   0.000   0.919   0.080
B A  1N60C                196    0.023   2.503   0.000   0.000   0.978   0.022
B A  1N60C                197    0.060   6.619   0.000   0.000   0.992   0.008
B A  1N60C                198    0.010   1.135   0.000   0.000   0.998   0.002
B A  1N60C                199    0.037   4.037   0.000   0.000   0.999   0.001
B V  1N60C                200    0.007   1.047   0.000   0.000   1.000   0.000
B V  1N60C                201    0.070  10.704   0.000   0.000   0.999   0.001
B L  1N60C                202    0.023   4.164   0.000   0.000   0.998   0.002
B T  1N60C                203    0.248  34.340   0.000   0.000   0.997   0.003
B M  1N60C                204    0.154  30.843   0.000   0.000   0.986   0.014
E S  1N60C                205    0.510  59.825   0.000   0.003   0.937   0.060
E G  1N60C                206    0.913  71.847   0.000   0.011   0.002   0.987
E G  1N60C                207    0.615  48.405   0.000   0.014   0.001   0.985
E K  1N60C                208    0.513 105.459   0.000   0.000   0.945   0.054
B C  1N60C                209    0.051   7.095   0.000   0.000   0.994   0.006
E V  1N60C                210    0.314  48.210   0.000   0.000   0.996   0.004
E T  1N60C                211    0.313  43.383   0.000   0.000   0.997   0.003
B A  1N60C                212    0.028   3.082   0.000   0.000   0.994   0.006
B S  1N60C                213    0.139  16.234   0.000   0.000   0.998   0.002
B I  1N60C                214    0.010   1.798   0.000   0.000   0.999   0.001
B G  1N60C                215    0.009   0.722   0.000   0.000   0.996   0.004
B L  1N60C                216    0.010   1.838   0.000   0.000   0.982   0.017
B T  1N60C                217    0.055   7.597   0.000   0.001   0.772   0.227
B N  1N60C                218    0.077  11.269   0.000   0.001   0.576   0.423
B V  1N60C                219    0.065  10.035   0.000   0.001   0.323   0.676
B A  1N60C                220    0.058   6.346   0.000   0.002   0.225   0.773
E N  1N60C                221    0.326  47.737   0.000   0.000   0.039   0.961
B T  1N60C                222    0.243  33.662   0.000   0.000   0.239   0.761
B P  1N60C                223    0.082  11.685   0.000   0.000   0.300   0.700
B L  1N60C                224    0.062  11.307   0.000   0.000   0.990   0.010
B W  1N60C                225    0.212  50.877   0.000   0.001   0.983   0.016
B A  1N60C                226    0.011   1.224   0.000   0.631   0.060   0.309
E E  1N60C                227    0.510  89.036   0.000   0.963   0.002   0.035
E E  1N60C                228    0.457  79.833   0.000   0.982   0.001   0.017
B A  1N60C                229    0.009   1.016   0.000   0.991   0.000   0.008
B G  1N60C                230    0.033   2.600   0.000   0.997   0.000   0.003
E K  1N60C                231    0.670 137.878   0.000   0.984   0.000   0.016
E V  1N60C                232    0.256  39.292   0.000   0.963   0.000   0.036
B L  1N60C                233    0.024   4.437   0.000   0.835   0.000   0.164
E V  1N60C                234    0.423  64.967   0.000   0.033   0.005   0.962
E G  1N60C                235    0.695  54.699   0.000   0.002   0.001   0.997
E T  1N60C                236    0.490  67.925   0.000   0.001   0.008   0.991
E A  1N60C                237    0.588  64.773   0.000   0.001   0.461   0.538
B L  1N60C                238    0.105  19.296   0.000   0.003   0.023   0.974
E D  1N60C                239    0.572  82.454   0.000   0.008   0.005   0.987
E K  1N60C                240    0.574 118.114   0.000   0.955   0.000   0.045
E P  1N60C                241    0.588  83.437   0.000   0.953   0.000   0.047
B A  1N60C                242    0.118  12.956   0.000   0.991   0.000   0.009
B L  1N60C                243    0.054   9.953   0.000   0.998   0.000   0.002
E D  1N60C                244    0.536  77.298   0.000   0.999   0.000   0.001
E K  1N60C                245    0.477  98.131   0.000   0.999   0.000   0.001
B A  1N60C                246    0.009   0.984   0.000   0.999   0.000   0.001
B V  1N60C                247    0.086  13.208   0.000   0.999   0.000   0.001
E A  1N60C                248    0.516  56.908   0.000   0.995   0.000   0.004
B L  1N60C                249    0.217  39.804   0.000   0.990   0.000   0.010
B A  1N60C                250    0.017   1.839   0.000   0.980   0.000   0.019
E E  1N60C                251    0.472  82.473   0.000   0.943   0.001   0.057
E A  1N60C                252    0.668  73.595   0.000   0.842   0.001   0.157
E I  1N60C                253    0.260  48.080   0.000   0.754   0.001   0.245
B T  1N60C                254    0.184  25.555   0.000   0.269   0.036   0.695
E A  1N60C                255    0.457  50.398   0.000   0.019   0.075   0.905
E P  1N60C                256    0.409  58.009   0.000   0.046   0.137   0.817
E A  1N60C                257    0.377  41.508   0.000   0.054   0.039   0.907
E S  1N60C                258    0.644  75.471   0.000   0.072   0.029   0.899
E D  1N60C                259    0.462  66.587   0.000   0.073   0.022   0.906
E G  1N60C                260    0.507  39.901   0.000   0.023   0.006   0.971
E R  1N60C                261    0.435  99.721   0.000   0.018   0.012   0.970
B G  1N60C                262    0.161  12.647   0.000   0.026   0.038   0.936
E P  1N60C                263    0.391  55.420   0.000   0.034   0.041   0.925
E A  1N60C                264    0.282  31.053   0.000   0.966   0.000   0.034
E E  1N60C                265    0.621 108.441   0.000   0.988   0.000   0.012
E Y  1N60C                266    0.250  53.523   0.000   0.992   0.000   0.008
B R  1N60C                267    0.140  31.958   0.000   0.994   0.000   0.005
E T  1N60C                268    0.255  35.301   0.000   0.995   0.000   0.005
E K  1N60C                269    0.487 100.230   0.000   0.996   0.000   0.004
B M  1N60C                270    0.141  28.255   0.000   0.996   0.000   0.003
B A  1N60C                271    0.018   2.031   0.000   0.998   0.000   0.002
B G  1N60C                272    0.087   6.858   0.000   0.998   0.000   0.002
E V  1N60C                273    0.256  39.286   0.000   0.998   0.000   0.001
B M  1N60C                274    0.065  13.038   0.000   0.999   0.000   0.001
B L  1N60C                275    0.020   3.666   0.000   0.999   0.000   0.000
E R  1N60C                276    0.336  76.952   0.000   1.000   0.000   0.000
E R  1N60C                277    0.382  87.420   0.000   0.999   0.000   0.001
B A  1N60C                278    0.015   1.693   0.000   0.999   0.000   0.001
B V  1N60C                279    0.038   5.824   0.000   0.998   0.000   0.001
E E  1N60C                280    0.480  83.864   0.000   0.994   0.000   0.006
E R  1N60C                281    0.413  94.498   0.000   0.980   0.000   0.020
B A  1N60C                282    0.031   3.442   0.000   0.974   0.000   0.026
E K  1N60C                283    0.329  67.602   0.000   0.913   0.002   0.085
E A  1N60C                284    0.618  68.113   0.000   0.835   0.001   0.164
E R  1N60C                285    0.490 112.313   0.000   0.709   0.002   0.289
E A  1N60C                286    0.374  41.179   0.000   0.517   0.004   0.479
E K  1N60C                287    0.725 149.148   0.000   0.197   0.011   0.791
E N  1N60C                288    0.956 139.974   0.000   0.001   0.000   0.998
