# For publication of results, please cite:
# ...
# ... Michael Schantz Klausen, Martin Closter Jespersen, Henrik Nielsen, Kamilla Kjærgaard Jensen, 
# ... Vanessa Isabell Jurtz, Casper Kaae Sønderby, Morten Otto Alexander Sommer, Ole Winther, 
# ... Morten Nielsen, Bent Petersen, and Paolo Marcatili. 
# ... NetSurfP-2.0: Improved prediction of protein structural features by integrated deep learning.
# ... Proteins: Structure, Function, and Bioinformatics (Feb. 2019).
# ... https://doi.org/10.1002/prot.25674
# ...
#
# Column 1: Class assignment - B for buried or E for Exposed - Threshold: 25% exposure, but not based on RSA
# Column 2: Amino acid
# Column 3: Sequence name
# Column 4: Amino acid number
# Column 5: Relative Surface Accessibility - RSA
# Column 6: Absolute Surface Accessibility
# Column 7: Not used
# Column 8: Probability for Alpha-Helix
# Column 9: Probability for Beta-strand
# Column 10: Probability for Coil
E M  3QNQA                  1    0.758 151.754   0.000   0.021   0.000   0.979
E I  3QNQA                  2    0.518  95.906   0.000   0.488   0.001   0.511
E R  3QNQA                  3    0.598 136.831   0.000   0.722   0.001   0.277
E F  3QNQA                  4    0.426  85.451   0.000   0.899   0.000   0.101
E L  3QNQA                  5    0.329  60.241   0.000   0.943   0.000   0.057
E E  3QNQA                  6    0.481  84.071   0.000   0.961   0.000   0.039
E K  3QNQA                  7    0.641 131.856   0.000   0.943   0.001   0.057
E Y  3QNQA                  8    0.527 112.526   0.000   0.909   0.001   0.090
E V  3QNQA                  9    0.290  44.580   0.000   0.795   0.002   0.204
E M  3QNQA                 10    0.344  68.786   0.000   0.880   0.001   0.119
E P  3QNQA                 11    0.465  66.050   0.000   0.920   0.001   0.079
E V  3QNQA                 12    0.381  58.605   0.000   0.909   0.001   0.090
B A  3QNQA                 13    0.191  21.047   0.000   0.941   0.000   0.059
E G  3QNQA                 14    0.333  26.186   0.000   0.890   0.002   0.109
E K  3QNQA                 15    0.504 103.672   0.000   0.894   0.001   0.105
B V  3QNQA                 16    0.220  33.785   0.000   0.860   0.002   0.138
E A  3QNQA                 17    0.288  31.780   0.000   0.704   0.001   0.294
E E  3QNQA                 18    0.677 118.293   0.000   0.324   0.001   0.675
E Q  3QNQA                 19    0.347  61.944   0.000   0.070   0.002   0.927
E R  3QNQA                 20    0.549 125.731   0.000   0.904   0.001   0.095
B H  3QNQA                 21    0.244  44.359   0.000   0.967   0.001   0.033
B L  3QNQA                 22    0.147  26.913   0.000   0.990   0.001   0.010
E L  3QNQA                 23    0.322  58.962   0.000   0.994   0.000   0.006
B A  3QNQA                 24    0.141  15.504   0.000   0.993   0.000   0.007
B I  3QNQA                 25    0.137  25.402   0.000   0.991   0.000   0.009
E R  3QNQA                 26    0.260  59.610   0.000   0.987   0.000   0.013
E D  3QNQA                 27    0.352  50.744   0.000   0.969   0.000   0.031
B G  3QNQA                 28    0.078   6.166   0.000   0.951   0.000   0.048
B L  3QNQA                 29    0.086  15.781   0.000   0.900   0.000   0.100
B V  3QNQA                 30    0.209  32.112   0.000   0.917   0.000   0.083
E L  3QNQA                 31    0.282  51.724   0.000   0.797   0.001   0.202
B T  3QNQA                 32    0.067   9.312   0.000   0.897   0.000   0.103
B M  3QNQA                 33    0.090  18.068   0.000   0.988   0.000   0.012
E P  3QNQA                 34    0.258  36.597   0.000   0.996   0.000   0.004
E F  3QNQA                 35    0.279  55.982   0.000   0.997   0.000   0.003
B L  3QNQA                 36    0.046   8.382   0.000   0.999   0.000   0.001
B I  3QNQA                 37    0.144  26.684   0.000   0.999   0.000   0.001
E I  3QNQA                 38    0.366  67.740   0.000   0.998   0.000   0.002
B G  3QNQA                 39    0.043   3.401   0.000   0.999   0.000   0.001
B S  3QNQA                 40    0.022   2.546   0.000   0.999   0.000   0.001
E I  3QNQA                 41    0.293  54.227   0.000   0.998   0.000   0.002
E F  3QNQA                 42    0.331  66.517   0.000   0.997   0.000   0.003
B L  3QNQA                 43    0.085  15.577   0.000   0.996   0.000   0.004
B I  3QNQA                 44    0.144  26.643   0.000   0.992   0.000   0.008
E I  3QNQA                 45    0.378  70.016   0.000   0.953   0.000   0.046
E S  3QNQA                 46    0.257  30.081   0.000   0.667   0.000   0.333
E T  3QNQA                 47    0.263  36.473   0.000   0.453   0.002   0.545
E L  3QNQA                 48    0.408  74.641   0.000   0.042   0.017   0.941
E P  3QNQA                 49    0.579  82.196   0.000   0.036   0.016   0.948
E I  3QNQA                 50    0.301  55.774   0.000   0.059   0.024   0.917
E P  3QNQA                 51    0.569  80.704   0.000   0.189   0.009   0.802
E G  3QNQA                 52    0.576  45.368   0.000   0.255   0.003   0.743
E Y  3QNQA                 53    0.377  80.540   0.000   0.478   0.008   0.514
E S  3QNQA                 54    0.354  41.542   0.000   0.612   0.004   0.384
E E  3QNQA                 55    0.634 110.824   0.000   0.771   0.003   0.226
E F  3QNQA                 56    0.408  81.862   0.000   0.804   0.005   0.191
B M  3QNQA                 57    0.143  28.633   0.000   0.844   0.001   0.155
E A  3QNQA                 58    0.288  31.782   0.000   0.860   0.002   0.139
E S  3QNQA                 59    0.712  83.496   0.000   0.890   0.001   0.109
E L  3QNQA                 60    0.543  99.487   0.000   0.765   0.002   0.232
E F  3QNQA                 61    0.445  89.382   0.000   0.643   0.001   0.356
E G  3QNQA                 62    0.552  43.444   0.000   0.111   0.004   0.885
E K  3QNQA                 63    0.672 138.329   0.000   0.249   0.009   0.742
E N  3QNQA                 64    0.616  90.144   0.000   0.225   0.012   0.763
E W  3QNQA                 65    0.326  78.350   0.000   0.739   0.004   0.257
E N  3QNQA                 66    0.351  51.372   0.000   0.914   0.001   0.085
E V  3QNQA                 67    0.281  43.168   0.000   0.964   0.001   0.035
B A  3QNQA                 68    0.175  19.262   0.000   0.959   0.001   0.040
B L  3QNQA                 69    0.176  32.160   0.000   0.802   0.003   0.196
B G  3QNQA                 70    0.149  11.739   0.000   0.695   0.002   0.302
B Y  3QNQA                 71    0.204  43.697   0.000   0.885   0.000   0.115
B P  3QNQA                 72    0.190  26.929   0.000   0.903   0.001   0.096
B V  3QNQA                 73    0.095  14.604   0.000   0.961   0.001   0.038
B S  3QNQA                 74    0.066   7.754   0.000   0.970   0.001   0.029
B A  3QNQA                 75    0.051   5.607   0.000   0.954   0.001   0.045
B T  3QNQA                 76    0.105  14.570   0.000   0.884   0.001   0.114
B F  3QNQA                 77    0.077  15.450   0.000   0.828   0.001   0.171
B N  3QNQA                 78    0.058   8.479   0.000   0.832   0.001   0.167
B I  3QNQA                 79    0.108  20.036   0.000   0.861   0.000   0.139
B M  3QNQA                 80    0.176  35.288   0.000   0.978   0.000   0.021
B A  3QNQA                 81    0.016   1.751   0.000   0.998   0.000   0.002
B L  3QNQA                 82    0.058  10.647   0.000   0.998   0.000   0.002
B I  3QNQA                 83    0.204  37.684   0.000   0.998   0.000   0.002
B A  3QNQA                 84    0.133  14.709   0.000   0.998   0.000   0.002
B V  3QNQA                 85    0.012   1.781   0.000   0.998   0.000   0.002
B F  3QNQA                 86    0.121  24.230   0.000   0.997   0.000   0.003
B G  3QNQA                 87    0.132  10.389   0.000   0.996   0.000   0.004
B I  3QNQA                 88    0.110  20.338   0.000   0.995   0.000   0.005
B A  3QNQA                 89    0.005   0.549   0.000   0.998   0.000   0.002
B Y  3QNQA                 90    0.185  39.585   0.000   0.997   0.000   0.003
E R  3QNQA                 91    0.330  75.475   0.000   0.994   0.000   0.006
B L  3QNQA                 92    0.071  12.957   0.000   0.995   0.000   0.005
B G  3QNQA                 93    0.012   0.928   0.000   0.998   0.000   0.002
E E  3QNQA                 94    0.540  94.335   0.000   0.993   0.000   0.007
E Y  3QNQA                 95    0.571 122.051   0.000   0.952   0.000   0.047
E Y  3QNQA                 96    0.422  90.123   0.000   0.307   0.000   0.692
E K  3QNQA                 97    0.836 171.942   0.000   0.002   0.000   0.998
B V  3QNQA                 98    0.128  19.740   0.000   0.002   0.014   0.985
E D  3QNQA                 99    0.485  69.906   0.000   0.002   0.003   0.995
B A  3QNQA                100    0.241  26.535   0.000   0.971   0.000   0.029
E L  3QNQA                101    0.531  97.235   0.000   0.992   0.000   0.008
B A  3QNQA                102    0.167  18.395   0.000   0.996   0.000   0.004
B S  3QNQA                103    0.004   0.516   0.000   0.999   0.000   0.001
B G  3QNQA                104    0.062   4.913   0.000   1.000   0.000   0.000
E A  3QNQA                105    0.370  40.828   0.000   1.000   0.000   0.000
B L  3QNQA                106    0.112  20.528   0.000   0.999   0.000   0.001
B S  3QNQA                107    0.005   0.582   0.000   1.000   0.000   0.000
E L  3QNQA                108    0.287  52.588   0.000   0.999   0.000   0.001
E V  3QNQA                109    0.362  55.704   0.000   0.999   0.000   0.001
B T  3QNQA                110    0.021   2.844   0.000   0.998   0.000   0.002
B F  3QNQA                111    0.069  13.814   0.000   0.997   0.000   0.002
E L  3QNQA                112    0.328  60.039   0.000   0.991   0.000   0.009
E L  3QNQA                113    0.341  62.383   0.000   0.963   0.000   0.037
B A  3QNQA                114    0.044   4.823   0.000   0.829   0.001   0.170
B T  3QNQA                115    0.092  12.799   0.000   0.394   0.006   0.600
E P  3QNQA                116    0.334  47.415   0.000   0.838   0.001   0.160
E F  3QNQA                117    0.325  65.325   0.000   0.893   0.004   0.102
B Q  3QNQA                118    0.119  21.316   0.000   0.923   0.007   0.069
B V  3QNQA                119    0.196  30.086   0.000   0.925   0.013   0.062
E A  3QNQA                120    0.306  33.667   0.000   0.903   0.010   0.088
E Y  3QNQA                121    0.325  69.398   0.000   0.764   0.017   0.220
B I  3QNQA                122    0.176  32.650   0.000   0.573   0.060   0.367
E M  3QNQA                123    0.316  63.172   0.000   0.018   0.058   0.923
E P  3QNQA                124    0.622  88.328   0.000   0.028   0.020   0.952
E G  3QNQA                125    0.819  64.460   0.000   0.011   0.003   0.986
E T  3QNQA                126    0.360  49.890   0.000   0.039   0.025   0.936
E K  3QNQA                127    0.720 148.169   0.000   0.111   0.017   0.872
E E  3QNQA                128    0.660 115.281   0.000   0.176   0.060   0.764
E S  3QNQA                129    0.374  43.804   0.000   0.171   0.161   0.669
E I  3QNQA                130    0.279  51.582   0.000   0.218   0.230   0.553
E L  3QNQA                131    0.427  78.238   0.000   0.209   0.326   0.464
E V  3QNQA                132    0.439  67.502   0.000   0.199   0.327   0.474
E D  3QNQA                133    0.698 100.641   0.000   0.139   0.027   0.834
E G  3QNQA                134    0.432  34.030   0.000   0.036   0.062   0.903
E V  3QNQA                135    0.297  45.626   0.000   0.008   0.342   0.650
B I  3QNQA                136    0.102  18.882   0.000   0.007   0.599   0.394
E P  3QNQA                137    0.259  36.811   0.000   0.009   0.461   0.529
B A  3QNQA                138    0.196  21.552   0.000   0.858   0.005   0.138
E A  3QNQA                139    0.479  52.795   0.000   0.930   0.002   0.067
E L  3QNQA                140    0.281  51.522   0.000   0.913   0.003   0.084
B M  3QNQA                141    0.142  28.466   0.000   0.634   0.017   0.349
B G  3QNQA                142    0.202  15.867   0.000   0.234   0.007   0.758
E S  3QNQA                143    0.272  31.877   0.000   0.530   0.006   0.464
E Q  3QNQA                144    0.341  60.946   0.000   0.598   0.005   0.397
B G  3QNQA                145    0.031   2.473   0.000   0.722   0.003   0.275
B L  3QNQA                146    0.080  14.677   0.000   0.901   0.002   0.097
E F  3QNQA                147    0.318  63.889   0.000   0.979   0.000   0.021
B V  3QNQA                148    0.115  17.709   0.000   0.994   0.000   0.005
B A  3QNQA                149    0.010   1.066   0.000   0.998   0.000   0.002
B M  3QNQA                150    0.113  22.614   0.000   0.998   0.000   0.002
E I  3QNQA                151    0.286  52.865   0.000   0.998   0.000   0.002
B I  3QNQA                152    0.070  12.974   0.000   0.999   0.000   0.001
B A  3QNQA                153    0.018   2.010   0.000   1.000   0.000   0.000
B I  3QNQA                154    0.220  40.615   0.000   0.999   0.000   0.001
B I  3QNQA                155    0.218  40.417   0.000   0.998   0.000   0.002
B S  3QNQA                156    0.044   5.159   0.000   0.998   0.000   0.002
B T  3QNQA                157    0.055   7.698   0.000   0.999   0.000   0.001
E E  3QNQA                158    0.308  53.791   0.000   0.998   0.000   0.002
B I  3QNQA                159    0.158  29.291   0.000   0.997   0.000   0.003
B Y  3QNQA                160    0.116  24.791   0.000   0.998   0.000   0.002
B R  3QNQA                161    0.236  54.126   0.000   0.995   0.000   0.005
E F  3QNQA                162    0.348  69.809   0.000   0.991   0.000   0.009
B L  3QNQA                163    0.175  32.067   0.000   0.982   0.000   0.018
E V  3QNQA                164    0.297  45.579   0.000   0.946   0.001   0.053
E Q  3QNQA                165    0.603 107.645   0.000   0.840   0.002   0.158
E K  3QNQA                166    0.621 127.717   0.000   0.194   0.003   0.802
E K  3QNQA                167    0.687 141.364   0.000   0.083   0.008   0.909
B M  3QNQA                168    0.242  48.360   0.000   0.029   0.091   0.879
E I  3QNQA                169    0.450  83.250   0.000   0.016   0.492   0.492
B I  3QNQA                170    0.159  29.458   0.000   0.006   0.549   0.445
E K  3QNQA                171    0.542 111.461   0.000   0.004   0.577   0.418
B M  3QNQA                172    0.141  28.201   0.000   0.004   0.060   0.936
B P  3QNQA                173    0.225  31.862   0.000   0.026   0.051   0.923
E E  3QNQA                174    0.832 145.313   0.000   0.067   0.002   0.931
E T  3QNQA                175    0.545  75.566   0.000   0.069   0.007   0.924
B V  3QNQA                176    0.101  15.554   0.000   0.008   0.015   0.976
E P  3QNQA                177    0.325  46.076   0.000   0.017   0.001   0.982
E P  3QNQA                178    0.564  80.052   0.000   0.889   0.000   0.111
E A  3QNQA                179    0.460  50.746   0.000   0.934   0.001   0.065
B V  3QNQA                180    0.202  31.061   0.000   0.961   0.000   0.038
B T  3QNQA                181    0.235  32.615   0.000   0.946   0.001   0.053
E R  3QNQA                182    0.465 106.580   0.000   0.908   0.001   0.091
E S  3QNQA                183    0.307  35.995   0.000   0.896   0.001   0.103
E F  3QNQA                184    0.293  58.764   0.000   0.867   0.002   0.131
B A  3QNQA                185    0.173  19.113   0.000   0.905   0.002   0.093
B A  3QNQA                186    0.144  15.829   0.000   0.857   0.001   0.143
E L  3QNQA                187    0.326  59.726   0.000   0.923   0.000   0.077
B I  3QNQA                188    0.229  42.342   0.000   0.986   0.000   0.014
B P  3QNQA                189    0.092  13.087   0.000   0.992   0.000   0.007
B G  3QNQA                190    0.153  12.011   0.000   0.997   0.000   0.003
E F  3QNQA                191    0.351  70.435   0.000   0.998   0.000   0.002
B I  3QNQA                192    0.208  38.571   0.000   0.993   0.000   0.007
B V  3QNQA                193    0.106  16.283   0.000   0.991   0.000   0.009
E V  3QNQA                194    0.322  49.518   0.000   0.995   0.000   0.005
E T  3QNQA                195    0.379  52.534   0.000   0.993   0.000   0.007
B V  3QNQA                196    0.177  27.182   0.000   0.978   0.000   0.022
B V  3QNQA                197    0.132  20.264   0.000   0.947   0.000   0.053
E W  3QNQA                198    0.454 109.198   0.000   0.977   0.000   0.022
E I  3QNQA                199    0.371  68.551   0.000   0.982   0.000   0.018
B I  3QNQA                200    0.131  24.262   0.000   0.979   0.000   0.021
B R  3QNQA                201    0.194  44.405   0.000   0.962   0.000   0.038
E L  3QNQA                202    0.412  75.402   0.000   0.963   0.000   0.037
E I  3QNQA                203    0.416  76.880   0.000   0.971   0.000   0.029
B F  3QNQA                204    0.189  38.031   0.000   0.917   0.000   0.083
E E  3QNQA                205    0.310  54.149   0.000   0.822   0.002   0.176
E H  3QNQA                206    0.560 101.809   0.000   0.648   0.004   0.348
E T  3QNQA                207    0.556  77.172   0.000   0.636   0.006   0.357
E T  3QNQA                208    0.447  61.972   0.000   0.567   0.008   0.425
E F  3QNQA                209    0.551 110.493   0.000   0.396   0.007   0.597
E G  3QNQA                210    0.415  32.628   0.000   0.157   0.018   0.825
E S  3QNQA                211    0.352  41.244   0.000   0.185   0.028   0.788
E I  3QNQA                212    0.254  46.921   0.000   0.868   0.002   0.130
E H  3QNQA                213    0.309  56.144   0.000   0.952   0.000   0.047
E N  3QNQA                214    0.390  57.095   0.000   0.961   0.000   0.039
B V  3QNQA                215    0.189  29.085   0.000   0.975   0.000   0.024
E V  3QNQA                216    0.274  42.092   0.000   0.947   0.001   0.053
B G  3QNQA                217    0.149  11.700   0.000   0.964   0.000   0.035
E K  3QNQA                218    0.392  80.566   0.000   0.950   0.001   0.050
E L  3QNQA                219    0.364  66.655   0.000   0.911   0.001   0.088
E L  3QNQA                220    0.349  63.910   0.000   0.741   0.001   0.258
E Q  3QNQA                221    0.279  49.909   0.000   0.646   0.001   0.352
E E  3QNQA                222    0.467  81.517   0.000   0.811   0.001   0.187
E P  3QNQA                223    0.376  53.356   0.000   0.865   0.002   0.134
E L  3QNQA                224    0.253  46.307   0.000   0.890   0.002   0.108
E S  3QNQA                225    0.311  36.430   0.000   0.864   0.002   0.134
E I  3QNQA                226    0.504  93.260   0.000   0.719   0.004   0.277
E L  3QNQA                227    0.496  90.904   0.000   0.379   0.004   0.617
E G  3QNQA                228    0.564  44.389   0.000   0.118   0.005   0.876
E A  3QNQA                229    0.321  35.351   0.000   0.063   0.011   0.926
E S  3QNQA                230    0.365  42.790   0.000   0.098   0.010   0.892
E L  3QNQA                231    0.532  97.368   0.000   0.943   0.000   0.057
E W  3QNQA                232    0.688 165.395   0.000   0.962   0.000   0.037
B G  3QNQA                233    0.042   3.333   0.000   0.994   0.000   0.006
B A  3QNQA                234    0.029   3.246   0.000   0.998   0.000   0.002
E V  3QNQA                235    0.382  58.672   0.000   0.999   0.000   0.001
E I  3QNQA                236    0.389  71.881   0.000   0.999   0.000   0.001
B A  3QNQA                237    0.034   3.755   0.000   0.999   0.000   0.001
B V  3QNQA                238    0.070  10.770   0.000   0.998   0.000   0.002
E I  3QNQA                239    0.461  85.194   0.000   0.995   0.000   0.005
E L  3QNQA                240    0.322  58.975   0.000   0.988   0.000   0.012
B V  3QNQA                241    0.038   5.816   0.000   0.991   0.000   0.009
B H  3QNQA                242    0.210  38.112   0.000   0.994   0.000   0.006
E V  3QNQA                243    0.379  58.271   0.000   0.989   0.000   0.011
B L  3QNQA                244    0.073  13.317   0.000   0.995   0.000   0.005
B W  3QNQA                245    0.082  19.821   0.000   0.985   0.000   0.015
E A  3QNQA                246    0.267  29.461   0.000   0.938   0.001   0.061
B C  3QNQA                247    0.233  32.705   0.000   0.628   0.001   0.370
B G  3QNQA                248    0.059   4.605   0.000   0.223   0.003   0.774
B I  3QNQA                249    0.080  14.881   0.000   0.343   0.034   0.623
B H  3QNQA                250    0.112  20.346   0.000   0.425   0.023   0.552
B G  3QNQA                251    0.065   5.146   0.000   0.815   0.005   0.180
B A  3QNQA                252    0.080   8.808   0.000   0.844   0.010   0.146
B T  3QNQA                253    0.100  13.858   0.000   0.914   0.006   0.080
B I  3QNQA                254    0.122  22.581   0.000   0.899   0.007   0.094
B V  3QNQA                255    0.110  16.968   0.000   0.909   0.004   0.087
B G  3QNQA                256    0.070   5.471   0.000   0.935   0.002   0.063
B G  3QNQA                257    0.091   7.137   0.000   0.921   0.003   0.076
B V  3QNQA                258    0.193  29.632   0.000   0.843   0.005   0.152
B M  3QNQA                259    0.098  19.567   0.000   0.892   0.002   0.106
B S  3QNQA                260    0.117  13.717   0.000   0.950   0.001   0.050
B P  3QNQA                261    0.169  23.948   0.000   0.954   0.001   0.045
B I  3QNQA                262    0.164  30.404   0.000   0.971   0.002   0.027
B W  3QNQA                263    0.104  24.898   0.000   0.982   0.001   0.018
B L  3QNQA                264    0.180  32.914   0.000   0.972   0.001   0.027
B S  3QNQA                265    0.195  22.875   0.000   0.975   0.001   0.025
B L  3QNQA                266    0.073  13.432   0.000   0.970   0.001   0.029
B M  3QNQA                267    0.080  16.012   0.000   0.984   0.001   0.015
E D  3QNQA                268    0.328  47.301   0.000   0.991   0.000   0.009
B Q  3QNQA                269    0.232  41.361   0.000   0.985   0.000   0.015
B N  3QNQA                270    0.027   3.920   0.000   0.984   0.000   0.015
E R  3QNQA                271    0.283  64.760   0.000   0.990   0.000   0.010
E I  3QNQA                272    0.331  61.215   0.000   0.993   0.000   0.007
B A  3QNQA                273    0.059   6.519   0.000   0.991   0.000   0.008
B F  3QNQA                274    0.214  43.018   0.000   0.978   0.000   0.021
E Q  3QNQA                275    0.606 108.254   0.000   0.904   0.001   0.095
E A  3QNQA                276    0.525  57.879   0.000   0.270   0.000   0.730
E G  3QNQA                277    0.700  55.102   0.000   0.010   0.000   0.990
E Q  3QNQA                278    0.501  89.486   0.000   0.007   0.002   0.991
E D  3QNQA                279    0.839 120.925   0.000   0.005   0.001   0.994
B V  3QNQA                280    0.201  30.859   0.000   0.040   0.014   0.946
E P  3QNQA                281    0.406  57.624   0.000   0.067   0.008   0.925
E N  3QNQA                282    0.345  50.493   0.000   0.104   0.040   0.857
B T  3QNQA                283    0.209  28.940   0.000   0.358   0.048   0.594
B I  3QNQA                284    0.212  39.221   0.000   0.457   0.043   0.500
B T  3QNQA                285    0.115  15.970   0.000   0.657   0.020   0.323
B A  3QNQA                286    0.181  19.914   0.000   0.841   0.007   0.152
B Q  3QNQA                287    0.203  36.306   0.000   0.842   0.003   0.154
B F  3QNQA                288    0.155  31.203   0.000   0.867   0.003   0.129
B F  3QNQA                289    0.131  26.326   0.000   0.933   0.002   0.064
B D  3QNQA                290    0.122  17.609   0.000   0.970   0.001   0.030
B L  3QNQA                291    0.081  14.822   0.000   0.984   0.001   0.016
B W  3QNQA                292    0.138  33.161   0.000   0.981   0.001   0.018
B I  3QNQA                293    0.050   9.325   0.000   0.989   0.001   0.011
B Y  3QNQA                294    0.095  20.240   0.000   0.965   0.003   0.033
B M  3QNQA                295    0.085  16.916   0.000   0.920   0.006   0.074
B G  3QNQA                296    0.032   2.510   0.000   0.849   0.007   0.143
B G  3QNQA                297    0.026   2.051   0.000   0.801   0.002   0.197
B S  3QNQA                298    0.058   6.757   0.000   0.873   0.002   0.125
B G  3QNQA                299    0.031   2.415   0.000   0.972   0.001   0.028
B A  3QNQA                300    0.015   1.616   0.000   0.990   0.000   0.010
B T  3QNQA                301    0.070   9.695   0.000   0.997   0.000   0.003
E L  3QNQA                302    0.312  57.145   0.000   0.997   0.000   0.003
B A  3QNQA                303    0.023   2.573   0.000   0.999   0.000   0.001
B L  3QNQA                304    0.084  15.325   0.000   0.999   0.000   0.001
E V  3QNQA                305    0.267  40.972   0.000   0.999   0.000   0.001
E V  3QNQA                306    0.273  41.907   0.000   0.999   0.000   0.001
B G  3QNQA                307    0.011   0.884   0.000   0.999   0.000   0.001
B M  3QNQA                308    0.076  15.114   0.000   0.992   0.000   0.008
E L  3QNQA                309    0.407  74.593   0.000   0.973   0.000   0.027
E L  3QNQA                310    0.405  74.166   0.000   0.917   0.000   0.083
B F  3QNQA                311    0.194  38.871   0.000   0.711   0.001   0.288
B A  3QNQA                312    0.084   9.228   0.000   0.071   0.009   0.921
E R  3QNQA                313    0.687 157.214   0.000   0.007   0.000   0.992
E S  3QNQA                314    0.337  39.474   0.000   0.005   0.001   0.994
E Q  3QNQA                315    0.725 129.434   0.000   0.976   0.000   0.024
E Q  3QNQA                316    0.512  91.479   0.000   0.966   0.000   0.034
B L  3QNQA                317    0.131  23.978   0.000   0.986   0.000   0.013
E K  3QNQA                318    0.319  65.653   0.000   0.997   0.000   0.003
E S  3QNQA                319    0.356  41.767   0.000   0.996   0.000   0.004
B L  3QNQA                320    0.103  18.768   0.000   0.996   0.000   0.004
B G  3QNQA                321    0.019   1.505   0.000   0.997   0.000   0.003
E R  3QNQA                322    0.419  96.000   0.000   0.983   0.000   0.017
B L  3QNQA                323    0.219  40.037   0.000   0.931   0.001   0.068
B S  3QNQA                324    0.012   1.443   0.000   0.914   0.000   0.086
B I  3QNQA                325    0.154  28.425   0.000   0.960   0.000   0.040
B A  3QNQA                326    0.198  21.805   0.000   0.991   0.000   0.009
B P  3QNQA                327    0.021   2.995   0.000   0.997   0.000   0.003
B G  3QNQA                328    0.046   3.582   0.000   0.996   0.000   0.004
E I  3QNQA                329    0.359  66.470   0.000   0.957   0.001   0.042
B F  3QNQA                330    0.230  46.197   0.000   0.492   0.001   0.508
B N  3QNQA                331    0.166  24.279   0.000   0.015   0.002   0.983
B I  3QNQA                332    0.067  12.465   0.000   0.050   0.095   0.855
B N  3QNQA                333    0.073  10.633   0.000   0.138   0.073   0.790
B E  3QNQA                334    0.037   6.479   0.000   0.892   0.008   0.100
B M  3QNQA                335    0.023   4.605   0.000   0.964   0.002   0.033
B V  3QNQA                336    0.116  17.876   0.000   0.978   0.001   0.021
B T  3QNQA                337    0.095  13.215   0.000   0.955   0.001   0.043
B F  3QNQA                338    0.061  12.170   0.000   0.771   0.005   0.224
B G  3QNQA                339    0.031   2.449   0.000   0.627   0.004   0.369
B M  3QNQA                340    0.150  30.032   0.000   0.685   0.018   0.297
B P  3QNQA                341    0.069   9.803   0.000   0.735   0.023   0.242
B I  3QNQA                342    0.106  19.663   0.000   0.887   0.006   0.107
E V  3QNQA                343    0.283  43.529   0.000   0.852   0.007   0.141
B M  3QNQA                344    0.218  43.563   0.000   0.811   0.003   0.186
B N  3QNQA                345    0.166  24.314   0.000   0.027   0.005   0.968
E P  3QNQA                346    0.392  55.576   0.000   0.743   0.001   0.256
E L  3QNQA                347    0.333  60.922   0.000   0.885   0.002   0.113
B L  3QNQA                348    0.062  11.360   0.000   0.940   0.000   0.060
B L  3QNQA                349    0.171  31.242   0.000   0.941   0.000   0.058
E I  3QNQA                350    0.350  64.786   0.000   0.984   0.000   0.016
B P  3QNQA                351    0.058   8.207   0.000   0.989   0.000   0.010
B F  3QNQA                352    0.040   8.113   0.000   0.995   0.000   0.005
E I  3QNQA                353    0.274  50.629   0.000   0.971   0.000   0.029
E V  3QNQA                354    0.300  46.161   0.000   0.963   0.000   0.037
B V  3QNQA                355    0.027   4.211   0.000   0.996   0.000   0.004
B P  3QNQA                356    0.024   3.407   0.000   0.999   0.000   0.001
E V  3QNQA                357    0.303  46.599   0.000   0.999   0.000   0.001
E V  3QNQA                358    0.278  42.714   0.000   0.999   0.000   0.001
B L  3QNQA                359    0.012   2.212   0.000   0.999   0.000   0.001
B T  3QNQA                360    0.054   7.520   0.000   0.999   0.000   0.001
E I  3QNQA                361    0.386  71.426   0.000   0.999   0.000   0.001
E V  3QNQA                362    0.258  39.587   0.000   0.999   0.000   0.001
B S  3QNQA                363    0.005   0.600   0.000   1.000   0.000   0.000
B Y  3QNQA                364    0.164  35.060   0.000   0.999   0.000   0.001
E F  3QNQA                365    0.406  81.582   0.000   0.998   0.000   0.002
B A  3QNQA                366    0.087   9.557   0.000   0.998   0.000   0.002
B M  3QNQA                367    0.059  11.814   0.000   0.993   0.000   0.007
E E  3QNQA                368    0.430  75.084   0.000   0.943   0.000   0.057
E W  3QNQA                369    0.547 131.544   0.000   0.388   0.000   0.611
E G  3QNQA                370    0.510  40.158   0.000   0.009   0.000   0.990
E L  3QNQA                371    0.332  60.712   0.000   0.033   0.007   0.960
B V  3QNQA                372    0.189  29.083   0.000   0.047   0.059   0.894
E A  3QNQA                373    0.331  36.517   0.000   0.022   0.033   0.945
E R  3QNQA                374    0.452 103.446   0.000   0.094   0.041   0.865
E P  3QNQA                375    0.271  38.455   0.000   0.180   0.053   0.767
B S  3QNQA                376    0.163  19.115   0.000   0.282   0.119   0.599
B G  3QNQA                377    0.126   9.928   0.000   0.364   0.158   0.477
B A  3QNQA                378    0.156  17.187   0.000   0.334   0.312   0.354
B A  3QNQA                379    0.119  13.069   0.000   0.358   0.284   0.358
B V  3QNQA                380    0.084  12.983   0.000   0.345   0.238   0.418
B T  3QNQA                381    0.128  17.713   0.000   0.440   0.119   0.441
E W  3QNQA                382    0.264  63.520   0.000   0.396   0.034   0.570
B T  3QNQA                383    0.078  10.813   0.000   0.539   0.030   0.432
B T  3QNQA                384    0.045   6.264   0.000   0.709   0.017   0.274
B P  3QNQA                385    0.101  14.343   0.000   0.796   0.008   0.196
B I  3QNQA                386    0.178  33.016   0.000   0.963   0.002   0.035
B L  3QNQA                387    0.143  26.216   0.000   0.971   0.001   0.028
B F  3QNQA                388    0.179  35.849   0.000   0.971   0.001   0.028
B S  3QNQA                389    0.181  21.237   0.000   0.965   0.001   0.034
B G  3QNQA                390    0.081   6.396   0.000   0.984   0.000   0.016
B Y  3QNQA                391    0.203  43.304   0.000   0.973   0.001   0.025
E L  3QNQA                392    0.294  53.784   0.000   0.927   0.002   0.071
E G  3QNQA                393    0.288  22.695   0.000   0.796   0.002   0.202
B S  3QNQA                394    0.244  28.613   0.000   0.332   0.009   0.660
E G  3QNQA                395    0.645  50.725   0.000   0.042   0.001   0.957
E G  3QNQA                396    0.377  29.677   0.000   0.081   0.009   0.910
E K  3QNQA                397    0.430  88.427   0.000   0.091   0.011   0.898
E I  3QNQA                398    0.574 106.226   0.000   0.931   0.001   0.068
E S  3QNQA                399    0.348  40.795   0.000   0.977   0.000   0.023
B G  3QNQA                400    0.024   1.874   0.000   0.995   0.000   0.005
B V  3QNQA                401    0.223  34.338   0.000   0.999   0.000   0.001
E I  3QNQA                402    0.452  83.560   0.000   0.999   0.000   0.001
B L  3QNQA                403    0.126  23.140   0.000   0.999   0.000   0.001
B Q  3QNQA                404    0.036   6.466   0.000   0.999   0.000   0.001
E L  3QNQA                405    0.447  81.926   0.000   0.999   0.000   0.001
E V  3QNQA                406    0.454  69.837   0.000   1.000   0.000   0.000
B N  3QNQA                407    0.024   3.473   0.000   0.999   0.000   0.001
B F  3QNQA                408    0.203  40.650   0.000   0.999   0.000   0.001
E A  3QNQA                409    0.473  52.174   0.000   0.999   0.000   0.001
E L  3QNQA                410    0.340  62.166   0.000   0.999   0.000   0.001
B A  3QNQA                411    0.013   1.379   0.000   0.999   0.000   0.001
E F  3QNQA                412    0.295  59.225   0.000   0.998   0.000   0.002
E V  3QNQA                413    0.550  84.527   0.000   0.995   0.000   0.005
E I  3QNQA                414    0.296  54.696   0.000   0.986   0.000   0.014
B Y  3QNQA                415    0.061  12.987   0.000   0.956   0.000   0.044
E L  3QNQA                416    0.357  65.400   0.000   0.989   0.000   0.011
E P  3QNQA                417    0.399  56.688   0.000   0.992   0.000   0.008
E F  3QNQA                418    0.308  61.789   0.000   0.995   0.000   0.005
B L  3QNQA                419    0.172  31.526   0.000   0.995   0.000   0.005
E K  3QNQA                420    0.403  82.868   0.000   0.980   0.001   0.019
E I  3QNQA                421    0.433  80.176   0.000   0.972   0.001   0.028
E W  3QNQA                422    0.302  72.670   0.000   0.966   0.000   0.034
B D  3QNQA                423    0.170  24.467   0.000   0.963   0.000   0.036
E K  3QNQA                424    0.480  98.753   0.000   0.950   0.000   0.050
E Q  3QNQA                425    0.523  93.461   0.000   0.933   0.000   0.067
E K  3QNQA                426    0.347  71.314   0.000   0.940   0.000   0.059
E I  3QNQA                427    0.286  52.825   0.000   0.924   0.000   0.076
E A  3QNQA                428    0.545  60.034   0.000   0.883   0.000   0.117
E E  3QNQA                429    0.604 105.493   0.000   0.833   0.000   0.167
E E  3QNQA                430    0.417  72.931   0.000   0.715   0.000   0.285
E K  3QNQA                431    0.571 117.475   0.000   0.566   0.000   0.434
E G  3QNQA                432    0.713  56.116   0.000   0.268   0.000   0.732
E E  3QNQA                433    0.616 107.703   0.000   0.402   0.000   0.598
E A  3QNQA                434    0.466  51.354   0.000   0.445   0.000   0.554
E A  3QNQA                435    0.550  60.562   0.000   0.437   0.000   0.563
E A  3QNQA                436    0.619  68.168   0.000   0.381   0.000   0.619
E E  3QNQA                437    0.651 113.750   0.000   0.261   0.000   0.738
E N  3QNQA                438    0.715 104.668   0.000   0.181   0.001   0.818
E L  3QNQA                439    0.695 127.197   0.000   0.161   0.001   0.837
E Y  3QNQA                440    0.750 160.262   0.000   0.088   0.001   0.911
E F  3QNQA                441    0.777 155.974   0.000   0.061   0.001   0.938
E Q  3QNQA                442    0.922 164.706   0.000   0.000   0.000   1.000
