# For publication of results, please cite:
# ...
# ... Michael Schantz Klausen, Martin Closter Jespersen, Henrik Nielsen, Kamilla Kjærgaard Jensen, 
# ... Vanessa Isabell Jurtz, Casper Kaae Sønderby, Morten Otto Alexander Sommer, Ole Winther, 
# ... Morten Nielsen, Bent Petersen, and Paolo Marcatili. 
# ... NetSurfP-2.0: Improved prediction of protein structural features by integrated deep learning.
# ... Proteins: Structure, Function, and Bioinformatics (Feb. 2019).
# ... https://doi.org/10.1002/prot.25674
# ...
#
# Column 1: Class assignment - B for buried or E for Exposed - Threshold: 25% exposure, but not based on RSA
# Column 2: Amino acid
# Column 3: Sequence name
# Column 4: Amino acid number
# Column 5: Relative Surface Accessibility - RSA
# Column 6: Absolute Surface Accessibility
# Column 7: Not used
# Column 8: Probability for Alpha-Helix
# Column 9: Probability for Beta-strand
# Column 10: Probability for Coil
E G  3HTYJ                  1    0.947  74.543   0.000   0.000   0.000   1.000
E A  3HTYJ                  2    0.580  63.935   0.000   0.006   0.041   0.954
E S  3HTYJ                  3    0.603  70.706   0.000   0.007   0.171   0.822
B I  3HTYJ                  4    0.216  39.910   0.000   0.021   0.299   0.680
E V  3HTYJ                  5    0.401  61.592   0.000   0.001   0.301   0.698
E G  3HTYJ                  6    0.364  28.611   0.000   0.001   0.629   0.370
E S  3HTYJ                  7    0.504  59.089   0.000   0.001   0.697   0.302
E W  3HTYJ                  8    0.271  65.184   0.000   0.002   0.645   0.353
E V  3HTYJ                  9    0.259  39.821   0.000   0.001   0.908   0.092
E E  3HTYJ                 10    0.505  88.246   0.000   0.000   0.749   0.251
E P  3HTYJ                 11    0.385  54.604   0.000   0.001   0.628   0.371
E V  3HTYJ                 12    0.254  39.000   0.000   0.001   0.149   0.850
E P  3HTYJ                 13    0.715 101.478   0.000   0.230   0.025   0.745
E G  3HTYJ                 14    0.812  63.921   0.000   0.168   0.007   0.825
E L  3HTYJ                 15    0.316  57.810   0.000   0.196   0.039   0.765
E E  3HTYJ                 16    0.865 151.122   0.000   0.025   0.017   0.959
E G  3HTYJ                 17    0.719  56.608   0.000   0.051   0.015   0.934
E Q  3HTYJ                 18    0.425  75.859   0.000   0.052   0.181   0.767
E V  3HTYJ                 19    0.304  46.686   0.000   0.015   0.447   0.538
E Q  3HTYJ                 20    0.256  45.671   0.000   0.006   0.632   0.362
B G  3HTYJ                 21    0.136  10.722   0.000   0.004   0.473   0.523
B I  3HTYJ                 22    0.076  14.051   0.000   0.002   0.861   0.138
E K  3HTYJ                 23    0.440  90.513   0.000   0.001   0.947   0.052
B M  3HTYJ                 24    0.078  15.526   0.000   0.001   0.802   0.197
E E  3HTYJ                 25    0.518  90.466   0.000   0.001   0.064   0.935
E E  3HTYJ                 26    0.791 138.257   0.000   0.010   0.019   0.971
E G  3HTYJ                 27    0.690  54.267   0.000   0.028   0.016   0.956
B G  3HTYJ                 28    0.120   9.443   0.000   0.094   0.094   0.813
E V  3HTYJ                 29    0.311  47.843   0.000   0.001   0.927   0.072
B A  3HTYJ                 30    0.048   5.340   0.000   0.001   0.952   0.047
E S  3HTYJ                 31    0.357  41.796   0.000   0.002   0.924   0.074
E S  3HTYJ                 32    0.259  30.377   0.000   0.004   0.762   0.234
E V  3HTYJ                 33    0.370  56.929   0.000   0.012   0.481   0.507
E N  3HTYJ                 34    0.599  87.738   0.000   0.006   0.122   0.872
E M  3HTYJ                 35    0.378  75.575   0.000   0.027   0.194   0.779
E A  3HTYJ                 36    0.375  41.281   0.000   0.012   0.204   0.784
E T  3HTYJ                 37    0.486  67.431   0.000   0.023   0.406   0.571
B L  3HTYJ                 38    0.162  29.718   0.000   0.003   0.543   0.454
E V  3HTYJ                 39    0.379  58.251   0.000   0.001   0.735   0.264
B Y  3HTYJ                 40    0.138  29.581   0.000   0.000   0.902   0.098
E E  3HTYJ                 41    0.552  96.416   0.000   0.000   0.914   0.086
E S  3HTYJ                 42    0.350  40.993   0.000   0.000   0.987   0.013
B W  3HTYJ                 43    0.160  38.389   0.000   0.000   0.982   0.018
E K  3HTYJ                 44    0.447  91.882   0.000   0.000   0.999   0.001
E Q  3HTYJ                 45    0.403  72.013   0.000   0.000   0.997   0.003
E E  3HTYJ                 46    0.665 116.155   0.000   0.000   0.968   0.032
E G  3HTYJ                 47    0.845  66.521   0.000   0.001   0.001   0.998
E T  3HTYJ                 48    0.640  88.760   0.000   0.000   0.000   0.999
E K  3HTYJ                 49    0.394  81.002   0.000   0.000   0.984   0.016
B L  3HTYJ                 50    0.016   2.846   0.000   0.000   1.000   0.000
B I  3HTYJ                 51    0.123  22.709   0.000   0.000   0.999   0.001
B L  3HTYJ                 52    0.011   1.941   0.000   0.000   0.999   0.001
E T  3HTYJ                 53    0.258  35.790   0.000   0.000   0.991   0.009
B G  3HTYJ                 54    0.101   7.971   0.000   0.000   0.967   0.032
E K  3HTYJ                 55    0.441  90.624   0.000   0.001   0.962   0.037
B S  3HTYJ                 56    0.129  15.115   0.000   0.002   0.766   0.232
E I  3HTYJ                 57    0.398  73.687   0.000   0.018   0.142   0.841
E G  3HTYJ                 58    0.426  33.557   0.000   0.036   0.059   0.905
E N  3HTYJ                 59    0.683 100.043   0.000   0.029   0.005   0.967
E G  3HTYJ                 60    0.764  60.120   0.000   0.018   0.002   0.979
E Q  3HTYJ                 61    0.597 106.572   0.000   0.002   0.090   0.908
E T  3HTYJ                 62    0.658  91.228   0.000   0.002   0.796   0.202
E I  3HTYJ                 63    0.294  54.452   0.000   0.001   0.893   0.106
E E  3HTYJ                 64    0.704 122.922   0.000   0.001   0.930   0.069
E F  3HTYJ                 65    0.288  57.791   0.000   0.002   0.910   0.088
E V  3HTYJ                 66    0.440  67.680   0.000   0.002   0.952   0.046
B D  3HTYJ                 67    0.169  24.381   0.000   0.001   0.957   0.042
E T  3HTYJ                 68    0.356  49.407   0.000   0.003   0.889   0.109
B M  3HTYJ                 69    0.055  11.100   0.000   0.000   0.986   0.014
E D  3HTYJ                 70    0.492  70.937   0.000   0.000   0.990   0.009
B I  3HTYJ                 71    0.078  14.353   0.000   0.001   0.971   0.029
E K  3HTYJ                 72    0.533 109.691   0.000   0.000   0.967   0.032
E R  3HTYJ                 73    0.597 136.632   0.000   0.000   0.985   0.015
B L  3HTYJ                 74    0.246  45.112   0.000   0.000   0.920   0.080
E T  3HTYJ                 75    0.319  44.204   0.000   0.000   0.292   0.708
E A  3HTYJ                 76    0.733  80.765   0.000   0.000   0.001   0.999
E D  3HTYJ                 77    0.642  92.473   0.000   0.000   0.001   0.999
B S  3HTYJ                 78    0.160  18.710   0.000   0.000   0.827   0.172
B L  3HTYJ                 79    0.027   4.971   0.000   0.000   0.993   0.006
B V  3HTYJ                 80    0.123  18.981   0.000   0.000   0.999   0.001
B L  3HTYJ                 81    0.017   3.162   0.000   0.000   0.998   0.002
E D  3HTYJ                 82    0.353  50.846   0.000   0.001   0.973   0.027
E N  3HTYJ                 83    0.256  37.429   0.000   0.004   0.918   0.077
E Q  3HTYJ                 84    0.810 144.614   0.000   0.024   0.004   0.972
E G  3HTYJ                 85    0.833  65.547   0.000   0.019   0.001   0.980
E M  3HTYJ                 86    0.402  80.388   0.000   0.003   0.850   0.147
E E  3HTYJ                 87    0.521  91.045   0.000   0.001   0.962   0.038
B I  3HTYJ                 88    0.172  31.868   0.000   0.000   0.992   0.008
E R  3HTYJ                 89    0.464 106.143   0.000   0.000   0.995   0.005
B Y  3HTYJ                 90    0.111  23.804   0.000   0.000   0.994   0.006
E A  3HTYJ                 91    0.272  30.001   0.000   0.000   0.975   0.025
E K  3HTYJ                 92    0.334  68.754   0.000   0.000   0.818   0.181
E Q  3HTYJ                 93    0.604 107.902   0.000   0.001   0.079   0.920
E K  3HTYJ                 94    0.912 187.638   0.000   0.000   0.000   1.000
