# For publication of results, please cite:
# ...
# ... Michael Schantz Klausen, Martin Closter Jespersen, Henrik Nielsen, Kamilla Kjærgaard Jensen, 
# ... Vanessa Isabell Jurtz, Casper Kaae Sønderby, Morten Otto Alexander Sommer, Ole Winther, 
# ... Morten Nielsen, Bent Petersen, and Paolo Marcatili. 
# ... NetSurfP-2.0: Improved prediction of protein structural features by integrated deep learning.
# ... Proteins: Structure, Function, and Bioinformatics (Feb. 2019).
# ... https://doi.org/10.1002/prot.25674
# ...
#
# Column 1: Class assignment - B for buried or E for Exposed - Threshold: 25% exposure, but not based on RSA
# Column 2: Amino acid
# Column 3: Sequence name
# Column 4: Amino acid number
# Column 5: Relative Surface Accessibility - RSA
# Column 6: Absolute Surface Accessibility
# Column 7: Not used
# Column 8: Probability for Alpha-Helix
# Column 9: Probability for Beta-strand
# Column 10: Probability for Coil
E K  2VGRA                  1    0.751 154.519   0.000   0.002   0.003   0.995
E T  2VGRA                  2    0.501  69.428   0.000   0.034   0.072   0.894
E I  2VGRA                  3    0.276  51.063   0.000   0.480   0.035   0.484
B W  2VGRA                  4    0.140  33.559   0.000   0.585   0.020   0.396
E Q  2VGRA                  5    0.391  69.819   0.000   0.901   0.004   0.095
E N  2VGRA                  6    0.455  66.577   0.000   0.903   0.004   0.093
B Y  2VGRA                  7    0.115  24.560   0.000   0.954   0.002   0.044
B I  2VGRA                  8    0.059  10.969   0.000   0.984   0.001   0.015
E D  2VGRA                  9    0.465  67.032   0.000   0.989   0.000   0.011
B A  2VGRA                 10    0.180  19.844   0.000   0.991   0.000   0.009
B L  2VGRA                 11    0.033   6.032   0.000   0.987   0.000   0.013
B F  2VGRA                 12    0.154  30.938   0.000   0.952   0.001   0.047
E E  2VGRA                 13    0.742 129.579   0.000   0.833   0.001   0.166
E T  2VGRA                 14    0.420  58.197   0.000   0.656   0.001   0.344
B F  2VGRA                 15    0.068  13.587   0.000   0.029   0.003   0.968
E P  2VGRA                 16    0.464  65.907   0.000   0.047   0.004   0.949
E Q  2VGRA                 17    0.656 117.234   0.000   0.068   0.105   0.828
B L  2VGRA                 18    0.178  32.568   0.000   0.020   0.205   0.775
E E  2VGRA                 19    0.785 137.162   0.000   0.006   0.267   0.727
B I  2VGRA                 20    0.164  30.273   0.000   0.026   0.166   0.808
E S  2VGRA                 21    0.332  38.881   0.000   0.022   0.058   0.920
E E  2VGRA                 22    0.833 145.507   0.000   0.551   0.021   0.428
E V  2VGRA                 23    0.397  61.049   0.000   0.462   0.073   0.465
B W  2VGRA                 24    0.086  20.751   0.000   0.484   0.216   0.300
E A  2VGRA                 25    0.251  27.612   0.000   0.209   0.477   0.314
E K  2VGRA                 26    0.573 117.865   0.000   0.045   0.747   0.209
B W  2VGRA                 27    0.236  56.708   0.000   0.034   0.729   0.237
E D  2VGRA                 28    0.581  83.764   0.000   0.014   0.750   0.236
E G  2VGRA                 29    0.306  24.046   0.000   0.060   0.334   0.605
E G  2VGRA                 30    0.449  35.321   0.000   0.129   0.160   0.711
E N  2VGRA                 31    0.647  94.656   0.000   0.109   0.144   0.747
E V  2VGRA                 32    0.377  57.941   0.000   0.069   0.258   0.674
E G  2VGRA                 33    0.415  32.658   0.000   0.087   0.114   0.799
E G  2VGRA                 34    0.428  33.660   0.000   0.067   0.084   0.849
E D  2VGRA                 35    0.538  77.470   0.000   0.038   0.242   0.721
B A  2VGRA                 36    0.045   4.997   0.000   0.003   0.843   0.154
E K  2VGRA                 37    0.342  70.265   0.000   0.001   0.977   0.023
B L  2VGRA                 38    0.037   6.711   0.000   0.000   0.995   0.005
B T  2VGRA                 39    0.158  21.882   0.000   0.000   0.998   0.002
B A  2VGRA                 40    0.037   4.028   0.000   0.000   0.997   0.003
B N  2VGRA                 41    0.161  23.574   0.000   0.000   0.997   0.003
B I  2VGRA                 42    0.047   8.636   0.000   0.000   0.999   0.001
B R  2VGRA                 43    0.156  35.772   0.000   0.000   0.999   0.001
B T  2VGRA                 44    0.194  26.921   0.000   0.000   0.986   0.014
B G  2VGRA                 45    0.078   6.124   0.000   0.006   0.517   0.477
E E  2VGRA                 46    0.668 116.651   0.000   0.007   0.042   0.950
E H  2VGRA                 47    0.376  68.483   0.000   0.004   0.070   0.926
B F  2VGRA                 48    0.048   9.583   0.000   0.002   0.702   0.296
B L  2VGRA                 49    0.132  24.145   0.000   0.001   0.873   0.126
B K  2VGRA                 50    0.134  27.599   0.000   0.001   0.981   0.018
B A  2VGRA                 51    0.013   1.457   0.000   0.000   0.997   0.003
B R  2VGRA                 52    0.092  20.966   0.000   0.000   0.999   0.001
B E  2VGRA                 53    0.071  12.465   0.000   0.000   0.999   0.001
B A  2VGRA                 54    0.016   1.718   0.000   0.000   0.999   0.000
B H  2VGRA                 55    0.144  26.195   0.000   0.000   0.999   0.001
B I  2VGRA                 56    0.017   3.068   0.000   0.000   0.995   0.005
E V  2VGRA                 57    0.254  39.098   0.000   0.000   0.961   0.039
B D  2VGRA                 58    0.134  19.327   0.000   0.000   0.630   0.370
E P  2VGRA                 59    0.632  89.677   0.000   0.001   0.004   0.995
E N  2VGRA                 60    0.579  84.709   0.000   0.002   0.003   0.995
B S  2VGRA                 61    0.109  12.721   0.000   0.003   0.750   0.247
B D  2VGRA                 62    0.179  25.772   0.000   0.001   0.952   0.048
B I  2VGRA                 63    0.052   9.621   0.000   0.000   0.991   0.009
B Y  2VGRA                 64    0.082  17.497   0.000   0.000   0.995   0.005
B N  2VGRA                 65    0.099  14.433   0.000   0.000   0.993   0.007
B T  2VGRA                 66    0.012   1.662   0.000   0.000   0.998   0.002
B I  2VGRA                 67    0.077  14.248   0.000   0.000   0.996   0.003
B L  2VGRA                 68    0.016   2.910   0.000   0.000   0.993   0.007
B Y  2VGRA                 69    0.128  27.433   0.000   0.000   0.777   0.223
B P  2VGRA                 70    0.045   6.356   0.000   0.004   0.617   0.380
E K  2VGRA                 71    0.323  66.473   0.000   0.008   0.074   0.918
E T  2VGRA                 72    0.388  53.787   0.000   0.064   0.024   0.911
E G  2VGRA                 73    0.653  51.357   0.000   0.031   0.003   0.966
B A  2VGRA                 74    0.167  18.416   0.000   0.029   0.025   0.946
E D  2VGRA                 75    0.591  85.233   0.000   0.003   0.007   0.990
B L  2VGRA                 76    0.120  21.987   0.000   0.001   0.031   0.968
B P  2VGRA                 77    0.128  18.160   0.000   0.001   0.050   0.949
B C  2VGRA                 78    0.039   5.533   0.000   0.000   0.939   0.061
B F  2VGRA                 79    0.032   6.470   0.000   0.001   0.975   0.025
B G  2VGRA                 80    0.008   0.614   0.000   0.000   0.993   0.007
B M  2VGRA                 81    0.012   2.318   0.000   0.000   0.997   0.003
B D  2VGRA                 82    0.045   6.464   0.000   0.000   0.995   0.005
B L  2VGRA                 83    0.033   6.007   0.000   0.001   0.993   0.007
B M  2VGRA                 84    0.030   6.036   0.000   0.000   0.995   0.004
B K  2VGRA                 85    0.243  50.065   0.000   0.001   0.985   0.014
B F  2VGRA                 86    0.062  12.403   0.000   0.002   0.810   0.188
E S  2VGRA                 87    0.410  48.065   0.000   0.008   0.035   0.957
E D  2VGRA                 88    0.725 104.531   0.000   0.008   0.004   0.988
E K  2VGRA                 89    0.385  79.284   0.000   0.010   0.445   0.545
E K  2VGRA                 90    0.264  54.260   0.000   0.001   0.828   0.171
B V  2VGRA                 91    0.037   5.714   0.000   0.000   0.992   0.008
B I  2VGRA                 92    0.012   2.308   0.000   0.000   0.999   0.001
B I  2VGRA                 93    0.005   0.970   0.000   0.000   0.999   0.000
B V  2VGRA                 94    0.008   1.170   0.000   0.000   0.999   0.001
B F  2VGRA                 95    0.007   1.472   0.000   0.000   0.991   0.008
B D  2VGRA                 96    0.053   7.662   0.000   0.000   0.875   0.125
B F  2VGRA                 97    0.016   3.140   0.000   0.000   0.513   0.487
B Q  2VGRA                 98    0.099  17.693   0.000   0.000   0.392   0.608
B H  2VGRA                 99    0.213  38.824   0.000   0.003   0.051   0.946
B P  2VGRA                100    0.166  23.488   0.000   0.034   0.028   0.938
E R  2VGRA                101    0.376  86.198   0.000   0.274   0.037   0.689
E E  2VGRA                102    0.692 120.928   0.000   0.758   0.005   0.238
E K  2VGRA                103    0.494 101.540   0.000   0.765   0.013   0.222
B Y  2VGRA                104    0.123  26.273   0.000   0.698   0.056   0.246
B L  2VGRA                105    0.210  38.364   0.000   0.485   0.116   0.398
E F  2VGRA                106    0.445  89.226   0.000   0.324   0.075   0.601
E S  2VGRA                107    0.374  43.813   0.000   0.373   0.061   0.566
B V  2VGRA                108    0.080  12.276   0.000   0.342   0.026   0.632
E D  2VGRA                109    0.751 108.218   0.000   0.215   0.026   0.759
E G  2VGRA                110    0.690  54.265   0.000   0.117   0.005   0.878
B L  2VGRA                111    0.120  21.932   0.000   0.005   0.031   0.964
E P  2VGRA                112    0.397  56.330   0.000   0.016   0.031   0.954
E E  2VGRA                113    0.670 116.975   0.000   0.040   0.283   0.676
E D  2VGRA                114    0.650  93.717   0.000   0.046   0.219   0.735
E D  2VGRA                115    0.804 115.837   0.000   0.039   0.008   0.953
E G  2VGRA                116    0.551  43.400   0.000   0.073   0.021   0.906
E K  2VGRA                117    0.563 115.769   0.000   0.049   0.155   0.796
B Y  2VGRA                118    0.239  51.123   0.000   0.036   0.304   0.660
E R  2VGRA                119    0.443 101.449   0.000   0.024   0.367   0.610
B F  2VGRA                120    0.186  37.424   0.000   0.069   0.334   0.597
E F  2VGRA                121    0.290  58.184   0.000   0.199   0.111   0.690
E E  2VGRA                122    0.364  63.510   0.000   0.334   0.067   0.598
B M  2VGRA                123    0.107  21.445   0.000   0.594   0.022   0.384
B G  2VGRA                124    0.227  17.826   0.000   0.673   0.021   0.306
E N  2VGRA                125    0.514  75.240   0.000   0.614   0.015   0.372
B H  2VGRA                126    0.156  28.442   0.000   0.381   0.057   0.562
B F  2VGRA                127    0.126  25.376   0.000   0.095   0.268   0.637
B S  2VGRA                128    0.073   8.576   0.000   0.006   0.193   0.801
E K  2VGRA                129    0.516 106.053   0.000   0.008   0.030   0.961
B N  2VGRA                130    0.131  19.106   0.000   0.004   0.120   0.876
B I  2VGRA                131    0.021   3.960   0.000   0.000   0.928   0.071
B F  2VGRA                132    0.044   8.864   0.000   0.000   0.990   0.010
B V  2VGRA                133    0.036   5.562   0.000   0.000   0.992   0.007
B R  2VGRA                134    0.105  23.986   0.000   0.000   0.981   0.019
B Y  2VGRA                135    0.175  37.333   0.000   0.000   0.935   0.065
B C  2VGRA                136    0.045   6.300   0.000   0.000   0.580   0.420
E K  2VGRA                137    0.428  88.055   0.000   0.001   0.012   0.987
E P  2VGRA                138    0.532  75.550   0.000   0.911   0.000   0.088
E D  2VGRA                139    0.855 123.165   0.000   0.882   0.000   0.118
B E  2VGRA                140    0.229  40.023   0.000   0.904   0.000   0.096
B V  2VGRA                141    0.126  19.428   0.000   0.964   0.001   0.035
E D  2VGRA                142    0.700 100.805   0.000   0.979   0.000   0.021
E Q  2VGRA                143    0.458  81.829   0.000   0.984   0.000   0.015
B Y  2VGRA                144    0.028   6.043   0.000   0.990   0.000   0.009
B L  2VGRA                145    0.088  16.092   0.000   0.998   0.000   0.002
E D  2VGRA                146    0.576  82.991   0.000   0.998   0.000   0.002
B T  2VGRA                147    0.072   9.963   0.000   0.999   0.000   0.001
B F  2VGRA                148    0.011   2.274   0.000   0.998   0.000   0.002
E K  2VGRA                149    0.352  72.465   0.000   0.999   0.000   0.001
E L  2VGRA                150    0.356  65.112   0.000   1.000   0.000   0.000
B Y  2VGRA                151    0.049  10.513   0.000   1.000   0.000   0.000
B L  2VGRA                152    0.023   4.289   0.000   0.999   0.000   0.001
E T  2VGRA                153    0.432  59.938   0.000   0.999   0.000   0.001
E K  2VGRA                154    0.276  56.846   0.000   0.999   0.000   0.001
B Y  2VGRA                155    0.026   5.458   0.000   0.998   0.000   0.002
B K  2VGRA                156    0.216  44.375   0.000   0.999   0.000   0.001
E E  2VGRA                157    0.530  92.529   0.000   0.999   0.000   0.001
B M  2VGRA                158    0.088  17.606   0.000   0.998   0.000   0.002
B I  2VGRA                159    0.058  10.749   0.000   0.997   0.000   0.003
E D  2VGRA                160    0.552  79.591   0.000   0.966   0.000   0.034
E N  2VGRA                161    0.704 103.097   0.000   0.501   0.000   0.499
E N  2VGRA                162    0.350  51.225   0.000   0.021   0.004   0.975
E K  2VGRA                163    0.640 131.620   0.000   0.002   0.170   0.828
E P  2VGRA                164    0.447  63.499   0.000   0.003   0.380   0.617
E V  2VGRA                165    0.336  51.586   0.000   0.004   0.095   0.901
E G  2VGRA                166    0.558  43.935   0.000   0.037   0.029   0.934
E E  2VGRA                167    0.809 141.408   0.000   0.050   0.003   0.946
E D  2VGRA                168    0.583  83.941   0.000   0.152   0.002   0.847
E T  2VGRA                169    0.493  68.321   0.000   0.584   0.004   0.412
E T  2VGRA                170    0.588  81.618   0.000   0.866   0.004   0.130
B V  2VGRA                171    0.160  24.555   0.000   0.924   0.003   0.073
B Y  2VGRA                172    0.180  38.494   0.000   0.951   0.003   0.046
E S  2VGRA                173    0.424  49.709   0.000   0.958   0.002   0.041
E D  2VGRA                174    0.446  64.256   0.000   0.959   0.001   0.040
B F  2VGRA                175    0.077  15.549   0.000   0.988   0.000   0.011
B D  2VGRA                176    0.197  28.451   0.000   0.986   0.000   0.013
E T  2VGRA                177    0.451  62.622   0.000   0.984   0.000   0.015
E Y  2VGRA                178    0.280  59.799   0.000   0.986   0.000   0.014
B M  2VGRA                179    0.113  22.667   0.000   0.983   0.001   0.016
E T  2VGRA                180    0.349  48.428   0.000   0.969   0.000   0.030
E E  2VGRA                181    0.729 127.427   0.000   0.946   0.000   0.054
E L  2VGRA                182    0.434  79.399   0.000   0.839   0.001   0.160
B D  2VGRA                183    0.100  14.343   0.000   0.006   0.006   0.988
E P  2VGRA                184    0.517  73.296   0.000   0.268   0.001   0.732
E V  2VGRA                185    0.295  45.295   0.000   0.296   0.001   0.704
E R  2VGRA                186    0.383  87.617   0.000   0.690   0.001   0.309
E G  2VGRA                187    0.313  24.616   0.000   0.801   0.001   0.199
E Y  2VGRA                188    0.284  60.681   0.000   0.987   0.000   0.013
B M  2VGRA                189    0.044   8.765   0.000   0.983   0.000   0.017
E K  2VGRA                190    0.449  92.302   0.000   0.995   0.000   0.005
E N  2VGRA                191    0.802 117.372   0.000   0.994   0.000   0.006
E K  2VGRA                192    0.440  90.529   0.000   0.985   0.000   0.015
B F  2VGRA                193    0.176  35.377   0.000   0.959   0.000   0.040
E G  2VGRA                194    0.366  28.829   0.000   0.057   0.001   0.942
E E  2VGRA                195    0.747 130.529   0.000   0.956   0.000   0.044
E G  2VGRA                196    0.674  53.066   0.000   0.966   0.000   0.034
E R  2VGRA                197    0.356  81.607   0.000   0.987   0.000   0.013
B S  2VGRA                198    0.019   2.280   0.000   0.997   0.000   0.003
E E  2VGRA                199    0.470  82.056   0.000   0.997   0.000   0.003
E A  2VGRA                200    0.374  41.208   0.000   0.998   0.000   0.002
B F  2VGRA                201    0.075  15.000   0.000   0.997   0.000   0.003
B V  2VGRA                202    0.027   4.226   0.000   0.997   0.000   0.002
E N  2VGRA                203    0.420  61.472   0.000   0.989   0.000   0.011
E D  2VGRA                204    0.522  75.289   0.000   0.980   0.001   0.019
B F  2VGRA                205    0.108  21.723   0.000   0.949   0.003   0.049
B L  2VGRA                206    0.072  13.263   0.000   0.806   0.012   0.182
B F  2VGRA                207    0.197  39.566   0.000   0.258   0.028   0.715
E S  2VGRA                208    0.503  58.961   0.000   0.164   0.041   0.795
E Y  2VGRA                209    0.353  75.478   0.000   0.118   0.035   0.848
E K  2VGRA                210    0.807 166.070   0.000   0.001   0.000   0.998
