# For publication of results, please cite:
# ...
# ... Michael Schantz Klausen, Martin Closter Jespersen, Henrik Nielsen, Kamilla Kjærgaard Jensen, 
# ... Vanessa Isabell Jurtz, Casper Kaae Sønderby, Morten Otto Alexander Sommer, Ole Winther, 
# ... Morten Nielsen, Bent Petersen, and Paolo Marcatili. 
# ... NetSurfP-2.0: Improved prediction of protein structural features by integrated deep learning.
# ... Proteins: Structure, Function, and Bioinformatics (Feb. 2019).
# ... https://doi.org/10.1002/prot.25674
# ...
#
# Column 1: Class assignment - B for buried or E for Exposed - Threshold: 25% exposure, but not based on RSA
# Column 2: Amino acid
# Column 3: Sequence name
# Column 4: Amino acid number
# Column 5: Relative Surface Accessibility - RSA
# Column 6: Absolute Surface Accessibility
# Column 7: Not used
# Column 8: Probability for Alpha-Helix
# Column 9: Probability for Beta-strand
# Column 10: Probability for Coil
E M  3GUVA                  1    0.844 168.918   0.000   0.000   0.000   1.000
E S  3GUVA                  2    0.912 106.907   0.000   0.001   0.000   0.999
E L  3GUVA                  3    0.684 125.253   0.000   0.002   0.005   0.993
E K  3GUVA                  4    0.672 138.231   0.000   0.002   0.046   0.951
B I  3GUVA                  5    0.195  36.073   0.000   0.001   0.261   0.738
E K  3GUVA                  6    0.328  67.521   0.000   0.000   0.809   0.191
B V  3GUVA                  7    0.011   1.761   0.000   0.000   0.994   0.006
B Y  3GUVA                  8    0.019   4.007   0.000   0.000   0.999   0.001
B L  3GUVA                  9    0.002   0.351   0.000   0.000   0.999   0.001
B Y  3GUVA                 10    0.026   5.614   0.000   0.000   0.994   0.006
B T  3GUVA                 11    0.006   0.777   0.000   0.000   0.980   0.020
B R  3GUVA                 12    0.136  31.095   0.000   0.000   0.825   0.175
B V  3GUVA                 13    0.067  10.354   0.000   0.001   0.477   0.522
B S  3GUVA                 14    0.112  13.099   0.000   0.003   0.195   0.802
E T  3GUVA                 15    0.353  48.943   0.000   0.135   0.034   0.831
E S  3GUVA                 16    0.620  72.720   0.000   0.266   0.006   0.728
E I  3GUVA                 17    0.489  90.498   0.000   0.276   0.011   0.713
E Q  3GUVA                 18    0.304  54.322   0.000   0.245   0.033   0.722
E I  3GUVA                 19    0.417  77.161   0.000   0.189   0.025   0.787
E E  3GUVA                 20    0.825 144.103   0.000   0.057   0.004   0.940
E G  3GUVA                 21    0.777  61.188   0.000   0.013   0.002   0.985
E Y  3GUVA                 22    0.327  69.955   0.000   0.017   0.037   0.947
E S  3GUVA                 23    0.446  52.296   0.000   0.019   0.005   0.976
B L  3GUVA                 24    0.239  43.809   0.000   0.970   0.000   0.030
E E  3GUVA                 25    0.750 131.044   0.000   0.991   0.000   0.009
E A  3GUVA                 26    0.338  37.224   0.000   0.991   0.000   0.009
B Q  3GUVA                 27    0.033   5.884   0.000   0.995   0.000   0.005
E K  3GUVA                 28    0.333  68.489   0.000   0.998   0.000   0.002
E S  3GUVA                 29    0.574  67.262   0.000   0.999   0.000   0.001
E R  3GUVA                 30    0.395  90.393   0.000   0.999   0.000   0.001
B M  3GUVA                 31    0.005   1.033   0.000   0.998   0.000   0.002
E K  3GUVA                 32    0.451  92.860   0.000   0.998   0.000   0.002
E A  3GUVA                 33    0.455  50.090   0.000   0.997   0.000   0.003
B F  3GUVA                 34    0.119  23.880   0.000   0.997   0.000   0.003
B A  3GUVA                 35    0.012   1.345   0.000   0.996   0.000   0.004
E I  3GUVA                 36    0.554 102.462   0.000   0.980   0.000   0.020
E Y  3GUVA                 37    0.666 142.347   0.000   0.942   0.000   0.057
E N  3GUVA                 38    0.319  46.635   0.000   0.149   0.001   0.850
E D  3GUVA                 39    0.828 119.264   0.000   0.002   0.001   0.997
B Y  3GUVA                 40    0.117  24.940   0.000   0.001   0.112   0.887
E E  3GUVA                 41    0.640 111.791   0.000   0.000   0.944   0.056
B I  3GUVA                 42    0.222  41.031   0.000   0.000   0.987   0.013
E V  3GUVA                 43    0.346  53.225   0.000   0.000   0.983   0.017
B G  3GUVA                 44    0.161  12.684   0.000   0.000   0.997   0.003
E E  3GUVA                 45    0.389  67.893   0.000   0.000   0.996   0.004
B Y  3GUVA                 46    0.165  35.333   0.000   0.000   0.991   0.009
E E  3GUVA                 47    0.515  89.942   0.000   0.001   0.851   0.148
B D  3GUVA                 48    0.127  18.347   0.000   0.008   0.199   0.793
E A  3GUVA                 49    0.581  64.051   0.000   0.023   0.027   0.949
E G  3GUVA                 50    0.461  36.317   0.000   0.023   0.010   0.967
E K  3GUVA                 51    0.559 115.083   0.000   0.028   0.028   0.945
B S  3GUVA                 52    0.245  28.703   0.000   0.019   0.009   0.972
E G  3GUVA                 53    0.254  20.024   0.000   0.037   0.012   0.951
E K  3GUVA                 54    0.574 118.029   0.000   0.023   0.004   0.973
E S  3GUVA                 55    0.444  52.011   0.000   0.036   0.016   0.948
E I  3GUVA                 56    0.287  53.089   0.000   0.401   0.008   0.591
E E  3GUVA                 57    0.778 135.899   0.000   0.233   0.004   0.762
E G  3GUVA                 58    0.482  37.921   0.000   0.397   0.003   0.601
E R  3GUVA                 59    0.264  60.525   0.000   0.315   0.008   0.677
E I  3GUVA                 60    0.559 103.434   0.000   0.973   0.001   0.026
E Q  3GUVA                 61    0.319  57.031   0.000   0.989   0.000   0.011
B F  3GUVA                 62    0.026   5.303   0.000   0.997   0.000   0.003
E N  3GUVA                 63    0.421  61.609   0.000   0.999   0.000   0.001
E R  3GUVA                 64    0.485 111.155   0.000   0.999   0.000   0.001
B M  3GUVA                 65    0.012   2.383   0.000   0.999   0.000   0.001
B M  3GUVA                 66    0.072  14.416   0.000   0.999   0.000   0.001
E E  3GUVA                 67    0.569  99.331   0.000   0.999   0.000   0.001
B D  3GUVA                 68    0.212  30.528   0.000   0.999   0.000   0.001
B I  3GUVA                 69    0.018   3.367   0.000   0.995   0.000   0.005
E K  3GUVA                 70    0.543 111.676   0.000   0.969   0.000   0.031
E S  3GUVA                 71    0.627  73.426   0.000   0.396   0.001   0.603
E G  3GUVA                 72    0.485  38.164   0.000   0.019   0.000   0.981
E K  3GUVA                 73    0.612 125.946   0.000   0.014   0.001   0.985
E D  3GUVA                 74    0.596  85.898   0.000   0.046   0.001   0.953
E G  3GUVA                 75    0.410  32.230   0.000   0.008   0.003   0.989
B V  3GUVA                 76    0.046   7.001   0.000   0.001   0.237   0.763
E S  3GUVA                 77    0.291  34.138   0.000   0.000   0.112   0.888
B F  3GUVA                 78    0.050  10.093   0.000   0.000   0.981   0.019
B V  3GUVA                 79    0.003   0.504   0.000   0.000   1.000   0.000
B L  3GUVA                 80    0.009   1.635   0.000   0.000   0.999   0.001
B V  3GUVA                 81    0.002   0.297   0.000   0.000   0.973   0.027
B F  3GUVA                 82    0.122  24.507   0.000   0.001   0.273   0.726
E K  3GUVA                 83    0.271  55.778   0.000   0.003   0.121   0.876
B L  3GUVA                 84    0.065  11.904   0.000   0.565   0.031   0.404
B S  3GUVA                 85    0.158  18.539   0.000   0.601   0.014   0.385
B R  3GUVA                 86    0.224  51.193   0.000   0.455   0.015   0.530
B F  3GUVA                 87    0.057  11.373   0.000   0.078   0.049   0.873
B A  3GUVA                 88    0.041   4.473   0.000   0.012   0.151   0.837
E R  3GUVA                 89    0.363  83.166   0.000   0.001   0.001   0.998
E N  3GUVA                 90    0.487  71.328   0.000   0.001   0.002   0.996
E A  3GUVA                 91    0.439  48.390   0.000   0.980   0.000   0.020
E A  3GUVA                 92    0.570  62.860   0.000   0.993   0.000   0.007
B D  3GUVA                 93    0.219  31.525   0.000   0.993   0.000   0.007
B V  3GUVA                 94    0.039   6.056   0.000   0.996   0.000   0.004
E L  3GUVA                 95    0.472  86.488   0.000   0.997   0.000   0.003
E S  3GUVA                 96    0.419  49.133   0.000   0.995   0.000   0.005
B T  3GUVA                 97    0.025   3.495   0.000   0.996   0.000   0.004
B L  3GUVA                 98    0.140  25.618   0.000   0.998   0.000   0.002
E Q  3GUVA                 99    0.557  99.456   0.000   0.999   0.000   0.001
B I  3GUVA                100    0.162  30.062   0.000   0.999   0.000   0.001
B M  3GUVA                101    0.008   1.548   0.000   0.998   0.000   0.002
E Q  3GUVA                102    0.550  98.167   0.000   0.993   0.000   0.006
E D  3GUVA                103    0.783 112.845   0.000   0.942   0.000   0.058
E Y  3GUVA                104    0.362  77.373   0.000   0.235   0.000   0.765
E G  3GUVA                105    0.588  46.311   0.000   0.001   0.001   0.998
B V  3GUVA                106    0.049   7.600   0.000   0.000   0.035   0.965
E N  3GUVA                107    0.506  74.080   0.000   0.000   0.917   0.083
B L  3GUVA                108    0.161  29.428   0.000   0.000   0.987   0.013
B I  3GUVA                109    0.192  35.571   0.000   0.000   0.992   0.007
B C  3GUVA                110    0.209  29.409   0.000   0.001   0.918   0.081
B V  3GUVA                111    0.127  19.485   0.000   0.090   0.382   0.528
E E  3GUVA                112    0.573 100.098   0.000   0.113   0.100   0.787
E D  3GUVA                113    0.671  96.620   0.000   0.089   0.031   0.880
E G  3GUVA                114    0.532  41.848   0.000   0.026   0.032   0.942
B I  3GUVA                115    0.208  38.561   0.000   0.016   0.208   0.776
E D  3GUVA                116    0.519  74.771   0.000   0.013   0.062   0.925
E S  3GUVA                117    0.322  37.733   0.000   0.024   0.009   0.967
E S  3GUVA                118    0.695  81.432   0.000   0.032   0.001   0.967
E K  3GUVA                119    0.519 106.676   0.000   0.057   0.003   0.939
E D  3GUVA                120    0.706 101.773   0.000   0.872   0.000   0.128
E A  3GUVA                121    0.318  34.991   0.000   0.931   0.000   0.069
B G  3GUVA                122    0.142  11.190   0.000   0.976   0.000   0.024
E K  3GUVA                123    0.516 106.051   0.000   0.983   0.001   0.016
E L  3GUVA                124    0.288  52.774   0.000   0.991   0.001   0.009
B M  3GUVA                125    0.216  43.154   0.000   0.996   0.000   0.004
E I  3GUVA                126    0.313  57.974   0.000   0.997   0.000   0.002
E S  3GUVA                127    0.454  53.263   0.000   0.997   0.000   0.003
E V  3GUVA                128    0.338  52.001   0.000   0.997   0.000   0.003
B L  3GUVA                129    0.225  41.259   0.000   0.995   0.000   0.005
E S  3GUVA                130    0.366  42.945   0.000   0.991   0.000   0.008
E A  3GUVA                131    0.492  54.214   0.000   0.990   0.000   0.010
E V  3GUVA                132    0.393  60.383   0.000   0.989   0.000   0.011
B A  3GUVA                133    0.127  13.949   0.000   0.993   0.000   0.007
E E  3GUVA                134    0.538  94.005   0.000   0.991   0.000   0.008
E I  3GUVA                135    0.542 100.197   0.000   0.984   0.000   0.016
E E  3GUVA                136    0.344  60.094   0.000   0.981   0.000   0.019
E R  3GUVA                137    0.397  90.868   0.000   0.951   0.001   0.049
E E  3GUVA                138    0.580 101.331   0.000   0.968   0.000   0.032
E N  3GUVA                139    0.562  82.288   0.000   0.926   0.000   0.074
E I  3GUVA                140    0.395  73.044   0.000   0.922   0.000   0.077
E R  3GUVA                141    0.558 127.821   0.000   0.914   0.000   0.086
E I  3GUVA                142    0.519  96.051   0.000   0.904   0.001   0.095
E Q  3GUVA                143    0.584 104.230   0.000   0.899   0.000   0.101
E T  3GUVA                144    0.495  68.588   0.000   0.848   0.001   0.151
E M  3GUVA                145    0.447  89.407   0.000   0.862   0.001   0.137
E E  3GUVA                146    0.564  98.500   0.000   0.849   0.000   0.150
E G  3GUVA                147    0.411  32.367   0.000   0.807   0.000   0.192
E C  3GUVA                148    0.449  63.007   0.000   0.805   0.001   0.195
E I  3GUVA                149    0.449  83.129   0.000   0.855   0.001   0.144
E Q  3GUVA                150    0.551  98.455   0.000   0.820   0.001   0.180
E K  3GUVA                151    0.518 106.596   0.000   0.844   0.000   0.156
E A  3GUVA                152    0.533  58.701   0.000   0.780   0.000   0.220
E R  3GUVA                153    0.713 163.227   0.000   0.744   0.001   0.255
E E  3GUVA                154    0.701 122.498   0.000   0.345   0.001   0.654
E G  3GUVA                155    0.721  56.770   0.000   0.060   0.000   0.939
E K  3GUVA                156    0.703 144.550   0.000   0.046   0.004   0.949
E W  3GUVA                157    0.618 148.624   0.000   0.035   0.006   0.959
E N  3GUVA                158    0.836 122.324   0.000   0.017   0.002   0.981
E G  3GUVA                159    0.815  64.153   0.000   0.007   0.001   0.992
E E  3GUVA                160    0.819 143.032   0.000   0.004   0.001   0.995
E G  3GUVA                161    0.804  63.305   0.000   0.003   0.000   0.996
E H  3GUVA                162    0.776 141.078   0.000   0.002   0.000   0.998
E H  3GUVA                163    0.759 137.989   0.000   0.002   0.000   0.998
E H  3GUVA                164    0.741 134.814   0.000   0.002   0.001   0.998
E H  3GUVA                165    0.723 131.571   0.000   0.003   0.001   0.996
E H  3GUVA                166    0.768 139.682   0.000   0.002   0.001   0.996
E H  3GUVA                167    0.905 164.633   0.000   0.000   0.000   1.000
