# For publication of results, please cite:
# ...
# ... Michael Schantz Klausen, Martin Closter Jespersen, Henrik Nielsen, Kamilla Kjærgaard Jensen, 
# ... Vanessa Isabell Jurtz, Casper Kaae Sønderby, Morten Otto Alexander Sommer, Ole Winther, 
# ... Morten Nielsen, Bent Petersen, and Paolo Marcatili. 
# ... NetSurfP-2.0: Improved prediction of protein structural features by integrated deep learning.
# ... Proteins: Structure, Function, and Bioinformatics (Feb. 2019).
# ... https://doi.org/10.1002/prot.25674
# ...
#
# Column 1: Class assignment - B for buried or E for Exposed - Threshold: 25% exposure, but not based on RSA
# Column 2: Amino acid
# Column 3: Sequence name
# Column 4: Amino acid number
# Column 5: Relative Surface Accessibility - RSA
# Column 6: Absolute Surface Accessibility
# Column 7: Not used
# Column 8: Probability for Alpha-Helix
# Column 9: Probability for Beta-strand
# Column 10: Probability for Coil
E G  3V3LB                  1    0.942  74.134   0.000   0.000   0.000   1.000
E N  3V3LB                  2    0.895 131.070   0.000   0.005   0.005   0.989
E G  3V3LB                  3    0.771  60.662   0.000   0.005   0.007   0.988
E E  3V3LB                  4    0.711 124.133   0.000   0.005   0.058   0.937
E Y  3V3LB                  5    0.374  79.975   0.000   0.004   0.409   0.587
B A  3V3LB                  6    0.199  21.969   0.000   0.001   0.823   0.177
B W  3V3LB                  7    0.110  26.384   0.000   0.000   0.959   0.040
B Y  3V3LB                  8    0.178  37.984   0.000   0.000   0.993   0.007
B Y  3V3LB                  9    0.088  18.737   0.000   0.000   0.995   0.004
E E  3V3LB                 10    0.292  51.002   0.000   0.000   0.988   0.012
B G  3V3LB                 11    0.169  13.311   0.000   0.001   0.666   0.333
E R  3V3LB                 12    0.758 173.644   0.000   0.010   0.026   0.964
E N  3V3LB                 13    0.800 117.088   0.000   0.012   0.004   0.984
E G  3V3LB                 14    0.329  25.873   0.000   0.009   0.746   0.245
E W  3V3LB                 15    0.332  79.748   0.000   0.000   0.913   0.086
E W  3V3LB                 16    0.253  60.908   0.000   0.000   0.986   0.014
E Q  3V3LB                 17    0.548  97.826   0.000   0.000   0.968   0.032
B Y  3V3LB                 18    0.110  23.575   0.000   0.002   0.401   0.598
E D  3V3LB                 19    0.481  69.257   0.000   0.003   0.038   0.959
E E  3V3LB                 20    0.593 103.574   0.000   0.950   0.000   0.049
E R  3V3LB                 21    0.627 143.556   0.000   0.974   0.001   0.025
B T  3V3LB                 22    0.103  14.284   0.000   0.980   0.000   0.019
B S  3V3LB                 23    0.044   5.137   0.000   0.991   0.000   0.009
E R  3V3LB                 24    0.521 119.201   0.000   0.998   0.000   0.002
E E  3V3LB                 25    0.408  71.253   0.000   0.999   0.000   0.001
B L  3V3LB                 26    0.017   3.146   0.000   0.999   0.000   0.001
B E  3V3LB                 27    0.232  40.591   0.000   1.000   0.000   0.000
E D  3V3LB                 28    0.515  74.222   0.000   0.999   0.000   0.001
B A  3V3LB                 29    0.045   4.961   0.000   0.999   0.000   0.001
E F  3V3LB                 30    0.257  51.614   0.000   0.994   0.000   0.006
E S  3V3LB                 31    0.632  74.045   0.000   0.969   0.000   0.031
E K  3V3LB                 32    0.653 134.262   0.000   0.323   0.000   0.677
E G  3V3LB                 33    0.698  54.896   0.000   0.003   0.000   0.997
E K  3V3LB                 34    0.468  96.269   0.000   0.001   0.003   0.996
E K  3V3LB                 35    0.697 143.355   0.000   0.007   0.008   0.985
E N  3V3LB                 36    0.547  80.017   0.000   0.011   0.521   0.468
B T  3V3LB                 37    0.169  23.502   0.000   0.001   0.911   0.088
E E  3V3LB                 38    0.607 106.027   0.000   0.001   0.982   0.017
B L  3V3LB                 39    0.202  36.961   0.000   0.002   0.950   0.048
E I  3V3LB                 40    0.299  55.354   0.000   0.007   0.866   0.128
E A  3V3LB                 41    0.423  46.563   0.000   0.014   0.035   0.952
E G  3V3LB                 42    0.609  47.949   0.000   0.006   0.018   0.977
E F  3V3LB                 43    0.465  93.280   0.000   0.001   0.359   0.639
E L  3V3LB                 44    0.343  62.749   0.000   0.000   0.790   0.210
B Y  3V3LB                 45    0.121  25.900   0.000   0.000   0.993   0.006
E V  3V3LB                 46    0.257  39.471   0.000   0.000   0.997   0.003
B A  3V3LB                 47    0.021   2.268   0.000   0.000   0.986   0.014
E D  3V3LB                 48    0.301  43.402   0.000   0.000   0.920   0.080
B L  3V3LB                 49    0.069  12.711   0.000   0.296   0.036   0.669
E E  3V3LB                 50    0.658 115.020   0.000   0.458   0.019   0.523
E N  3V3LB                 51    0.644  94.220   0.000   0.357   0.043   0.601
B V  3V3LB                 52    0.130  19.988   0.000   0.121   0.152   0.727
E Q  3V3LB                 53    0.386  68.964   0.000   0.006   0.809   0.186
E Y  3V3LB                 54    0.306  65.294   0.000   0.002   0.895   0.103
E R  3V3LB                 55    0.518 118.604   0.000   0.002   0.860   0.139
E R  3V3LB                 56    0.420  96.167   0.000   0.012   0.482   0.506
E N  3V3LB                 57    0.763 111.643   0.000   0.026   0.011   0.963
E E  3V3LB                 58    0.806 140.870   0.000   0.034   0.013   0.953
E H  3V3LB                 59    0.668 121.595   0.000   0.034   0.015   0.951
E G  3V3LB                 60    0.578  45.510   0.000   0.006   0.017   0.978
E R  3V3LB                 61    0.548 125.516   0.000   0.002   0.176   0.821
E R  3V3LB                 62    0.572 130.952   0.000   0.001   0.775   0.224
E R  3V3LB                 63    0.296  67.733   0.000   0.001   0.767   0.233
E K  3V3LB                 64    0.567 116.615   0.000   0.001   0.785   0.215
B I  3V3LB                 65    0.117  21.586   0.000   0.001   0.666   0.333
E K  3V3LB                 66    0.482  99.058   0.000   0.000   0.920   0.079
E R  3V3LB                 67    0.255  58.439   0.000   0.001   0.910   0.089
E D  3V3LB                 68    0.433  62.323   0.000   0.003   0.709   0.288
E I  3V3LB                 69    0.425  78.561   0.000   0.035   0.440   0.525
E I  3V3LB                 70    0.507  93.772   0.000   0.023   0.170   0.807
E D  3V3LB                 71    0.849 122.293   0.000   0.025   0.085   0.890
B I  3V3LB                 72    0.200  37.014   0.000   0.005   0.148   0.847
E P  3V3LB                 73    0.549  77.877   0.000   0.003   0.088   0.909
E K  3V3LB                 74    0.381  78.412   0.000   0.004   0.340   0.656
E K  3V3LB                 75    0.363  74.730   0.000   0.003   0.630   0.367
B G  3V3LB                 76    0.119   9.328   0.000   0.004   0.778   0.219
B V  3V3LB                 77    0.171  26.260   0.000   0.007   0.869   0.124
B A  3V3LB                 78    0.120  13.233   0.000   0.011   0.833   0.156
B G  3V3LB                 79    0.190  14.920   0.000   0.007   0.767   0.226
B L  3V3LB                 80    0.165  30.229   0.000   0.001   0.927   0.071
E R  3V3LB                 81    0.482 110.268   0.000   0.001   0.888   0.111
E L  3V3LB                 82    0.413  75.696   0.000   0.012   0.084   0.904
E D  3V3LB                 83    0.951 137.039   0.000   0.000   0.000   1.000
