# For publication of results, please cite:
# ...
# ... Michael Schantz Klausen, Martin Closter Jespersen, Henrik Nielsen, Kamilla Kjærgaard Jensen, 
# ... Vanessa Isabell Jurtz, Casper Kaae Sønderby, Morten Otto Alexander Sommer, Ole Winther, 
# ... Morten Nielsen, Bent Petersen, and Paolo Marcatili. 
# ... NetSurfP-2.0: Improved prediction of protein structural features by integrated deep learning.
# ... Proteins: Structure, Function, and Bioinformatics (Feb. 2019).
# ... https://doi.org/10.1002/prot.25674
# ...
#
# Column 1: Class assignment - B for buried or E for Exposed - Threshold: 25% exposure, but not based on RSA
# Column 2: Amino acid
# Column 3: Sequence name
# Column 4: Amino acid number
# Column 5: Relative Surface Accessibility - RSA
# Column 6: Absolute Surface Accessibility
# Column 7: Not used
# Column 8: Probability for Alpha-Helix
# Column 9: Probability for Beta-strand
# Column 10: Probability for Coil
E D  1K6LH                  1    0.857 123.513   0.000   0.018   0.000   0.982
E L  1K6LH                  2    0.583 106.759   0.000   0.926   0.000   0.074
E A  1K6LH                  3    0.522  57.559   0.000   0.975   0.000   0.025
E S  1K6LH                  4    0.476  55.775   0.000   0.975   0.000   0.025
E L  1K6LH                  5    0.560 102.525   0.000   0.990   0.000   0.010
E A  1K6LH                  6    0.513  56.556   0.000   0.994   0.000   0.006
E I  1K6LH                  7    0.550 101.693   0.000   0.994   0.000   0.006
E Y  1K6LH                  8    0.628 134.104   0.000   0.997   0.000   0.003
E S  1K6LH                  9    0.587  68.761   0.000   0.997   0.000   0.003
E F  1K6LH                 10    0.592 118.836   0.000   0.999   0.000   0.001
E W  1K6LH                 11    0.645 155.086   0.000   0.999   0.000   0.001
E I  1K6LH                 12    0.654 121.057   0.000   0.998   0.000   0.002
E F  1K6LH                 13    0.591 118.627   0.000   0.999   0.000   0.001
E L  1K6LH                 14    0.535  97.931   0.000   0.997   0.000   0.003
E A  1K6LH                 15    0.638  70.351   0.000   0.998   0.000   0.002
E G  1K6LH                 16    0.485  38.185   0.000   0.998   0.000   0.002
E L  1K6LH                 17    0.378  69.132   0.000   0.997   0.000   0.003
E I  1K6LH                 18    0.508  93.983   0.000   0.997   0.000   0.003
E Y  1K6LH                 19    0.676 144.548   0.000   0.996   0.000   0.003
E Y  1K6LH                 20    0.397  84.882   0.000   0.992   0.000   0.008
E L  1K6LH                 21    0.252  46.121   0.000   0.985   0.000   0.015
E Q  1K6LH                 22    0.454  81.013   0.000   0.965   0.000   0.035
E T  1K6LH                 23    0.446  61.903   0.000   0.939   0.001   0.060
E E  1K6LH                 24    0.255  44.580   0.000   0.927   0.001   0.073
E N  1K6LH                 25    0.315  46.058   0.000   0.705   0.006   0.289
E M  1K6LH                 26    0.457  91.492   0.000   0.634   0.007   0.359
E R  1K6LH                 27    0.529 121.149   0.000   0.415   0.012   0.572
E E  1K6LH                 28    0.420  73.406   0.000   0.181   0.007   0.812
E G  1K6LH                 29    0.435  34.255   0.000   0.007   0.008   0.985
E Y  1K6LH                 30    0.383  81.929   0.000   0.001   0.071   0.928
E P  1K6LH                 31    0.409  58.024   0.000   0.001   0.057   0.942
E L  1K6LH                 32    0.442  80.840   0.000   0.004   0.102   0.894
E E  1K6LH                 33    0.558  97.569   0.000   0.002   0.513   0.485
E N  1K6LH                 34    0.467  68.311   0.000   0.001   0.018   0.981
E E  1K6LH                 35    0.854 149.169   0.000   0.003   0.005   0.993
E D  1K6LH                 36    0.879 126.614   0.000   0.003   0.001   0.997
E G  1K6LH                 37    0.557  43.824   0.000   0.003   0.001   0.996
E T  1K6LH                 38    0.548  76.063   0.000   0.001   0.009   0.990
E P  1K6LH                 39    0.560  79.526   0.000   0.007   0.694   0.300
E A  1K6LH                 40    0.347  38.274   0.000   0.020   0.040   0.940
E A  1K6LH                 41    0.662  72.936   0.000   0.035   0.040   0.925
E N  1K6LH                 42    0.699 102.322   0.000   0.047   0.048   0.904
E Q  1K6LH                 43    0.646 115.323   0.000   0.029   0.037   0.934
E G  1K6LH                 44    0.363  28.570   0.000   0.002   0.055   0.943
E P  1K6LH                 45    0.680  96.508   0.000   0.001   0.015   0.984
E F  1K6LH                 46    0.403  80.866   0.000   0.001   0.023   0.976
E P  1K6LH                 47    0.609  86.443   0.000   0.000   0.031   0.969
E L  1K6LH                 48    0.465  85.135   0.000   0.000   0.009   0.991
E P  1K6LH                 49    0.316  44.904   0.000   0.000   0.002   0.998
E K  1K6LH                 50    0.789 162.228   0.000   0.000   0.005   0.995
E P  1K6LH                 51    0.529  75.005   0.000   0.000   0.008   0.992
E K  1K6LH                 52    0.396  81.424   0.000   0.001   0.446   0.554
E T  1K6LH                 53    0.501  69.521   0.000   0.000   0.708   0.291
B F  1K6LH                 54    0.238  47.800   0.000   0.001   0.894   0.105
E I  1K6LH                 55    0.500  92.439   0.000   0.000   0.863   0.137
B L  1K6LH                 56    0.154  28.228   0.000   0.000   0.057   0.943
E P  1K6LH                 57    0.531  75.295   0.000   0.042   0.023   0.934
E H  1K6LH                 58    0.626 113.792   0.000   0.038   0.011   0.950
E G  1K6LH                 59    0.466  36.691   0.000   0.060   0.134   0.806
E R  1K6LH                 60    0.620 141.934   0.000   0.004   0.086   0.911
E G  1K6LH                 61    0.375  29.487   0.000   0.002   0.728   0.270
E T  1K6LH                 62    0.565  78.374   0.000   0.000   0.905   0.094
E L  1K6LH                 63    0.296  54.282   0.000   0.000   0.884   0.116
E T  1K6LH                 64    0.545  75.544   0.000   0.000   0.703   0.297
B V  1K6LH                 65    0.245  37.730   0.000   0.000   0.098   0.902
E P  1K6LH                 66    0.364  51.588   0.000   0.001   0.088   0.911
E G  1K6LH                 67    0.368  28.937   0.000   0.010   0.023   0.967
E P  1K6LH                 68    0.692  98.131   0.000   0.111   0.008   0.882
E E  1K6LH                 69    0.804 140.480   0.000   0.078   0.005   0.917
E S  1K6LH                 70    0.410  48.091   0.000   0.110   0.048   0.842
E E  1K6LH                 71    0.677 118.262   0.000   0.066   0.036   0.898
E D  1K6LH                 72    0.812 117.079   0.000   0.050   0.049   0.901
E R  1K6LH                 73    0.542 124.057   0.000   0.003   0.112   0.885
E P  1K6LH                 74    0.643  91.293   0.000   0.006   0.172   0.822
E I  1K6LH                 75    0.289  53.481   0.000   0.015   0.223   0.762
E A  1K6LH                 76    0.477  52.574   0.000   0.008   0.257   0.735
E L  1K6LH                 77    0.315  57.611   0.000   0.028   0.262   0.710
E A  1K6LH                 78    0.410  45.187   0.000   0.013   0.722   0.265
E R  1K6LH                 79    0.489 111.898   0.000   0.012   0.704   0.284
E T  1K6LH                 80    0.353  48.965   0.000   0.023   0.326   0.651
E A  1K6LH                 81    0.290  32.006   0.000   0.034   0.422   0.544
E V  1K6LH                 82    0.484  74.455   0.000   0.040   0.233   0.727
E S  1K6LH                 83    0.324  37.916   0.000   0.035   0.172   0.793
E E  1K6LH                 84    0.658 114.968   0.000   0.023   0.048   0.930
E G  1K6LH                 85    0.375  29.540   0.000   0.009   0.042   0.949
E F  1K6LH                 86    0.296  59.355   0.000   0.003   0.102   0.895
E P  1K6LH                 87    0.362  51.304   0.000   0.004   0.086   0.909
E H  1K6LH                 88    0.292  53.135   0.000   0.007   0.194   0.799
E A  1K6LH                 89    0.356  39.276   0.000   0.001   0.133   0.866
E P  1K6LH                 90    0.293  41.645   0.000   0.004   0.186   0.810
E T  1K6LH                 91    0.389  53.952   0.000   0.005   0.062   0.933
E G  1K6LH                 92    0.395  31.091   0.000   0.015   0.039   0.946
E D  1K6LH                 93    0.310  44.616   0.000   0.005   0.017   0.978
B P  1K6LH                 94    0.174  24.672   0.000   0.544   0.009   0.446
B M  1K6LH                 95    0.151  30.297   0.000   0.560   0.015   0.424
E K  1K6LH                 96    0.380  78.128   0.000   0.616   0.017   0.367
E D  1K6LH                 97    0.301  43.439   0.000   0.487   0.020   0.494
B G  1K6LH                 98    0.116   9.132   0.000   0.192   0.087   0.721
B V  1K6LH                 99    0.143  21.962   0.000   0.066   0.181   0.753
B G  1K6LH                100    0.113   8.917   0.000   0.156   0.085   0.759
B P  1K6LH                101    0.159  22.572   0.000   0.333   0.046   0.621
B A  1K6LH                102    0.097  10.721   0.000   0.511   0.048   0.441
B S  1K6LH                103    0.090  10.548   0.000   0.519   0.066   0.416
B W  1K6LH                104    0.227  54.709   0.000   0.353   0.111   0.536
B V  1K6LH                105    0.149  22.971   0.000   0.068   0.111   0.821
E A  1K6LH                106    0.389  42.900   0.000   0.054   0.181   0.765
B R  1K6LH                107    0.221  50.538   0.000   0.081   0.135   0.785
E R  1K6LH                108    0.542 124.174   0.000   0.180   0.023   0.798
E D  1K6LH                109    0.501  72.171   0.000   0.217   0.016   0.766
E L  1K6LH                110    0.328  60.054   0.000   0.012   0.044   0.945
E P  1K6LH                111    0.312  44.236   0.000   0.052   0.053   0.895
E E  1K6LH                112    0.356  62.213   0.000   0.109   0.106   0.785
E L  1K6LH                113    0.263  48.073   0.000   0.111   0.251   0.639
E D  1K6LH                114    0.380  54.763   0.000   0.023   0.097   0.880
E G  1K6LH                115    0.458  36.016   0.000   0.016   0.020   0.964
E H  1K6LH                116    0.666 121.224   0.000   0.013   0.033   0.954
E G  1K6LH                117    0.389  30.588   0.000   0.011   0.017   0.972
E H  1K6LH                118    0.521  94.842   0.000   0.005   0.100   0.895
E N  1K6LH                119    0.279  40.832   0.000   0.002   0.538   0.460
E K  1K6LH                120    0.433  89.028   0.000   0.001   0.590   0.409
B I  1K6LH                121    0.207  38.227   0.000   0.000   0.863   0.137
E K  1K6LH                122    0.309  63.546   0.000   0.000   0.979   0.021
E P  1K6LH                123    0.317  45.030   0.000   0.000   0.958   0.042
B M  1K6LH                124    0.082  16.400   0.000   0.641   0.011   0.347
E K  1K6LH                125    0.571 117.422   0.000   0.849   0.010   0.141
E A  1K6LH                126    0.606  66.829   0.000   0.799   0.008   0.193
B A  1K6LH                127    0.161  17.756   0.000   0.093   0.015   0.892
E A  1K6LH                128    0.742  81.731   0.000   0.031   0.032   0.938
E G  1K6LH                129    0.606  47.658   0.000   0.018   0.018   0.964
B F  1K6LH                130    0.213  42.706   0.000   0.010   0.295   0.695
E H  1K6LH                131    0.593 107.836   0.000   0.001   0.830   0.168
B V  1K6LH                132    0.199  30.608   0.000   0.003   0.731   0.266
E S  1K6LH                133    0.421  49.333   0.000   0.005   0.346   0.650
E A  1K6LH                134    0.598  65.867   0.000   0.014   0.070   0.916
E G  1K6LH                135    0.564  44.415   0.000   0.019   0.044   0.937
E K  1K6LH                136    0.589 121.240   0.000   0.019   0.082   0.898
E N  1K6LH                137    0.463  67.717   0.000   0.001   0.059   0.939
B P  1K6LH                138    0.075  10.599   0.000   0.026   0.022   0.951
E I  1K6LH                139    0.310  57.384   0.000   0.005   0.052   0.943
E G  1K6LH                140    0.401  31.521   0.000   0.007   0.023   0.970
B L  1K6LH                141    0.106  19.445   0.000   0.000   0.113   0.887
B P  1K6LH                142    0.226  32.058   0.000   0.000   0.919   0.081
B V  1K6LH                143    0.012   1.806   0.000   0.000   0.963   0.037
E R  1K6LH                144    0.275  62.864   0.000   0.000   0.984   0.016
B G  1K6LH                145    0.032   2.539   0.000   0.001   0.370   0.629
E C  1K6LH                146    0.306  42.905   0.000   0.001   0.005   0.994
E D  1K6LH                147    0.518  74.676   0.000   0.002   0.001   0.997
E L  1K6LH                148    0.516  94.393   0.000   0.002   0.002   0.996
E E  1K6LH                149    0.576 100.585   0.000   0.000   0.028   0.972
E I  1K6LH                150    0.412  76.305   0.000   0.000   0.998   0.002
B A  1K6LH                151    0.092  10.183   0.000   0.000   0.986   0.014
B G  1K6LH                152    0.072   5.663   0.000   0.000   0.992   0.008
E K  1K6LH                153    0.386  79.450   0.000   0.000   0.982   0.018
B V  1K6LH                154    0.015   2.378   0.000   0.000   0.994   0.006
B V  1K6LH                155    0.211  32.372   0.000   0.000   0.980   0.020
B D  1K6LH                156    0.207  29.850   0.000   0.000   0.995   0.004
B I  1K6LH                157    0.037   6.882   0.000   0.000   0.998   0.002
B W  1K6LH                158    0.137  33.061   0.000   0.000   0.999   0.001
B V  1K6LH                159    0.061   9.367   0.000   0.000   0.998   0.002
B D  1K6LH                160    0.152  21.956   0.000   0.000   0.961   0.039
E I  1K6LH                161    0.281  52.004   0.000   0.124   0.008   0.868
E P  1K6LH                162    0.548  77.755   0.000   0.232   0.001   0.767
E E  1K6LH                163    0.489  85.471   0.000   0.256   0.003   0.741
E Q  1K6LH                164    0.341  60.892   0.000   0.011   0.004   0.985
B M  1K6LH                165    0.140  28.098   0.000   0.000   0.938   0.062
B A  1K6LH                166    0.018   2.002   0.000   0.000   0.993   0.007
B R  1K6LH                167    0.165  37.807   0.000   0.000   0.975   0.025
B F  1K6LH                168    0.048   9.703   0.000   0.000   0.995   0.005
B L  1K6LH                169    0.014   2.533   0.000   0.000   0.996   0.003
B E  1K6LH                170    0.175  30.648   0.000   0.000   0.997   0.003
B V  1K6LH                171    0.015   2.307   0.000   0.000   0.991   0.009
E E  1K6LH                172    0.356  62.148   0.000   0.001   0.960   0.039
B L  1K6LH                173    0.099  18.153   0.000   0.005   0.553   0.442
E K  1K6LH                174    0.712 146.410   0.000   0.046   0.026   0.929
E D  1K6LH                175    0.891 128.350   0.000   0.021   0.000   0.978
E G  1K6LH                176    0.634  49.883   0.000   0.046   0.034   0.919
E S  1K6LH                177    0.436  51.075   0.000   0.003   0.110   0.886
E T  1K6LH                178    0.372  51.654   0.000   0.000   0.935   0.065
B R  1K6LH                179    0.210  48.084   0.000   0.000   0.979   0.021
B L  1K6LH                180    0.116  21.213   0.000   0.000   0.994   0.006
B L  1K6LH                181    0.021   3.770   0.000   0.000   0.966   0.033
B P  1K6LH                182    0.092  13.118   0.000   0.000   0.924   0.076
B M  1K6LH                183    0.069  13.734   0.000   0.461   0.371   0.168
B Q  1K6LH                184    0.247  44.175   0.000   0.602   0.199   0.199
B M  1K6LH                185    0.125  25.011   0.000   0.356   0.327   0.317
B V  1K6LH                186    0.068  10.423   0.000   0.007   0.745   0.248
E K  1K6LH                187    0.390  80.309   0.000   0.001   0.969   0.031
B V  1K6LH                188    0.138  21.231   0.000   0.000   0.949   0.050
E Q  1K6LH                189    0.430  76.765   0.000   0.002   0.550   0.448
E S  1K6LH                190    0.620  72.661   0.000   0.019   0.009   0.972
E N  1K6LH                191    0.638  93.418   0.000   0.013   0.007   0.980
E R  1K6LH                192    0.336  77.014   0.000   0.010   0.838   0.151
B V  1K6LH                193    0.051   7.816   0.000   0.000   0.989   0.010
B H  1K6LH                194    0.221  40.263   0.000   0.000   0.993   0.007
B V  1K6LH                195    0.080  12.240   0.000   0.002   0.957   0.041
E N  1K6LH                196    0.418  61.172   0.000   0.012   0.468   0.520
E A  1K6LH                197    0.342  37.642   0.000   0.012   0.469   0.518
B L  1K6LH                198    0.124  22.704   0.000   0.003   0.572   0.426
E S  1K6LH                199    0.326  38.256   0.000   0.005   0.199   0.796
E S  1K6LH                200    0.391  45.774   0.000   0.894   0.002   0.105
E D  1K6LH                201    0.772 111.234   0.000   0.942   0.001   0.057
E L  1K6LH                202    0.268  49.139   0.000   0.958   0.001   0.040
B F  1K6LH                203    0.055  10.975   0.000   0.821   0.005   0.174
E A  1K6LH                204    0.578  63.694   0.000   0.220   0.003   0.777
E G  1K6LH                205    0.775  60.962   0.000   0.130   0.001   0.869
B I  1K6LH                206    0.150  27.706   0.000   0.003   0.003   0.994
E P  1K6LH                207    0.363  51.500   0.000   0.013   0.008   0.979
E T  1K6LH                208    0.624  86.578   0.000   0.015   0.157   0.827
B I  1K6LH                209    0.189  34.984   0.000   0.006   0.105   0.889
E K  1K6LH                210    0.742 152.612   0.000   0.006   0.024   0.970
E S  1K6LH                211    0.514  60.248   0.000   0.001   0.032   0.967
E P  1K6LH                212    0.518  73.446   0.000   0.033   0.020   0.947
E T  1K6LH                213    0.575  79.793   0.000   0.017   0.124   0.859
E E  1K6LH                214    0.660 115.258   0.000   0.019   0.357   0.624
B V  1K6LH                215    0.131  20.200   0.000   0.005   0.103   0.892
E T  1K6LH                216    0.453  62.891   0.000   0.005   0.058   0.937
E L  1K6LH                217    0.458  83.774   0.000   0.905   0.001   0.094
E L  1K6LH                218    0.604 110.533   0.000   0.954   0.001   0.045
E E  1K6LH                219    0.317  55.378   0.000   0.966   0.001   0.033
B E  1K6LH                220    0.113  19.739   0.000   0.991   0.000   0.009
E D  1K6LH                221    0.516  74.372   0.000   0.989   0.000   0.011
E K  1K6LH                222    0.518 106.454   0.000   0.988   0.000   0.012
B I  1K6LH                223    0.098  18.112   0.000   0.983   0.000   0.016
B C  1K6LH                224    0.174  24.479   0.000   0.962   0.001   0.037
E G  1K6LH                225    0.461  36.300   0.000   0.917   0.001   0.082
E Y  1K6LH                226    0.394  84.295   0.000   0.766   0.004   0.230
B V  1K6LH                227    0.169  25.998   0.000   0.503   0.024   0.473
E A  1K6LH                228    0.331  36.481   0.000   0.253   0.040   0.707
E G  1K6LH                229    0.368  28.960   0.000   0.262   0.040   0.698
E G  1K6LH                230    0.326  25.661   0.000   0.295   0.051   0.654
E L  1K6LH                231    0.370  67.801   0.000   0.389   0.062   0.548
E M  1K6LH                232    0.298  59.669   0.000   0.327   0.135   0.538
E Y  1K6LH                233    0.418  89.325   0.000   0.177   0.171   0.652
E A  1K6LH                234    0.359  39.508   0.000   0.040   0.182   0.778
E A  1K6LH                235    0.342  37.670   0.000   0.008   0.047   0.945
E P  1K6LH                236    0.649  92.079   0.000   0.225   0.015   0.761
E K  1K6LH                237    0.768 157.987   0.000   0.213   0.008   0.779
E R  1K6LH                238    0.517 118.435   0.000   0.231   0.021   0.748
E K  1K6LH                239    0.692 142.443   0.000   0.047   0.028   0.926
E S  1K6LH                240    0.941 110.255   0.000   0.000   0.000   1.000
