# For publication of results, please cite:
# ...
# ... Michael Schantz Klausen, Martin Closter Jespersen, Henrik Nielsen, Kamilla Kjærgaard Jensen, 
# ... Vanessa Isabell Jurtz, Casper Kaae Sønderby, Morten Otto Alexander Sommer, Ole Winther, 
# ... Morten Nielsen, Bent Petersen, and Paolo Marcatili. 
# ... NetSurfP-2.0: Improved prediction of protein structural features by integrated deep learning.
# ... Proteins: Structure, Function, and Bioinformatics (Feb. 2019).
# ... https://doi.org/10.1002/prot.25674
# ...
#
# Column 1: Class assignment - B for buried or E for Exposed - Threshold: 25% exposure, but not based on RSA
# Column 2: Amino acid
# Column 3: Sequence name
# Column 4: Amino acid number
# Column 5: Relative Surface Accessibility - RSA
# Column 6: Absolute Surface Accessibility
# Column 7: Not used
# Column 8: Probability for Alpha-Helix
# Column 9: Probability for Beta-strand
# Column 10: Probability for Coil
E M  1G61A                  1    0.835 167.046   0.000   0.000   0.000   1.000
E T  1G61A                  2    0.784 108.804   0.000   0.000   0.015   0.985
E M  1G61A                  3    0.533 106.574   0.000   0.002   0.068   0.930
E I  1G61A                  4    0.265  49.057   0.000   0.001   0.533   0.466
E I  1G61A                  5    0.275  50.958   0.000   0.000   0.959   0.041
E R  1G61A                  6    0.514 117.740   0.000   0.000   0.954   0.045
E K  1G61A                  7    0.265  54.425   0.000   0.001   0.918   0.081
E Y  1G61A                  8    0.546 116.616   0.000   0.001   0.907   0.091
B F  1G61A                  9    0.076  15.277   0.000   0.003   0.836   0.161
E S  1G61A                 10    0.468  54.831   0.000   0.010   0.121   0.869
E G  1G61A                 11    0.672  52.856   0.000   0.004   0.011   0.984
B I  1G61A                 12    0.124  23.005   0.000   0.006   0.604   0.390
E P  1G61A                 13    0.291  41.343   0.000   0.072   0.281   0.646
B T  1G61A                 14    0.165  22.885   0.000   0.114   0.432   0.454
B I  1G61A                 15    0.029   5.274   0.000   0.152   0.678   0.170
B G  1G61A                 16    0.025   1.953   0.000   0.228   0.632   0.140
B V  1G61A                 17    0.024   3.680   0.000   0.352   0.578   0.070
B L  1G61A                 18    0.036   6.525   0.000   0.232   0.734   0.034
B A  1G61A                 19    0.010   1.096   0.000   0.051   0.935   0.014
B L  1G61A                 20    0.063  11.484   0.000   0.017   0.973   0.009
B T  1G61A                 21    0.031   4.252   0.000   0.012   0.898   0.091
B T  1G61A                 22    0.084  11.653   0.000   0.002   0.289   0.709
E E  1G61A                 23    0.396  69.153   0.000   0.001   0.006   0.993
E E  1G61A                 24    0.464  81.057   0.000   0.000   0.005   0.995
B I  1G61A                 25    0.068  12.503   0.000   0.000   0.913   0.087
B T  1G61A                 26    0.008   1.045   0.000   0.000   0.999   0.001
B L  1G61A                 27    0.016   2.915   0.000   0.000   0.999   0.001
B L  1G61A                 28    0.006   1.103   0.000   0.000   0.985   0.015
B P  1G61A                 29    0.025   3.510   0.000   0.000   0.901   0.099
B I  1G61A                 30    0.231  42.805   0.000   0.006   0.006   0.988
E F  1G61A                 31    0.439  88.029   0.000   0.016   0.007   0.978
B L  1G61A                 32    0.050   9.237   0.000   0.006   0.012   0.982
E D  1G61A                 33    0.552  79.613   0.000   0.002   0.005   0.993
E K  1G61A                 34    0.674 138.717   0.000   0.938   0.000   0.062
E D  1G61A                 35    0.770 110.962   0.000   0.954   0.000   0.046
B D  1G61A                 36    0.177  25.513   0.000   0.966   0.000   0.034
B V  1G61A                 37    0.091  13.999   0.000   0.987   0.000   0.012
E N  1G61A                 38    0.596  87.197   0.000   0.992   0.000   0.008
E E  1G61A                 39    0.417  72.857   0.000   0.992   0.000   0.008
B V  1G61A                 40    0.007   1.047   0.000   0.994   0.000   0.006
E S  1G61A                 41    0.299  35.058   0.000   0.983   0.000   0.017
E E  1G61A                 42    0.771 134.611   0.000   0.951   0.000   0.049
E V  1G61A                 43    0.274  42.058   0.000   0.933   0.000   0.066
B L  1G61A                 44    0.103  18.912   0.000   0.685   0.004   0.311
E E  1G61A                 45    0.845 147.591   0.000   0.006   0.004   0.990
B T  1G61A                 46    0.167  23.142   0.000   0.002   0.014   0.984
E K  1G61A                 47    0.574 118.003   0.000   0.001   0.475   0.524
B C  1G61A                 48    0.194  27.247   0.000   0.000   0.955   0.045
B L  1G61A                 49    0.207  37.922   0.000   0.000   0.987   0.012
E Q  1G61A                 50    0.498  89.021   0.000   0.000   0.970   0.030
B T  1G61A                 51    0.086  11.916   0.000   0.001   0.618   0.382
E N  1G61A                 52    0.463  67.814   0.000   0.001   0.696   0.302
B I  1G61A                 53    0.073  13.589   0.000   0.021   0.524   0.455
E G  1G61A                 54    0.325  25.546   0.000   0.077   0.027   0.897
E G  1G61A                 55    0.589  46.332   0.000   0.023   0.003   0.974
B S  1G61A                 56    0.144  16.861   0.000   0.031   0.185   0.783
E S  1G61A                 57    0.344  40.345   0.000   0.097   0.025   0.879
B L  1G61A                 58    0.150  27.506   0.000   0.320   0.036   0.643
B V  1G61A                 59    0.071  10.847   0.000   0.559   0.029   0.412
B G  1G61A                 60    0.070   5.530   0.000   0.644   0.033   0.323
B S  1G61A                 61    0.105  12.342   0.000   0.652   0.053   0.295
B L  1G61A                 62    0.053   9.736   0.000   0.672   0.141   0.187
B S  1G61A                 63    0.013   1.537   0.000   0.461   0.430   0.109
B V  1G61A                 64    0.039   6.059   0.000   0.222   0.720   0.058
B A  1G61A                 65    0.024   2.631   0.000   0.084   0.835   0.082
B N  1G61A                 66    0.084  12.291   0.000   0.027   0.474   0.498
E K  1G61A                 67    0.470  96.586   0.000   0.008   0.009   0.983
E Y  1G61A                 68    0.371  79.313   0.000   0.005   0.016   0.979
B G  1G61A                 69    0.013   1.052   0.000   0.000   0.866   0.134
B L  1G61A                 70    0.009   1.621   0.000   0.000   0.988   0.012
B L  1G61A                 71    0.018   3.308   0.000   0.000   0.997   0.003
B L  1G61A                 72    0.008   1.410   0.000   0.000   0.940   0.060
B P  1G61A                 73    0.027   3.841   0.000   0.000   0.677   0.323
E K  1G61A                 74    0.429  88.334   0.000   0.012   0.004   0.984
E I  1G61A                 75    0.417  77.196   0.000   0.019   0.011   0.970
B V  1G61A                 76    0.051   7.854   0.000   0.015   0.011   0.974
E E  1G61A                 77    0.603 105.356   0.000   0.003   0.003   0.994
E D  1G61A                 78    0.735 105.902   0.000   0.986   0.000   0.014
E E  1G61A                 79    0.659 115.108   0.000   0.995   0.000   0.005
B E  1G61A                 80    0.154  26.942   0.000   0.998   0.000   0.002
B L  1G61A                 81    0.074  13.483   0.000   0.998   0.000   0.002
E D  1G61A                 82    0.541  77.925   0.000   0.999   0.000   0.001
E R  1G61A                 83    0.406  93.019   0.000   0.999   0.000   0.001
B I  1G61A                 84    0.006   1.068   0.000   0.999   0.000   0.001
E K  1G61A                 85    0.363  74.636   0.000   0.997   0.000   0.003
E N  1G61A                 86    0.551  80.596   0.000   0.990   0.000   0.010
B F  1G61A                 87    0.111  22.352   0.000   0.986   0.000   0.014
B L  1G61A                 88    0.018   3.222   0.000   0.954   0.001   0.045
E K  1G61A                 89    0.628 129.264   0.000   0.954   0.001   0.045
E E  1G61A                 90    0.790 138.093   0.000   0.849   0.003   0.148
E N  1G61A                 91    0.526  77.050   0.000   0.173   0.002   0.824
E N  1G61A                 92    0.923 135.191   0.000   0.014   0.002   0.984
B L  1G61A                 93    0.192  35.215   0.000   0.031   0.021   0.948
E D  1G61A                 94    0.810 116.668   0.000   0.007   0.035   0.958
B L  1G61A                 95    0.103  18.837   0.000   0.017   0.177   0.806
E N  1G61A                 96    0.597  87.409   0.000   0.009   0.387   0.603
B V  1G61A                 97    0.122  18.684   0.000   0.003   0.701   0.296
E E  1G61A                 98    0.480  83.908   0.000   0.001   0.971   0.029
E I  1G61A                 99    0.306  56.702   0.000   0.000   0.990   0.010
B I  1G61A                100    0.175  32.419   0.000   0.001   0.932   0.067
E K  1G61A                101    0.614 126.396   0.000   0.010   0.649   0.341
B S  1G61A                102    0.214  25.038   0.000   0.012   0.130   0.858
E K  1G61A                103    0.692 142.259   0.000   0.004   0.016   0.981
E N  1G61A                104    0.302  44.248   0.000   0.006   0.030   0.964
E T  1G61A                105    0.312  43.297   0.000   0.157   0.019   0.824
B A  1G61A                106    0.150  16.481   0.000   0.621   0.008   0.372
B L  1G61A                107    0.122  22.290   0.000   0.762   0.007   0.231
B G  1G61A                108    0.064   5.023   0.000   0.759   0.014   0.226
B N  1G61A                109    0.083  12.083   0.000   0.723   0.037   0.240
B L  1G61A                110    0.033   6.082   0.000   0.664   0.244   0.092
B I  1G61A                111    0.012   2.189   0.000   0.373   0.600   0.027
B L  1G61A                112    0.038   7.010   0.000   0.231   0.753   0.016
B T  1G61A                113    0.016   2.206   0.000   0.080   0.852   0.068
B N  1G61A                114    0.082  12.066   0.000   0.011   0.404   0.584
E D  1G61A                115    0.332  47.820   0.000   0.002   0.012   0.986
E K  1G61A                116    0.386  79.395   0.000   0.001   0.039   0.959
B G  1G61A                117    0.013   1.059   0.000   0.000   0.941   0.058
B A  1G61A                118    0.008   0.857   0.000   0.000   0.995   0.005
B L  1G61A                119    0.037   6.747   0.000   0.000   0.993   0.006
B I  1G61A                120    0.013   2.382   0.000   0.000   0.949   0.051
B S  1G61A                121    0.059   6.895   0.000   0.000   0.030   0.969
E P  1G61A                122    0.334  47.334   0.000   0.828   0.001   0.171
E E  1G61A                123    0.564  98.470   0.000   0.745   0.001   0.254
B L  1G61A                124    0.062  11.331   0.000   0.808   0.001   0.190
E K  1G61A                125    0.574 118.168   0.000   0.830   0.001   0.169
E D  1G61A                126    0.735 105.954   0.000   0.825   0.001   0.174
B F  1G61A                127    0.137  27.567   0.000   0.878   0.001   0.121
E K  1G61A                128    0.297  61.195   0.000   0.958   0.001   0.041
E K  1G61A                129    0.583 119.836   0.000   0.975   0.001   0.024
E D  1G61A                130    0.419  60.351   0.000   0.972   0.002   0.026
B I  1G61A                131    0.010   1.772   0.000   0.985   0.000   0.014
E E  1G61A                132    0.386  67.495   0.000   0.977   0.000   0.023
E D  1G61A                133    0.787 113.409   0.000   0.977   0.000   0.023
E S  1G61A                134    0.317  37.148   0.000   0.926   0.000   0.073
B L  1G61A                135    0.089  16.354   0.000   0.646   0.003   0.351
E N  1G61A                136    0.823 120.441   0.000   0.003   0.003   0.994
B V  1G61A                137    0.089  13.699   0.000   0.001   0.036   0.963
E E  1G61A                138    0.619 108.168   0.000   0.001   0.538   0.460
B V  1G61A                139    0.220  33.867   0.000   0.000   0.960   0.039
E E  1G61A                140    0.396  69.178   0.000   0.000   0.990   0.010
E I  1G61A                141    0.431  79.810   0.000   0.000   0.977   0.022
B G  1G61A                142    0.177  13.930   0.000   0.001   0.778   0.222
E T  1G61A                143    0.371  51.458   0.000   0.002   0.754   0.244
B I  1G61A                144    0.057  10.620   0.000   0.102   0.364   0.533
E A  1G61A                145    0.283  31.219   0.000   0.149   0.009   0.842
E E  1G61A                146    0.735 128.393   0.000   0.068   0.012   0.920
B L  1G61A                147    0.197  36.097   0.000   0.006   0.234   0.760
E P  1G61A                148    0.427  60.543   0.000   0.022   0.222   0.756
B T  1G61A                149    0.157  21.800   0.000   0.023   0.214   0.763
B V  1G61A                150    0.108  16.596   0.000   0.078   0.148   0.774
B G  1G61A                151    0.105   8.258   0.000   0.188   0.046   0.767
B S  1G61A                152    0.107  12.572   0.000   0.215   0.048   0.736
B N  1G61A                153    0.083  12.084   0.000   0.129   0.337   0.534
B A  1G61A                154    0.009   1.017   0.000   0.025   0.882   0.093
B V  1G61A                155    0.024   3.688   0.000   0.010   0.981   0.010
B V  1G61A                156    0.016   2.406   0.000   0.004   0.987   0.009
B T  1G61A                157    0.047   6.587   0.000   0.001   0.745   0.254
E N  1G61A                158    0.313  45.880   0.000   0.001   0.007   0.991
E K  1G61A                159    0.422  86.736   0.000   0.000   0.002   0.997
B G  1G61A                160    0.017   1.351   0.000   0.000   0.876   0.124
B C  1G61A                161    0.010   1.363   0.000   0.000   0.989   0.011
B L  1G61A                162    0.029   5.255   0.000   0.000   0.993   0.007
B T  1G61A                163    0.008   1.050   0.000   0.000   0.974   0.026
B H  1G61A                164    0.047   8.515   0.000   0.000   0.079   0.920
B P  1G61A                165    0.237  33.683   0.000   0.007   0.002   0.990
E L  1G61A                166    0.491  89.846   0.000   0.018   0.005   0.977
B V  1G61A                167    0.050   7.622   0.000   0.004   0.004   0.992
E E  1G61A                168    0.625 109.167   0.000   0.001   0.002   0.997
E D  1G61A                169    0.727 104.799   0.000   0.975   0.000   0.025
E D  1G61A                170    0.733 105.584   0.000   0.987   0.000   0.013
B E  1G61A                171    0.151  26.387   0.000   0.994   0.000   0.006
B L  1G61A                172    0.103  18.843   0.000   0.997   0.000   0.003
E E  1G61A                173    0.591 103.270   0.000   0.998   0.000   0.002
E F  1G61A                174    0.349  69.946   0.000   0.998   0.000   0.002
B L  1G61A                175    0.006   1.101   0.000   0.995   0.000   0.005
E K  1G61A                176    0.398  81.790   0.000   0.989   0.000   0.011
E S  1G61A                177    0.733  85.958   0.000   0.976   0.000   0.024
E L  1G61A                178    0.286  52.310   0.000   0.932   0.000   0.068
B F  1G61A                179    0.107  21.473   0.000   0.570   0.003   0.427
E K  1G61A                180    0.773 159.024   0.000   0.004   0.004   0.992
B V  1G61A                181    0.095  14.534   0.000   0.003   0.049   0.948
E E  1G61A                182    0.674 117.834   0.000   0.005   0.418   0.577
E Y  1G61A                183    0.353  75.484   0.000   0.001   0.920   0.078
E I  1G61A                184    0.268  49.502   0.000   0.003   0.726   0.271
E G  1G61A                185    0.318  24.988   0.000   0.010   0.582   0.408
E K  1G61A                186    0.569 117.106   0.000   0.021   0.542   0.437
B G  1G61A                187    0.221  17.431   0.000   0.022   0.542   0.436
E T  1G61A                188    0.322  44.679   0.000   0.052   0.576   0.372
B A  1G61A                189    0.121  13.324   0.000   0.104   0.399   0.497
E N  1G61A                190    0.377  55.120   0.000   0.059   0.166   0.775
E K  1G61A                191    0.577 118.736   0.000   0.083   0.040   0.877
E G  1G61A                192    0.556  43.726   0.000   0.035   0.016   0.949
E T  1G61A                193    0.259  35.879   0.000   0.029   0.160   0.811
E T  1G61A                194    0.461  63.963   0.000   0.025   0.072   0.903
B S  1G61A                195    0.164  19.246   0.000   0.051   0.191   0.758
B V  1G61A                196    0.115  17.655   0.000   0.137   0.165   0.698
B G  1G61A                197    0.074   5.857   0.000   0.255   0.132   0.613
B A  1G61A                198    0.053   5.872   0.000   0.210   0.173   0.617
B C  1G61A                199    0.027   3.826   0.000   0.085   0.556   0.359
B I  1G61A                200    0.023   4.220   0.000   0.018   0.930   0.052
B I  1G61A                201    0.025   4.551   0.000   0.008   0.987   0.006
B A  1G61A                202    0.016   1.725   0.000   0.005   0.981   0.015
B N  1G61A                203    0.081  11.906   0.000   0.003   0.551   0.446
E S  1G61A                204    0.283  33.168   0.000   0.001   0.008   0.991
E K  1G61A                205    0.379  78.048   0.000   0.001   0.010   0.990
B G  1G61A                206    0.019   1.486   0.000   0.000   0.929   0.071
B A  1G61A                207    0.010   1.105   0.000   0.000   0.995   0.005
B V  1G61A                208    0.047   7.298   0.000   0.000   0.996   0.004
B V  1G61A                209    0.016   2.514   0.000   0.000   0.971   0.029
B G  1G61A                210    0.053   4.196   0.000   0.001   0.413   0.587
E G  1G61A                211    0.343  26.976   0.000   0.002   0.023   0.976
E D  1G61A                212    0.640  92.215   0.000   0.005   0.007   0.988
B T  1G61A                213    0.046   6.353   0.000   0.003   0.012   0.985
E T  1G61A                214    0.479  66.398   0.000   0.003   0.009   0.988
E G  1G61A                215    0.428  33.683   0.000   0.960   0.000   0.040
E P  1G61A                216    0.560  79.522   0.000   0.990   0.000   0.010
B E  1G61A                217    0.151  26.320   0.000   0.997   0.000   0.003
B L  1G61A                218    0.075  13.758   0.000   0.998   0.000   0.002
E L  1G61A                219    0.447  81.809   0.000   0.996   0.000   0.004
B I  1G61A                220    0.247  45.728   0.000   0.997   0.000   0.003
B I  1G61A                221    0.011   1.966   0.000   0.998   0.000   0.002
E E  1G61A                222    0.283  49.422   0.000   0.998   0.000   0.002
E D  1G61A                223    0.706 101.690   0.000   0.996   0.000   0.004
B A  1G61A                224    0.168  18.503   0.000   0.980   0.000   0.020
B L  1G61A                225    0.081  14.810   0.000   0.644   0.000   0.355
E G  1G61A                226    0.612  48.129   0.000   0.010   0.002   0.988
B L  1G61A                227    0.228  41.739   0.000   0.019   0.011   0.971
E I  1G61A                228    0.552 102.130   0.000   0.000   0.001   0.999
