# For publication of results, please cite:
# ...
# ... Michael Schantz Klausen, Martin Closter Jespersen, Henrik Nielsen, Kamilla Kjærgaard Jensen, 
# ... Vanessa Isabell Jurtz, Casper Kaae Sønderby, Morten Otto Alexander Sommer, Ole Winther, 
# ... Morten Nielsen, Bent Petersen, and Paolo Marcatili. 
# ... NetSurfP-2.0: Improved prediction of protein structural features by integrated deep learning.
# ... Proteins: Structure, Function, and Bioinformatics (Feb. 2019).
# ... https://doi.org/10.1002/prot.25674
# ...
#
# Column 1: Class assignment - B for buried or E for Exposed - Threshold: 25% exposure, but not based on RSA
# Column 2: Amino acid
# Column 3: Sequence name
# Column 4: Amino acid number
# Column 5: Relative Surface Accessibility - RSA
# Column 6: Absolute Surface Accessibility
# Column 7: Not used
# Column 8: Probability for Alpha-Helix
# Column 9: Probability for Beta-strand
# Column 10: Probability for Coil
E S  3D2QD                  1    0.930 109.054   0.000   0.000   0.000   1.000
E R  3D2QD                  2    0.764 174.957   0.000   0.036   0.009   0.955
E T  3D2QD                  3    0.689  95.619   0.000   0.091   0.034   0.875
E D  3D2QD                  4    0.731 105.300   0.000   0.108   0.064   0.828
E R  3D2QD                  5    0.622 142.409   0.000   0.065   0.357   0.578
E L  3D2QD                  6    0.366  67.032   0.000   0.023   0.625   0.352
E E  3D2QD                  7    0.578 100.912   0.000   0.030   0.710   0.260
B V  3D2QD                  8    0.160  24.668   0.000   0.026   0.759   0.214
B C  3D2QD                  9    0.048   6.773   0.000   0.043   0.122   0.835
E R  3D2QD                 10    0.500 114.567   0.000   0.975   0.000   0.025
E E  3D2QD                 11    0.397  69.407   0.000   0.991   0.000   0.009
B Y  3D2QD                 12    0.115  24.522   0.000   0.996   0.000   0.003
E Q  3D2QD                 13    0.382  68.222   0.000   0.986   0.000   0.014
E R  3D2QD                 14    0.665 152.207   0.000   0.429   0.001   0.570
E G  3D2QD                 15    0.532  41.904   0.000   0.005   0.001   0.994
E N  3D2QD                 16    0.633  92.660   0.000   0.004   0.014   0.982
B C  3D2QD                 17    0.082  11.454   0.000   0.010   0.030   0.960
E N  3D2QD                 18    0.730 106.858   0.000   0.019   0.009   0.972
E R  3D2QD                 19    0.505 115.680   0.000   0.050   0.017   0.933
E G  3D2QD                 20    0.360  28.328   0.000   0.204   0.017   0.779
E E  3D2QD                 21    0.638 111.537   0.000   0.527   0.004   0.469
E N  3D2QD                 22    0.830 121.537   0.000   0.561   0.002   0.438
E D  3D2QD                 23    0.664  95.719   0.000   0.563   0.007   0.430
B C  3D2QD                 24    0.082  11.567   0.000   0.024   0.036   0.940
E R  3D2QD                 25    0.648 148.431   0.000   0.104   0.022   0.874
B F  3D2QD                 26    0.236  47.368   0.000   0.102   0.058   0.840
B A  3D2QD                 27    0.184  20.275   0.000   0.044   0.274   0.682
B H  3D2QD                 28    0.151  27.377   0.000   0.002   0.161   0.837
E P  3D2QD                 29    0.425  60.342   0.000   0.009   0.154   0.837
E A  3D2QD                 30    0.422  46.528   0.000   0.469   0.012   0.520
E D  3D2QD                 31    0.836 120.454   0.000   0.494   0.010   0.496
E S  3D2QD                 32    0.480  56.208   0.000   0.481   0.042   0.477
E T  3D2QD                 33    0.385  53.344   0.000   0.170   0.211   0.619
E M  3D2QD                 34    0.402  80.523   0.000   0.066   0.658   0.276
E I  3D2QD                 35    0.341  63.051   0.000   0.016   0.737   0.247
E D  3D2QD                 36    0.432  62.274   0.000   0.010   0.565   0.425
E T  3D2QD                 37    0.608  84.293   0.000   0.068   0.028   0.904
E N  3D2QD                 38    0.856 125.342   0.000   0.062   0.014   0.924
E D  3D2QD                 39    0.656  94.600   0.000   0.056   0.016   0.928
E N  3D2QD                 40    0.581  85.116   0.000   0.008   0.025   0.968
E T  3D2QD                 41    0.370  51.303   0.000   0.002   0.748   0.250
B V  3D2QD                 42    0.162  24.859   0.000   0.001   0.903   0.096
E T  3D2QD                 43    0.275  38.104   0.000   0.002   0.889   0.109
B V  3D2QD                 44    0.053   8.121   0.000   0.004   0.910   0.086
B C  3D2QD                 45    0.033   4.649   0.000   0.048   0.476   0.476
E M  3D2QD                 46    0.273  54.658   0.000   0.996   0.000   0.004
B D  3D2QD                 47    0.222  31.945   0.000   0.998   0.000   0.002
B Y  3D2QD                 48    0.166  35.398   0.000   0.998   0.000   0.002
B I  3D2QD                 49    0.249  46.039   0.000   0.991   0.000   0.009
E K  3D2QD                 50    0.602 123.838   0.000   0.453   0.001   0.546
E G  3D2QD                 51    0.531  41.755   0.000   0.006   0.000   0.993
E R  3D2QD                 52    0.589 134.806   0.000   0.004   0.011   0.985
B C  3D2QD                 53    0.082  11.499   0.000   0.012   0.031   0.957
E S  3D2QD                 54    0.629  73.664   0.000   0.010   0.012   0.978
E R  3D2QD                 55    0.460 105.418   0.000   0.077   0.004   0.918
E E  3D2QD                 56    0.870 151.944   0.000   0.231   0.001   0.768
E K  3D2QD                 57    0.728 149.782   0.000   0.220   0.004   0.776
B C  3D2QD                 58    0.089  12.498   0.000   0.029   0.027   0.944
E K  3D2QD                 59    0.602 123.908   0.000   0.079   0.033   0.888
E Y  3D2QD                 60    0.278  59.365   0.000   0.107   0.107   0.786
E F  3D2QD                 61    0.270  54.256   0.000   0.085   0.261   0.655
B H  3D2QD                 62    0.173  31.441   0.000   0.007   0.118   0.875
E P  3D2QD                 63    0.326  46.310   0.000   0.013   0.005   0.981
E P  3D2QD                 64    0.461  65.347   0.000   0.545   0.005   0.451
E A  3D2QD                 65    0.652  71.853   0.000   0.805   0.002   0.192
E H  3D2QD                 66    0.562 102.317   0.000   0.856   0.003   0.141
E L  3D2QD                 67    0.284  51.963   0.000   0.622   0.012   0.367
E Q  3D2QD                 68    0.703 125.640   0.000   0.248   0.033   0.719
E A  3D2QD                 69    0.724  79.749   0.000   0.096   0.021   0.882
E K  3D2QD                 70    0.833 171.366   0.000   0.001   0.000   0.999
