# For publication of results, please cite:
# ...
# ... Michael Schantz Klausen, Martin Closter Jespersen, Henrik Nielsen, Kamilla Kjærgaard Jensen, 
# ... Vanessa Isabell Jurtz, Casper Kaae Sønderby, Morten Otto Alexander Sommer, Ole Winther, 
# ... Morten Nielsen, Bent Petersen, and Paolo Marcatili. 
# ... NetSurfP-2.0: Improved prediction of protein structural features by integrated deep learning.
# ... Proteins: Structure, Function, and Bioinformatics (Feb. 2019).
# ... https://doi.org/10.1002/prot.25674
# ...
#
# Column 1: Class assignment - B for buried or E for Exposed - Threshold: 25% exposure, but not based on RSA
# Column 2: Amino acid
# Column 3: Sequence name
# Column 4: Amino acid number
# Column 5: Relative Surface Accessibility - RSA
# Column 6: Absolute Surface Accessibility
# Column 7: Not used
# Column 8: Probability for Alpha-Helix
# Column 9: Probability for Beta-strand
# Column 10: Probability for Coil
E K  1F46B                  1    0.907 186.571   0.000   0.000   0.000   0.999
E R  1F46B                  2    0.764 174.875   0.000   0.017   0.022   0.961
E K  1F46B                  3    0.660 135.800   0.000   0.031   0.050   0.919
E E  1F46B                  4    0.542  94.741   0.000   0.033   0.261   0.706
B A  1F46B                  5    0.135  14.924   0.000   0.006   0.757   0.237
B V  1F46B                  6    0.235  36.157   0.000   0.001   0.928   0.072
B I  1F46B                  7    0.047   8.616   0.000   0.000   0.993   0.007
B I  1F46B                  8    0.192  35.578   0.000   0.000   0.991   0.009
B M  1F46B                  9    0.020   4.085   0.000   0.000   0.999   0.001
B N  1F46B                 10    0.233  34.045   0.000   0.000   0.997   0.003
B V  1F46B                 11    0.014   2.134   0.000   0.000   0.997   0.003
B A  1F46B                 12    0.155  17.125   0.000   0.000   0.989   0.011
B A  1F46B                 13    0.041   4.539   0.000   0.001   0.680   0.319
E H  1F46B                 14    0.450  81.772   0.000   0.010   0.131   0.859
E H  1F46B                 15    0.680 123.735   0.000   0.009   0.010   0.981
E G  1F46B                 16    0.717  56.420   0.000   0.005   0.002   0.992
E S  1F46B                 17    0.342  40.035   0.000   0.003   0.068   0.929
E E  1F46B                 18    0.604 105.518   0.000   0.001   0.349   0.650
B L  1F46B                 19    0.077  14.128   0.000   0.001   0.778   0.221
E N  1F46B                 20    0.441  64.567   0.000   0.002   0.601   0.397
B G  1F46B                 21    0.107   8.422   0.000   0.948   0.001   0.051
E E  1F46B                 22    0.628 109.717   0.000   0.995   0.000   0.005
E L  1F46B                 23    0.324  59.247   0.000   0.998   0.000   0.002
B L  1F46B                 24    0.013   2.290   0.000   0.999   0.000   0.001
B L  1F46B                 25    0.164  30.075   0.000   0.999   0.000   0.001
E N  1F46B                 26    0.558  81.669   0.000   0.998   0.000   0.002
B S  1F46B                 27    0.098  11.509   0.000   0.998   0.000   0.002
B I  1F46B                 28    0.017   3.115   0.000   0.998   0.000   0.002
E Q  1F46B                 29    0.541  96.554   0.000   0.994   0.000   0.006
E Q  1F46B                 30    0.738 131.788   0.000   0.904   0.000   0.096
B A  1F46B                 31    0.184  20.243   0.000   0.143   0.000   0.857
E G  1F46B                 32    0.445  34.986   0.000   0.002   0.001   0.997
B F  1F46B                 33    0.076  15.234   0.000   0.001   0.219   0.780
E I  1F46B                 34    0.465  86.043   0.000   0.000   0.927   0.073
E F  1F46B                 35    0.361  72.514   0.000   0.000   0.904   0.096
E G  1F46B                 36    0.305  23.984   0.000   0.052   0.157   0.791
E D  1F46B                 37    0.863 124.382   0.000   0.241   0.070   0.689
E M  1F46B                 38    0.504 100.821   0.000   0.145   0.010   0.845
E N  1F46B                 39    0.545  79.832   0.000   0.013   0.040   0.947
B I  1F46B                 40    0.113  20.986   0.000   0.001   0.826   0.173
B Y  1F46B                 41    0.118  25.315   0.000   0.000   0.972   0.028
B H  1F46B                 42    0.124  22.477   0.000   0.000   0.987   0.013
B R  1F46B                 43    0.200  45.898   0.000   0.001   0.979   0.020
B H  1F46B                 44    0.206  37.500   0.000   0.001   0.941   0.057
E L  1F46B                 45    0.302  55.244   0.000   0.004   0.775   0.221
E S  1F46B                 46    0.260  30.438   0.000   0.001   0.046   0.953
E P  1F46B                 47    0.728 103.363   0.000   0.003   0.003   0.994
E D  1F46B                 48    0.853 122.909   0.000   0.005   0.001   0.994
E G  1F46B                 49    0.463  36.462   0.000   0.003   0.005   0.993
E S  1F46B                 50    0.645  75.614   0.000   0.001   0.011   0.988
E G  1F46B                 51    0.398  31.345   0.000   0.003   0.107   0.890
E P  1F46B                 52    0.575  81.537   0.000   0.001   0.064   0.936
B A  1F46B                 53    0.235  25.884   0.000   0.001   0.551   0.448
E L  1F46B                 54    0.290  53.099   0.000   0.001   0.744   0.255
B F  1F46B                 55    0.086  17.188   0.000   0.000   0.990   0.010
B S  1F46B                 56    0.202  23.675   0.000   0.000   0.995   0.005
B L  1F46B                 57    0.079  14.428   0.000   0.000   0.992   0.008
B A  1F46B                 58    0.146  16.088   0.000   0.000   0.990   0.010
B N  1F46B                 59    0.181  26.569   0.000   0.000   0.917   0.083
E M  1F46B                 60    0.345  69.043   0.000   0.004   0.470   0.526
E V  1F46B                 61    0.417  64.086   0.000   0.002   0.209   0.789
E K  1F46B                 62    0.695 142.989   0.000   0.001   0.074   0.925
E P  1F46B                 63    0.629  89.232   0.000   0.005   0.023   0.972
E G  1F46B                 64    0.502  39.475   0.000   0.005   0.117   0.878
E T  1F46B                 65    0.505  70.033   0.000   0.018   0.077   0.904
E F  1F46B                 66    0.327  65.661   0.000   0.008   0.074   0.919
E D  1F46B                 67    0.475  68.438   0.000   0.003   0.010   0.988
E P  1F46B                 68    0.597  84.719   0.000   0.280   0.002   0.718
E E  1F46B                 69    0.730 127.478   0.000   0.198   0.002   0.800
E M  1F46B                 70    0.268  53.554   0.000   0.336   0.005   0.658
E K  1F46B                 71    0.728 149.737   0.000   0.176   0.010   0.814
E D  1F46B                 72    0.783 112.898   0.000   0.189   0.042   0.770
E F  1F46B                 73    0.299  60.006   0.000   0.031   0.163   0.806
E T  1F46B                 74    0.585  81.109   0.000   0.004   0.549   0.446
B T  1F46B                 75    0.107  14.901   0.000   0.001   0.595   0.404
E P  1F46B                 76    0.411  58.254   0.000   0.001   0.605   0.394
B G  1F46B                 77    0.145  11.397   0.000   0.000   0.783   0.216
B V  1F46B                 78    0.053   8.129   0.000   0.000   0.963   0.037
E T  1F46B                 79    0.252  34.992   0.000   0.000   0.993   0.007
B I  1F46B                 80    0.035   6.413   0.000   0.000   0.998   0.002
E F  1F46B                 81    0.339  68.011   0.000   0.000   0.994   0.006
B M  1F46B                 82    0.035   7.035   0.000   0.000   0.965   0.034
E Q  1F46B                 83    0.399  71.339   0.000   0.000   0.872   0.128
B V  1F46B                 84    0.048   7.410   0.000   0.001   0.323   0.676
E P  1F46B                 85    0.254  36.067   0.000   0.010   0.269   0.721
E S  1F46B                 86    0.338  39.628   0.000   0.020   0.137   0.843
E Y  1F46B                 87    0.498 106.476   0.000   0.044   0.085   0.872
E G  1F46B                 88    0.686  53.968   0.000   0.036   0.010   0.954
E D  1F46B                 89    0.566  81.524   0.000   0.062   0.004   0.934
E E  1F46B                 90    0.402  70.245   0.000   0.920   0.001   0.079
E L  1F46B                 91    0.549 100.524   0.000   0.926   0.002   0.073
E Q  1F46B                 92    0.514  91.842   0.000   0.979   0.000   0.021
B L  1F46B                 93    0.077  14.015   0.000   0.992   0.000   0.008
B F  1F46B                 94    0.240  48.257   0.000   0.995   0.000   0.005
E K  1F46B                 95    0.538 110.723   0.000   0.999   0.000   0.001
B L  1F46B                 96    0.176  32.214   0.000   0.999   0.000   0.001
B M  1F46B                 97    0.047   9.403   0.000   1.000   0.000   0.000
B L  1F46B                 98    0.176  32.187   0.000   1.000   0.000   0.000
E Q  1F46B                 99    0.528  94.332   0.000   1.000   0.000   0.000
B S  1F46B                100    0.045   5.260   0.000   0.999   0.000   0.001
B A  1F46B                101    0.017   1.831   0.000   1.000   0.000   0.000
E Q  1F46B                102    0.441  78.794   0.000   1.000   0.000   0.000
E H  1F46B                103    0.392  71.253   0.000   0.999   0.000   0.001
B I  1F46B                104    0.025   4.649   0.000   0.999   0.000   0.001
B A  1F46B                105    0.037   4.071   0.000   0.999   0.000   0.001
E D  1F46B                106    0.728 104.976   0.000   0.998   0.000   0.002
E E  1F46B                107    0.541  94.546   0.000   0.979   0.000   0.021
B V  1F46B                108    0.139  21.291   0.000   0.496   0.000   0.504
E G  1F46B                109    0.608  47.851   0.000   0.003   0.002   0.996
B G  1F46B                110    0.090   7.110   0.000   0.003   0.019   0.978
E V  1F46B                111    0.332  50.992   0.000   0.000   0.945   0.055
B V  1F46B                112    0.091  13.933   0.000   0.000   0.975   0.025
B L  1F46B                113    0.182  33.339   0.000   0.000   0.985   0.015
B D  1F46B                114    0.223  32.158   0.000   0.001   0.076   0.923
E D  1F46B                115    0.633  91.235   0.000   0.001   0.003   0.997
E Q  1F46B                116    0.735 131.330   0.000   0.001   0.000   0.998
E R  1F46B                117    0.598 136.935   0.000   0.001   0.000   0.999
E R  1F46B                118    0.624 142.788   0.000   0.001   0.038   0.961
E M  1F46B                119    0.452  90.489   0.000   0.000   0.977   0.023
B M  1F46B                120    0.092  18.379   0.000   0.000   0.012   0.987
E T  1F46B                121    0.412  57.140   0.000   0.001   0.000   0.999
E P  1F46B                122    0.604  85.688   0.000   0.986   0.000   0.014
E Q  1F46B                123    0.708 126.453   0.000   0.990   0.000   0.010
E K  1F46B                124    0.366  75.261   0.000   0.994   0.000   0.006
B L  1F46B                125    0.114  20.855   0.000   0.997   0.000   0.003
E R  1F46B                126    0.565 129.423   0.000   0.998   0.000   0.002
E E  1F46B                127    0.539  94.156   0.000   0.998   0.000   0.002
B Y  1F46B                128    0.123  26.360   0.000   0.997   0.000   0.003
E Q  1F46B                129    0.293  52.338   0.000   1.000   0.000   0.000
E D  1F46B                130    0.559  80.573   0.000   0.999   0.000   0.001
E I  1F46B                131    0.305  56.414   0.000   0.999   0.000   0.001
B I  1F46B                132    0.038   7.045   0.000   0.999   0.000   0.001
E R  1F46B                133    0.483 110.654   0.000   0.996   0.000   0.004
E E  1F46B                134    0.601 104.941   0.000   0.988   0.000   0.011
B V  1F46B                135    0.163  25.016   0.000   0.981   0.000   0.019
E K  1F46B                136    0.318  65.435   0.000   0.959   0.000   0.041
E D  1F46B                137    0.781 112.547   0.000   0.833   0.000   0.166
E A  1F46B                138    0.671  73.902   0.000   0.595   0.000   0.405
E N  1F46B                139    0.621  90.932   0.000   0.186   0.000   0.814
E A  1F46B                140    0.892  98.285   0.000   0.003   0.000   0.997
