# For publication of results, please cite:
# ...
# ... Michael Schantz Klausen, Martin Closter Jespersen, Henrik Nielsen, Kamilla Kjærgaard Jensen, 
# ... Vanessa Isabell Jurtz, Casper Kaae Sønderby, Morten Otto Alexander Sommer, Ole Winther, 
# ... Morten Nielsen, Bent Petersen, and Paolo Marcatili. 
# ... NetSurfP-2.0: Improved prediction of protein structural features by integrated deep learning.
# ... Proteins: Structure, Function, and Bioinformatics (Feb. 2019).
# ... https://doi.org/10.1002/prot.25674
# ...
#
# Column 1: Class assignment - B for buried or E for Exposed - Threshold: 25% exposure, but not based on RSA
# Column 2: Amino acid
# Column 3: Sequence name
# Column 4: Amino acid number
# Column 5: Relative Surface Accessibility - RSA
# Column 6: Absolute Surface Accessibility
# Column 7: Not used
# Column 8: Probability for Alpha-Helix
# Column 9: Probability for Beta-strand
# Column 10: Probability for Coil
E D  1W8AA                  1    0.934 134.544   0.000   0.000   0.000   0.999
E C  1W8AA                  2    0.269  37.717   0.000   0.001   0.003   0.996
E P  1W8AA                  3    0.350  49.600   0.000   0.023   0.005   0.973
E A  1W8AA                  4    0.644  70.970   0.000   0.068   0.012   0.921
E M  1W8AA                  5    0.402  80.528   0.000   0.106   0.049   0.845
B C  1W8AA                  6    0.106  14.887   0.000   0.052   0.125   0.823
E H  1W8AA                  7    0.546  99.280   0.000   0.031   0.391   0.578
B C  1W8AA                  8    0.143  20.117   0.000   0.012   0.139   0.849
E E  1W8AA                  9    0.618 108.045   0.000   0.003   0.227   0.770
E G  1W8AA                 10    0.439  34.544   0.000   0.001   0.016   0.984
E T  1W8AA                 11    0.417  57.888   0.000   0.000   0.093   0.907
E T  1W8AA                 12    0.401  55.572   0.000   0.000   0.966   0.033
B V  1W8AA                 13    0.054   8.244   0.000   0.000   0.975   0.024
E D  1W8AA                 14    0.405  58.372   0.000   0.000   0.978   0.022
B C  1W8AA                 15    0.006   0.862   0.000   0.001   0.002   0.997
E T  1W8AA                 16    0.299  41.485   0.000   0.006   0.011   0.983
E G  1W8AA                 17    0.626  49.302   0.000   0.014   0.004   0.983
E R  1W8AA                 18    0.302  69.238   0.000   0.017   0.007   0.977
E G  1W8AA                 19    0.450  35.401   0.000   0.002   0.004   0.993
B L  1W8AA                 20    0.047   8.520   0.000   0.002   0.008   0.990
E K  1W8AA                 21    0.668 137.476   0.000   0.001   0.010   0.989
E E  1W8AA                 22    0.631 110.226   0.000   0.004   0.365   0.631
B I  1W8AA                 23    0.068  12.491   0.000   0.001   0.109   0.890
B P  1W8AA                 24    0.116  16.453   0.000   0.001   0.015   0.985
E R  1W8AA                 25    0.726 166.217   0.000   0.005   0.002   0.993
E D  1W8AA                 26    0.685  98.764   0.000   0.005   0.007   0.988
B I  1W8AA                 27    0.043   7.995   0.000   0.001   0.007   0.992
B P  1W8AA                 28    0.137  19.373   0.000   0.001   0.001   0.998
E L  1W8AA                 29    0.546 100.001   0.000   0.001   0.001   0.998
E H  1W8AA                 30    0.505  91.832   0.000   0.000   0.002   0.998
B T  1W8AA                 31    0.041   5.754   0.000   0.000   0.003   0.997
E T  1W8AA                 32    0.338  46.817   0.000   0.000   0.011   0.989
E E  1W8AA                 33    0.323  56.472   0.000   0.000   0.994   0.006
B L  1W8AA                 34    0.017   3.032   0.000   0.000   0.997   0.003
B L  1W8AA                 35    0.172  31.407   0.000   0.000   0.993   0.007
B L  1W8AA                 36    0.005   0.960   0.000   0.000   0.004   0.996
B N  1W8AA                 37    0.145  21.265   0.000   0.000   0.011   0.989
E D  1W8AA                 38    0.449  64.689   0.000   0.000   0.006   0.993
B N  1W8AA                 39    0.029   4.289   0.000   0.001   0.009   0.990
E E  1W8AA                 40    0.550  96.110   0.000   0.001   0.023   0.976
B L  1W8AA                 41    0.017   3.182   0.000   0.005   0.035   0.960
E G  1W8AA                 42    0.251  19.786   0.000   0.002   0.067   0.931
E R  1W8AA                 43    0.534 122.377   0.000   0.003   0.814   0.183
B I  1W8AA                 44    0.079  14.696   0.000   0.006   0.765   0.229
B S  1W8AA                 45    0.247  28.934   0.000   0.015   0.151   0.834
E S  1W8AA                 46    0.426  49.899   0.000   0.126   0.013   0.861
E D  1W8AA                 47    0.636  91.611   0.000   0.086   0.014   0.901
B G  1W8AA                 48    0.122   9.597   0.000   0.075   0.006   0.919
B L  1W8AA                 49    0.048   8.880   0.000   0.423   0.005   0.572
B F  1W8AA                 50    0.038   7.711   0.000   0.492   0.009   0.499
E G  1W8AA                 51    0.293  23.091   0.000   0.521   0.006   0.474
E R  1W8AA                 52    0.433  99.101   0.000   0.457   0.002   0.540
B L  1W8AA                 53    0.030   5.481   0.000   0.016   0.001   0.983
E P  1W8AA                 54    0.438  62.150   0.000   0.002   0.000   0.998
E H  1W8AA                 55    0.475  86.356   0.000   0.003   0.001   0.996
B L  1W8AA                 56    0.018   3.212   0.000   0.000   0.002   0.998
E V  1W8AA                 57    0.304  46.722   0.000   0.000   0.003   0.997
E K  1W8AA                 58    0.355  73.096   0.000   0.000   0.995   0.005
B L  1W8AA                 59    0.016   2.879   0.000   0.000   0.998   0.002
B E  1W8AA                 60    0.216  37.651   0.000   0.000   0.992   0.008
B L  1W8AA                 61    0.003   0.582   0.000   0.000   0.001   0.999
B K  1W8AA                 62    0.191  39.202   0.000   0.000   0.004   0.996
E R  1W8AA                 63    0.497 113.911   0.000   0.000   0.003   0.997
B N  1W8AA                 64    0.025   3.613   0.000   0.001   0.006   0.993
E Q  1W8AA                 65    0.519  92.766   0.000   0.001   0.028   0.972
B L  1W8AA                 66    0.012   2.116   0.000   0.001   0.031   0.968
E T  1W8AA                 67    0.432  59.960   0.000   0.001   0.137   0.863
B G  1W8AA                 68    0.220  17.309   0.000   0.001   0.638   0.361
B I  1W8AA                 69    0.072  13.310   0.000   0.001   0.773   0.226
E E  1W8AA                 70    0.385  67.238   0.000   0.001   0.003   0.996
E P  1W8AA                 71    0.339  48.043   0.000   0.046   0.006   0.948
E N  1W8AA                 72    0.453  66.347   0.000   0.126   0.002   0.872
B A  1W8AA                 73    0.053   5.805   0.000   0.372   0.003   0.625
B F  1W8AA                 74    0.010   2.022   0.000   0.185   0.008   0.807
E E  1W8AA                 75    0.547  95.565   0.000   0.051   0.014   0.935
E G  1W8AA                 76    0.463  36.432   0.000   0.054   0.001   0.945
B A  1W8AA                 77    0.031   3.451   0.000   0.009   0.001   0.990
E S  1W8AA                 78    0.558  65.450   0.000   0.002   0.001   0.997
E H  1W8AA                 79    0.502  91.316   0.000   0.003   0.002   0.995
B I  1W8AA                 80    0.016   2.984   0.000   0.000   0.001   0.999
E Q  1W8AA                 81    0.427  76.277   0.000   0.000   0.002   0.998
E E  1W8AA                 82    0.323  56.428   0.000   0.000   0.995   0.005
B L  1W8AA                 83    0.023   4.257   0.000   0.000   0.997   0.003
B Q  1W8AA                 84    0.229  40.821   0.000   0.000   0.990   0.010
B L  1W8AA                 85    0.005   0.941   0.000   0.000   0.001   0.999
B G  1W8AA                 86    0.048   3.804   0.000   0.000   0.003   0.997
E E  1W8AA                 87    0.472  82.466   0.000   0.000   0.004   0.995
B N  1W8AA                 88    0.029   4.177   0.000   0.001   0.007   0.992
E K  1W8AA                 89    0.536 110.273   0.000   0.000   0.012   0.988
B I  1W8AA                 90    0.013   2.479   0.000   0.001   0.013   0.986
E K  1W8AA                 91    0.538 110.693   0.000   0.001   0.030   0.969
E E  1W8AA                 92    0.495  86.563   0.000   0.000   0.890   0.110
B I  1W8AA                 93    0.061  11.335   0.000   0.001   0.859   0.139
B S  1W8AA                 94    0.231  27.083   0.000   0.003   0.041   0.956
E N  1W8AA                 95    0.455  66.680   0.000   0.121   0.005   0.875
E K  1W8AA                 96    0.535 110.071   0.000   0.242   0.004   0.754
B M  1W8AA                 97    0.058  11.615   0.000   0.436   0.003   0.561
B F  1W8AA                 98    0.012   2.484   0.000   0.189   0.009   0.801
E L  1W8AA                 99    0.379  69.370   0.000   0.087   0.010   0.903
E G  1W8AA                100    0.387  30.462   0.000   0.057   0.001   0.943
B L  1W8AA                101    0.026   4.726   0.000   0.021   0.001   0.978
E H  1W8AA                102    0.589 107.089   0.000   0.010   0.001   0.989
E Q  1W8AA                103    0.525  93.754   0.000   0.014   0.001   0.985
B L  1W8AA                104    0.018   3.282   0.000   0.000   0.001   0.999
E K  1W8AA                105    0.463  95.258   0.000   0.000   0.001   0.999
B T  1W8AA                106    0.218  30.303   0.000   0.000   0.995   0.005
B L  1W8AA                107    0.016   2.841   0.000   0.000   0.998   0.002
B N  1W8AA                108    0.172  25.134   0.000   0.000   0.995   0.005
B L  1W8AA                109    0.003   0.504   0.000   0.000   0.000   1.000
B Y  1W8AA                110    0.148  31.695   0.000   0.000   0.003   0.997
E D  1W8AA                111    0.460  66.278   0.000   0.000   0.003   0.997
B N  1W8AA                112    0.022   3.172   0.000   0.001   0.007   0.993
E Q  1W8AA                113    0.533  95.190   0.000   0.000   0.015   0.985
B I  1W8AA                114    0.012   2.293   0.000   0.000   0.025   0.975
E S  1W8AA                115    0.424  49.664   0.000   0.001   0.071   0.929
B C  1W8AA                116    0.248  34.817   0.000   0.001   0.835   0.165
B V  1W8AA                117    0.131  20.072   0.000   0.001   0.869   0.130
B M  1W8AA                118    0.168  33.543   0.000   0.001   0.006   0.993
E P  1W8AA                119    0.431  61.098   0.000   0.032   0.012   0.956
E G  1W8AA                120    0.287  22.617   0.000   0.107   0.002   0.891
B S  1W8AA                121    0.064   7.476   0.000   0.438   0.003   0.559
B F  1W8AA                122    0.014   2.832   0.000   0.525   0.004   0.471
E E  1W8AA                123    0.508  88.818   0.000   0.451   0.003   0.546
E H  1W8AA                124    0.515  93.734   0.000   0.505   0.002   0.493
B L  1W8AA                125    0.025   4.585   0.000   0.033   0.002   0.964
E N  1W8AA                126    0.636  93.172   0.000   0.007   0.000   0.992
E S  1W8AA                127    0.417  48.919   0.000   0.011   0.001   0.988
B L  1W8AA                128    0.021   3.879   0.000   0.000   0.001   0.999
E T  1W8AA                129    0.405  56.237   0.000   0.000   0.003   0.997
B S  1W8AA                130    0.229  26.831   0.000   0.000   0.992   0.008
B L  1W8AA                131    0.028   5.114   0.000   0.000   0.998   0.002
B N  1W8AA                132    0.226  33.089   0.000   0.000   0.991   0.009
B L  1W8AA                133    0.006   1.052   0.000   0.000   0.001   0.999
B A  1W8AA                134    0.087   9.626   0.000   0.000   0.003   0.997
E S  1W8AA                135    0.462  54.122   0.000   0.000   0.004   0.995
B N  1W8AA                136    0.040   5.819   0.000   0.000   0.009   0.991
E P  1W8AA                137    0.378  53.609   0.000   0.003   0.051   0.946
B F  1W8AA                138    0.031   6.131   0.000   0.006   0.388   0.606
E N  1W8AA                139    0.471  68.935   0.000   0.006   0.546   0.447
B C  1W8AA                140    0.165  23.230   0.000   0.009   0.446   0.545
E N  1W8AA                141    0.519  75.931   0.000   0.020   0.384   0.596
B C  1W8AA                142    0.071   9.924   0.000   0.032   0.232   0.736
E H  1W8AA                143    0.452  82.239   0.000   0.067   0.245   0.689
B L  1W8AA                144    0.165  30.173   0.000   0.806   0.007   0.187
E A  1W8AA                145    0.341  37.540   0.000   0.941   0.003   0.056
E W  1W8AA                146    0.319  76.715   0.000   0.962   0.002   0.035
B F  1W8AA                147    0.059  11.877   0.000   0.966   0.002   0.032
B A  1W8AA                148    0.123  13.566   0.000   0.979   0.001   0.020
E E  1W8AA                149    0.539  94.241   0.000   0.979   0.001   0.020
B W  1W8AA                150    0.215  51.605   0.000   0.977   0.001   0.022
B L  1W8AA                151    0.059  10.823   0.000   0.951   0.004   0.045
E R  1W8AA                152    0.518 118.576   0.000   0.889   0.005   0.106
E K  1W8AA                153    0.627 129.021   0.000   0.759   0.006   0.236
E K  1W8AA                154    0.389  80.105   0.000   0.328   0.025   0.646
E S  1W8AA                155    0.387  45.329   0.000   0.188   0.128   0.684
B L  1W8AA                156    0.189  34.566   0.000   0.061   0.050   0.890
E N  1W8AA                157    0.615  90.038   0.000   0.062   0.111   0.827
E G  1W8AA                158    0.565  44.460   0.000   0.109   0.021   0.870
E G  1W8AA                159    0.410  32.269   0.000   0.137   0.043   0.820
E A  1W8AA                160    0.411  45.282   0.000   0.110   0.158   0.732
B A  1W8AA                161    0.236  26.011   0.000   0.092   0.284   0.624
E R  1W8AA                162    0.510 116.761   0.000   0.070   0.456   0.473
B C  1W8AA                163    0.204  28.666   0.000   0.044   0.362   0.593
E G  1W8AA                164    0.305  24.025   0.000   0.013   0.240   0.747
E A  1W8AA                165    0.287  31.639   0.000   0.007   0.039   0.953
B P  1W8AA                166    0.182  25.768   0.000   0.249   0.028   0.723
E S  1W8AA                167    0.694  81.288   0.000   0.563   0.008   0.429
E K  1W8AA                168    0.564 116.097   0.000   0.587   0.027   0.387
B V  1W8AA                169    0.061   9.398   0.000   0.323   0.065   0.612
E R  1W8AA                170    0.562 128.658   0.000   0.081   0.123   0.796
E D  1W8AA                171    0.782 112.638   0.000   0.084   0.068   0.848
B V  1W8AA                172    0.171  26.350   0.000   0.012   0.109   0.879
E Q  1W8AA                173    0.585 104.415   0.000   0.005   0.728   0.267
E I  1W8AA                174    0.257  47.511   0.000   0.068   0.777   0.155
E K  1W8AA                175    0.481  98.850   0.000   0.099   0.714   0.188
E D  1W8AA                176    0.675  97.266   0.000   0.141   0.586   0.273
B L  1W8AA                177    0.119  21.808   0.000   0.006   0.192   0.802
E P  1W8AA                178    0.455  64.588   0.000   0.048   0.041   0.911
E H  1W8AA                179    0.611 111.206   0.000   0.458   0.008   0.534
E S  1W8AA                180    0.539  63.117   0.000   0.480   0.023   0.497
E E  1W8AA                181    0.577 100.853   0.000   0.548   0.073   0.379
B F  1W8AA                182    0.156  31.324   0.000   0.072   0.349   0.580
E K  1W8AA                183    0.596 122.605   0.000   0.027   0.563   0.410
B C  1W8AA                184    0.244  34.288   0.000   0.025   0.341   0.634
E S  1W8AA                185    0.572  67.051   0.000   0.032   0.264   0.704
E S  1W8AA                186    0.579  67.860   0.000   0.041   0.091   0.868
E E  1W8AA                187    0.727 127.003   0.000   0.080   0.049   0.872
E N  1W8AA                188    0.640  93.733   0.000   0.061   0.020   0.919
E S  1W8AA                189    0.552  64.728   0.000   0.076   0.024   0.900
E E  1W8AA                190    0.753 131.524   0.000   0.024   0.015   0.961
E G  1W8AA                191    0.659  51.833   0.000   0.014   0.011   0.976
E C  1W8AA                192    0.694  97.468   0.000   0.000   0.000   0.999
