# For publication of results, please cite:
# ...
# ... Michael Schantz Klausen, Martin Closter Jespersen, Henrik Nielsen, Kamilla Kjærgaard Jensen, 
# ... Vanessa Isabell Jurtz, Casper Kaae Sønderby, Morten Otto Alexander Sommer, Ole Winther, 
# ... Morten Nielsen, Bent Petersen, and Paolo Marcatili. 
# ... NetSurfP-2.0: Improved prediction of protein structural features by integrated deep learning.
# ... Proteins: Structure, Function, and Bioinformatics (Feb. 2019).
# ... https://doi.org/10.1002/prot.25674
# ...
#
# Column 1: Class assignment - B for buried or E for Exposed - Threshold: 25% exposure, but not based on RSA
# Column 2: Amino acid
# Column 3: Sequence name
# Column 4: Amino acid number
# Column 5: Relative Surface Accessibility - RSA
# Column 6: Absolute Surface Accessibility
# Column 7: Not used
# Column 8: Probability for Alpha-Helix
# Column 9: Probability for Beta-strand
# Column 10: Probability for Coil
E M  1C2YD                  1    0.606 121.172   0.000   0.000   0.002   0.998
E N  1C2YD                  2    0.637  93.310   0.000   0.002   0.256   0.743
E E  1C2YD                  3    0.631 110.273   0.000   0.002   0.757   0.241
E L  1C2YD                  4    0.290  53.078   0.000   0.001   0.870   0.129
E E  1C2YD                  5    0.714 124.709   0.000   0.001   0.869   0.130
E G  1C2YD                  6    0.325  25.581   0.000   0.003   0.528   0.470
E Y  1C2YD                  7    0.612 130.859   0.000   0.007   0.316   0.677
B V  1C2YD                  8    0.197  30.213   0.000   0.036   0.195   0.769
E T  1C2YD                  9    0.630  87.446   0.000   0.092   0.082   0.826
E K  1C2YD                 10    0.567 116.571   0.000   0.128   0.071   0.801
B A  1C2YD                 11    0.163  17.914   0.000   0.492   0.027   0.481
E Q  1C2YD                 12    0.700 125.025   0.000   0.270   0.021   0.708
E S  1C2YD                 13    0.636  74.571   0.000   0.278   0.045   0.677
B F  1C2YD                 14    0.116  23.204   0.000   0.008   0.188   0.804
E R  1C2YD                 15    0.350  80.209   0.000   0.001   0.800   0.199
B F  1C2YD                 16    0.036   7.318   0.000   0.000   0.995   0.005
B A  1C2YD                 17    0.003   0.333   0.000   0.000   1.000   0.000
B I  1C2YD                 18    0.007   1.341   0.000   0.000   1.000   0.000
B V  1C2YD                 19    0.008   1.262   0.000   0.000   0.999   0.001
B V  1C2YD                 20    0.070  10.802   0.000   0.000   0.989   0.011
B A  1C2YD                 21    0.043   4.707   0.000   0.001   0.861   0.138
E R  1C2YD                 22    0.426  97.470   0.000   0.005   0.448   0.547
E F  1C2YD                 23    0.278  55.833   0.000   0.004   0.160   0.836
B N  1C2YD                 24    0.197  28.803   0.000   0.003   0.023   0.973
E E  1C2YD                 25    0.594 103.795   0.000   0.966   0.000   0.034
E F  1C2YD                 26    0.474  95.145   0.000   0.980   0.000   0.020
B V  1C2YD                 27    0.052   8.042   0.000   0.989   0.000   0.011
B T  1C2YD                 28    0.031   4.302   0.000   0.995   0.000   0.005
E R  1C2YD                 29    0.514 117.762   0.000   0.996   0.000   0.004
E R  1C2YD                 30    0.406  92.877   0.000   0.997   0.000   0.003
B L  1C2YD                 31    0.032   5.900   0.000   0.997   0.000   0.003
B M  1C2YD                 32    0.102  20.436   0.000   0.997   0.000   0.003
E E  1C2YD                 33    0.568  99.186   0.000   0.994   0.000   0.006
B G  1C2YD                 34    0.111   8.716   0.000   0.986   0.000   0.014
B A  1C2YD                 35    0.008   0.896   0.000   0.995   0.000   0.005
B L  1C2YD                 36    0.173  31.738   0.000   0.999   0.000   0.001
E D  1C2YD                 37    0.534  76.995   0.000   0.998   0.000   0.002
B T  1C2YD                 38    0.097  13.429   0.000   0.998   0.000   0.002
B F  1C2YD                 39    0.027   5.348   0.000   0.995   0.000   0.005
E K  1C2YD                 40    0.617 126.822   0.000   0.979   0.000   0.021
E K  1C2YD                 41    0.663 136.467   0.000   0.864   0.000   0.136
E Y  1C2YD                 42    0.317  67.714   0.000   0.131   0.000   0.869
E S  1C2YD                 43    0.809  94.786   0.000   0.006   0.001   0.993
B V  1C2YD                 44    0.098  15.085   0.000   0.006   0.003   0.991
E N  1C2YD                 45    0.613  89.679   0.000   0.052   0.007   0.940
E E  1C2YD                 46    0.753 131.514   0.000   0.064   0.008   0.928
E D  1C2YD                 47    0.627  90.359   0.000   0.060   0.043   0.897
B I  1C2YD                 48    0.111  20.474   0.000   0.001   0.552   0.447
E D  1C2YD                 49    0.489  70.433   0.000   0.000   0.973   0.027
E V  1C2YD                 50    0.292  44.944   0.000   0.000   0.995   0.005
B V  1C2YD                 51    0.212  32.592   0.000   0.000   0.994   0.006
E W  1C2YD                 52    0.464 111.604   0.000   0.000   0.976   0.023
B V  1C2YD                 53    0.038   5.813   0.000   0.000   0.613   0.387
E P  1C2YD                 54    0.383  54.357   0.000   0.002   0.048   0.950
B G  1C2YD                 55    0.136  10.679   0.000   0.051   0.011   0.937
B A  1C2YD                 56    0.145  16.017   0.000   0.885   0.000   0.115
E Y  1C2YD                 57    0.611 130.480   0.000   0.869   0.000   0.131
E E  1C2YD                 58    0.395  69.006   0.000   0.924   0.000   0.075
B L  1C2YD                 59    0.027   4.928   0.000   0.993   0.000   0.007
B G  1C2YD                 60    0.131  10.273   0.000   0.998   0.000   0.002
E V  1C2YD                 61    0.519  79.717   0.000   0.998   0.000   0.002
B T  1C2YD                 62    0.184  25.476   0.000   0.999   0.000   0.001
B A  1C2YD                 63    0.006   0.690   0.000   0.999   0.000   0.001
E Q  1C2YD                 64    0.386  68.900   0.000   0.999   0.000   0.001
E A  1C2YD                 65    0.353  38.896   0.000   0.999   0.000   0.001
B L  1C2YD                 66    0.129  23.613   0.000   0.997   0.000   0.003
B G  1C2YD                 67    0.102   8.028   0.000   0.981   0.000   0.019
E K  1C2YD                 68    0.724 148.919   0.000   0.960   0.000   0.040
E S  1C2YD                 69    0.585  68.604   0.000   0.639   0.000   0.360
E G  1C2YD                 70    0.567  44.648   0.000   0.003   0.000   0.997
E K  1C2YD                 71    0.613 126.184   0.000   0.000   0.000   0.999
B Y  1C2YD                 72    0.096  20.553   0.000   0.000   0.011   0.989
E H  1C2YD                 73    0.360  65.498   0.000   0.000   0.009   0.991
B A  1C2YD                 74    0.008   0.896   0.000   0.000   0.974   0.026
B I  1C2YD                 75    0.008   1.402   0.000   0.000   0.999   0.001
B V  1C2YD                 76    0.007   0.999   0.000   0.000   0.999   0.001
B C  1C2YD                 77    0.003   0.361   0.000   0.000   0.998   0.002
B L  1C2YD                 78    0.028   5.106   0.000   0.000   0.973   0.027
B G  1C2YD                 79    0.075   5.920   0.000   0.001   0.672   0.327
B A  1C2YD                 80    0.035   3.869   0.000   0.001   0.702   0.298
B V  1C2YD                 81    0.104  16.040   0.000   0.001   0.824   0.175
B V  1C2YD                 82    0.062   9.536   0.000   0.001   0.782   0.217
E K  1C2YD                 83    0.475  97.681   0.000   0.003   0.400   0.597
E G  1C2YD                 84    0.342  26.916   0.000   0.001   0.032   0.967
E D  1C2YD                 85    0.831 119.713   0.000   0.001   0.005   0.994
B T  1C2YD                 86    0.206  28.561   0.000   0.017   0.029   0.955
E S  1C2YD                 87    0.646  75.676   0.000   0.482   0.009   0.509
E H  1C2YD                 88    0.266  48.476   0.000   0.905   0.001   0.095
B Y  1C2YD                 89    0.226  48.285   0.000   0.976   0.000   0.023
E D  1C2YD                 90    0.559  80.521   0.000   0.995   0.000   0.005
E A  1C2YD                 91    0.275  30.262   0.000   0.998   0.000   0.002
B V  1C2YD                 92    0.027   4.081   0.000   0.997   0.000   0.003
B V  1C2YD                 93    0.183  28.132   0.000   0.999   0.000   0.001
E N  1C2YD                 94    0.583  85.422   0.000   0.998   0.000   0.002
B S  1C2YD                 95    0.140  16.449   0.000   0.998   0.000   0.002
B A  1C2YD                 96    0.022   2.400   0.000   0.998   0.000   0.002
E S  1C2YD                 97    0.309  36.169   0.000   1.000   0.000   0.000
E S  1C2YD                 98    0.532  62.384   0.000   0.998   0.000   0.002
B G  1C2YD                 99    0.053   4.165   0.000   0.998   0.000   0.002
B V  1C2YD                100    0.038   5.887   0.000   0.999   0.000   0.001
E L  1C2YD                101    0.466  85.350   0.000   0.999   0.000   0.001
E S  1C2YD                102    0.455  53.305   0.000   0.998   0.000   0.002
B A  1C2YD                103    0.026   2.844   0.000   0.995   0.000   0.004
B G  1C2YD                104    0.130  10.247   0.000   0.996   0.000   0.003
E L  1C2YD                105    0.704 128.858   0.000   0.987   0.000   0.013
E N  1C2YD                106    0.691 101.118   0.000   0.973   0.000   0.027
E S  1C2YD                107    0.312  36.520   0.000   0.950   0.000   0.050
E G  1C2YD                108    0.672  52.850   0.000   0.000   0.000   1.000
B V  1C2YD                109    0.161  24.696   0.000   0.000   0.000   1.000
E P  1C2YD                110    0.315  44.648   0.000   0.000   0.011   0.989
B C  1C2YD                111    0.071  10.020   0.000   0.000   0.946   0.054
B V  1C2YD                112    0.075  11.477   0.000   0.000   0.975   0.025
B F  1C2YD                113    0.176  35.325   0.000   0.000   0.916   0.084
B G  1C2YD                114    0.032   2.506   0.000   0.000   0.967   0.033
B V  1C2YD                115    0.060   9.248   0.000   0.000   0.984   0.016
B L  1C2YD                116    0.027   4.864   0.000   0.000   0.948   0.052
B T  1C2YD                117    0.097  13.523   0.000   0.000   0.865   0.135
B C  1C2YD                118    0.048   6.764   0.000   0.000   0.480   0.520
E D  1C2YD                119    0.541  77.955   0.000   0.000   0.003   0.997
E N  1C2YD                120    0.468  68.535   0.000   0.003   0.005   0.992
E M  1C2YD                121    0.321  64.332   0.000   0.966   0.000   0.034
E D  1C2YD                122    0.754 108.611   0.000   0.972   0.000   0.028
E Q  1C2YD                123    0.351  62.766   0.000   0.978   0.000   0.021
B A  1C2YD                124    0.019   2.086   0.000   0.988   0.000   0.012
E I  1C2YD                125    0.329  60.853   0.000   0.972   0.000   0.028
E N  1C2YD                126    0.764 111.813   0.000   0.932   0.000   0.068
E R  1C2YD                127    0.389  89.068   0.000   0.860   0.000   0.139
B A  1C2YD                128    0.112  12.339   0.000   0.570   0.006   0.424
E G  1C2YD                129    0.562  44.258   0.000   0.135   0.005   0.859
E G  1C2YD                130    0.655  51.553   0.000   0.288   0.001   0.711
E K  1C2YD                131    0.767 157.750   0.000   0.366   0.002   0.632
E A  1C2YD                132    0.435  47.931   0.000   0.370   0.004   0.626
E G  1C2YD                133    0.487  38.346   0.000   0.081   0.011   0.908
E N  1C2YD                134    0.345  50.530   0.000   0.037   0.048   0.914
E K  1C2YD                135    0.309  63.608   0.000   0.932   0.002   0.065
B G  1C2YD                136    0.045   3.556   0.000   0.989   0.000   0.010
B A  1C2YD                137    0.155  17.089   0.000   0.998   0.000   0.001
E E  1C2YD                138    0.411  71.828   0.000   0.999   0.000   0.001
B S  1C2YD                139    0.028   3.286   0.000   0.999   0.000   0.001
B A  1C2YD                140    0.010   1.116   0.000   1.000   0.000   0.000
E L  1C2YD                141    0.299  54.764   0.000   0.999   0.000   0.000
B T  1C2YD                142    0.139  19.264   0.000   0.999   0.000   0.001
B A  1C2YD                143    0.009   0.977   0.000   1.000   0.000   0.000
B I  1C2YD                144    0.113  20.959   0.000   1.000   0.000   0.000
E E  1C2YD                145    0.455  79.427   0.000   0.999   0.000   0.001
B M  1C2YD                146    0.140  28.113   0.000   0.997   0.000   0.003
B A  1C2YD                147    0.046   5.018   0.000   0.997   0.000   0.003
E S  1C2YD                148    0.323  37.798   0.000   0.983   0.000   0.016
E L  1C2YD                149    0.311  56.918   0.000   0.959   0.001   0.040
B F  1C2YD                150    0.195  39.131   0.000   0.941   0.000   0.059
E E  1C2YD                151    0.421  73.608   0.000   0.901   0.002   0.097
E H  1C2YD                152    0.683 124.184   0.000   0.846   0.002   0.151
E H  1C2YD                153    0.558 101.517   0.000   0.645   0.003   0.352
E L  1C2YD                154    0.444  81.324   0.000   0.398   0.009   0.593
E K  1C2YD                155    0.809 166.406   0.000   0.185   0.009   0.806
E A  1C2YD                156    0.945 104.115   0.000   0.001   0.000   0.999
