# For publication of results, please cite:
# ...
# ... Michael Schantz Klausen, Martin Closter Jespersen, Henrik Nielsen, Kamilla Kjærgaard Jensen, 
# ... Vanessa Isabell Jurtz, Casper Kaae Sønderby, Morten Otto Alexander Sommer, Ole Winther, 
# ... Morten Nielsen, Bent Petersen, and Paolo Marcatili. 
# ... NetSurfP-2.0: Improved prediction of protein structural features by integrated deep learning.
# ... Proteins: Structure, Function, and Bioinformatics (Feb. 2019).
# ... https://doi.org/10.1002/prot.25674
# ...
#
# Column 1: Class assignment - B for buried or E for Exposed - Threshold: 25% exposure, but not based on RSA
# Column 2: Amino acid
# Column 3: Sequence name
# Column 4: Amino acid number
# Column 5: Relative Surface Accessibility - RSA
# Column 6: Absolute Surface Accessibility
# Column 7: Not used
# Column 8: Probability for Alpha-Helix
# Column 9: Probability for Beta-strand
# Column 10: Probability for Coil
E L  3B2UB                  1    0.747 136.805   0.000   0.001   0.000   0.998
E E  3B2UB                  2    0.809 141.288   0.000   0.010   0.003   0.987
E E  3B2UB                  3    0.786 137.310   0.000   0.026   0.011   0.963
E K  3B2UB                  4    0.613 126.008   0.000   0.012   0.061   0.927
E K  3B2UB                  5    0.412  84.746   0.000   0.007   0.411   0.582
E V  3B2UB                  6    0.399  61.277   0.000   0.004   0.714   0.282
B C  3B2UB                  7    0.063   8.836   0.000   0.012   0.394   0.594
E N  3B2UB                  8    0.503  73.678   0.000   0.022   0.139   0.839
B G  3B2UB                  9    0.105   8.265   0.000   0.048   0.079   0.872
B I  3B2UB                 10    0.210  38.827   0.000   0.054   0.231   0.715
E G  3B2UB                 11    0.371  29.224   0.000   0.047   0.082   0.870
E I  3B2UB                 12    0.254  47.044   0.000   0.126   0.099   0.775
E G  3B2UB                 13    0.512  40.322   0.000   0.209   0.051   0.740
E E  3B2UB                 14    0.660 115.354   0.000   0.201   0.078   0.720
B F  3B2UB                 15    0.214  42.889   0.000   0.185   0.102   0.713
E K  3B2UB                 16    0.616 126.805   0.000   0.084   0.076   0.840
E D  3B2UB                 17    0.689  99.323   0.000   0.082   0.077   0.841
E S  3B2UB                 18    0.326  38.260   0.000   0.119   0.121   0.760
E L  3B2UB                 19    0.341  62.471   0.000   0.081   0.192   0.728
E S  3B2UB                 20    0.350  41.002   0.000   0.050   0.548   0.402
B I  3B2UB                 21    0.050   9.294   0.000   0.014   0.543   0.442
E N  3B2UB                 22    0.378  55.317   0.000   0.019   0.245   0.737
B A  3B2UB                 23    0.239  26.319   0.000   0.574   0.007   0.419
E T  3B2UB                 24    0.613  85.006   0.000   0.534   0.004   0.462
B N  3B2UB                 25    0.248  36.251   0.000   0.608   0.006   0.385
B I  3B2UB                 26    0.079  14.630   0.000   0.872   0.003   0.125
E K  3B2UB                 27    0.630 129.539   0.000   0.860   0.002   0.138
E H  3B2UB                 28    0.416  75.674   0.000   0.756   0.003   0.242
B F  3B2UB                 29    0.031   6.125   0.000   0.316   0.014   0.669
E K  3B2UB                 30    0.520 106.885   0.000   0.003   0.044   0.954
E N  3B2UB                 31    0.580  84.935   0.000   0.002   0.011   0.986
B C  3B2UB                 32    0.030   4.212   0.000   0.000   0.020   0.980
E T  3B2UB                 33    0.325  45.119   0.000   0.000   0.092   0.908
B S  3B2UB                 34    0.243  28.445   0.000   0.000   0.984   0.016
B I  3B2UB                 35    0.038   7.122   0.000   0.000   0.984   0.016
E S  3B2UB                 36    0.320  37.552   0.000   0.000   0.870   0.130
B G  3B2UB                 37    0.165  12.981   0.000   0.000   0.241   0.759
B D  3B2UB                 38    0.242  34.844   0.000   0.000   0.221   0.779
B L  3B2UB                 39    0.010   1.788   0.000   0.000   0.801   0.198
B H  3B2UB                 40    0.224  40.785   0.000   0.000   0.992   0.008
B I  3B2UB                 41    0.014   2.590   0.000   0.000   0.989   0.011
B L  3B2UB                 42    0.125  22.964   0.000   0.002   0.789   0.209
B P  3B2UB                 43    0.177  25.144   0.000   0.023   0.654   0.323
B V  3B2UB                 44    0.143  22.020   0.000   0.084   0.434   0.482
E A  3B2UB                 45    0.260  28.682   0.000   0.119   0.380   0.500
B F  3B2UB                 46    0.185  37.082   0.000   0.083   0.361   0.555
E R  3B2UB                 47    0.572 131.077   0.000   0.038   0.304   0.658
E G  3B2UB                 48    0.479  37.682   0.000   0.059   0.048   0.892
E D  3B2UB                 49    0.564  81.272   0.000   0.081   0.049   0.870
E S  3B2UB                 50    0.427  50.073   0.000   0.145   0.073   0.782
E F  3B2UB                 51    0.364  72.963   0.000   0.158   0.044   0.798
E T  3B2UB                 52    0.409  56.705   0.000   0.159   0.054   0.787
E H  3B2UB                 53    0.684 124.487   0.000   0.071   0.038   0.891
E T  3B2UB                 54    0.301  41.729   0.000   0.002   0.083   0.915
E P  3B2UB                 55    0.421  59.719   0.000   0.001   0.007   0.992
E P  3B2UB                 56    0.522  74.006   0.000   0.001   0.051   0.948
B L  3B2UB                 57    0.128  23.515   0.000   0.002   0.080   0.918
E D  3B2UB                 58    0.504  72.637   0.000   0.002   0.003   0.995
E P  3B2UB                 59    0.389  55.181   0.000   0.852   0.001   0.148
E Q  3B2UB                 60    0.664 118.575   0.000   0.851   0.002   0.148
E E  3B2UB                 61    0.383  66.910   0.000   0.882   0.002   0.116
B L  3B2UB                 62    0.073  13.294   0.000   0.730   0.002   0.268
E D  3B2UB                 63    0.510  73.508   0.000   0.823   0.002   0.176
B I  3B2UB                 64    0.143  26.531   0.000   0.898   0.000   0.102
B L  3B2UB                 65    0.021   3.905   0.000   0.810   0.001   0.189
E K  3B2UB                 66    0.528 108.673   0.000   0.281   0.001   0.717
E T  3B2UB                 67    0.352  48.825   0.000   0.254   0.002   0.743
B V  3B2UB                 68    0.030   4.686   0.000   0.000   0.026   0.974
E K  3B2UB                 69    0.498 102.363   0.000   0.001   0.141   0.858
E E  3B2UB                 70    0.315  55.040   0.000   0.001   0.985   0.014
B I  3B2UB                 71    0.027   5.036   0.000   0.001   0.914   0.085
B T  3B2UB                 72    0.162  22.413   0.000   0.001   0.624   0.375
B G  3B2UB                 73    0.067   5.284   0.000   0.000   0.650   0.350
B F  3B2UB                 74    0.125  25.107   0.000   0.000   0.840   0.160
B L  3B2UB                 75    0.007   1.204   0.000   0.000   0.984   0.016
B L  3B2UB                 76    0.085  15.603   0.000   0.000   0.997   0.003
B I  3B2UB                 77    0.005   0.887   0.000   0.001   0.983   0.017
B Q  3B2UB                 78    0.187  33.332   0.000   0.002   0.823   0.174
B A  3B2UB                 79    0.150  16.497   0.000   0.002   0.385   0.614
B W  3B2UB                 80    0.091  21.821   0.000   0.003   0.141   0.856
B P  3B2UB                 81    0.227  32.201   0.000   0.080   0.037   0.884
E E  3B2UB                 82    0.653 114.059   0.000   0.231   0.008   0.760
E N  3B2UB                 83    0.536  78.461   0.000   0.198   0.014   0.788
E R  3B2UB                 84    0.337  77.171   0.000   0.185   0.038   0.777
E T  3B2UB                 85    0.372  51.636   0.000   0.094   0.068   0.838
E D  3B2UB                 86    0.403  58.004   0.000   0.103   0.143   0.754
B L  3B2UB                 87    0.113  20.740   0.000   0.181   0.021   0.797
E H  3B2UB                 88    0.335  61.012   0.000   0.426   0.040   0.534
B A  3B2UB                 89    0.067   7.386   0.000   0.477   0.021   0.502
B F  3B2UB                 90    0.016   3.295   0.000   0.257   0.027   0.716
E E  3B2UB                 91    0.521  91.060   0.000   0.027   0.017   0.956
E N  3B2UB                 92    0.452  66.204   0.000   0.027   0.011   0.963
B L  3B2UB                 93    0.025   4.616   0.000   0.002   0.037   0.961
E E  3B2UB                 94    0.464  81.106   0.000   0.006   0.367   0.627
B I  3B2UB                 95    0.248  45.893   0.000   0.002   0.982   0.016
B I  3B2UB                 96    0.066  12.200   0.000   0.001   0.972   0.027
E R  3B2UB                 97    0.322  73.696   0.000   0.002   0.802   0.196
B G  3B2UB                 98    0.137  10.782   0.000   0.007   0.168   0.825
E R  3B2UB                 99    0.520 118.980   0.000   0.014   0.076   0.910
E T  3B2UB                100    0.415  57.492   0.000   0.020   0.200   0.780
E K  3B2UB                101    0.492 101.303   0.000   0.061   0.255   0.683
E Q  3B2UB                102    0.407  72.693   0.000   0.068   0.414   0.518
E H  3B2UB                103    0.597 108.603   0.000   0.063   0.203   0.734
E G  3B2UB                104    0.525  41.343   0.000   0.056   0.013   0.931
E Q  3B2UB                105    0.446  79.626   0.000   0.016   0.069   0.915
B F  3B2UB                106    0.107  21.438   0.000   0.004   0.629   0.366
B S  3B2UB                107    0.017   2.024   0.000   0.002   0.771   0.228
B L  3B2UB                108    0.011   1.954   0.000   0.001   0.972   0.027
B A  3B2UB                109    0.024   2.661   0.000   0.000   0.995   0.005
B V  3B2UB                110    0.008   1.269   0.000   0.000   0.982   0.017
B V  3B2UB                111    0.116  17.815   0.000   0.003   0.831   0.166
B S  3B2UB                112    0.135  15.833   0.000   0.003   0.252   0.744
E L  3B2UB                113    0.325  59.535   0.000   0.005   0.031   0.964
E N  3B2UB                114    0.515  75.449   0.000   0.003   0.013   0.983
B I  3B2UB                115    0.027   5.041   0.000   0.014   0.027   0.959
E T  3B2UB                116    0.466  64.691   0.000   0.009   0.038   0.953
E S  3B2UB                117    0.323  37.811   0.000   0.023   0.793   0.184
B L  3B2UB                118    0.048   8.799   0.000   0.012   0.717   0.270
B G  3B2UB                119    0.075   5.888   0.000   0.001   0.545   0.454
B L  3B2UB                120    0.025   4.562   0.000   0.002   0.100   0.897
E R  3B2UB                121    0.431  98.783   0.000   0.003   0.006   0.991
B S  3B2UB                122    0.247  28.978   0.000   0.002   0.003   0.995
B L  3B2UB                123    0.031   5.610   0.000   0.001   0.004   0.995
E K  3B2UB                124    0.460  94.720   0.000   0.000   0.019   0.981
E E  3B2UB                125    0.445  77.692   0.000   0.002   0.928   0.070
B I  3B2UB                126    0.026   4.836   0.000   0.001   0.951   0.048
E S  3B2UB                127    0.251  29.392   0.000   0.005   0.490   0.505
E D  3B2UB                128    0.493  71.008   0.000   0.005   0.138   0.857
B G  3B2UB                129    0.099   7.768   0.000   0.002   0.042   0.955
E D  3B2UB                130    0.288  41.490   0.000   0.001   0.541   0.458
B V  3B2UB                131    0.010   1.467   0.000   0.000   0.972   0.027
B I  3B2UB                132    0.135  24.885   0.000   0.000   0.998   0.002
B I  3B2UB                133    0.010   1.911   0.000   0.000   0.990   0.010
B S  3B2UB                134    0.234  27.464   0.000   0.001   0.884   0.116
E G  3B2UB                135    0.364  28.620   0.000   0.002   0.067   0.931
B N  3B2UB                136    0.043   6.321   0.000   0.001   0.019   0.980
E K  3B2UB                137    0.566 116.341   0.000   0.035   0.004   0.961
E N  3B2UB                138    0.356  52.162   0.000   0.016   0.014   0.970
B L  3B2UB                139    0.036   6.630   0.000   0.027   0.159   0.813
B C  3B2UB                140    0.059   8.320   0.000   0.017   0.112   0.872
B Y  3B2UB                141    0.237  50.683   0.000   0.033   0.115   0.852
B A  3B2UB                142    0.120  13.174   0.000   0.223   0.122   0.656
E N  3B2UB                143    0.493  72.108   0.000   0.266   0.183   0.550
E T  3B2UB                144    0.270  37.410   0.000   0.208   0.373   0.419
B I  3B2UB                145    0.098  18.150   0.000   0.009   0.386   0.605
E N  3B2UB                146    0.408  59.802   0.000   0.002   0.434   0.564
B W  3B2UB                147    0.051  12.375   0.000   0.933   0.001   0.066
E K  3B2UB                148    0.516 106.118   0.000   0.981   0.001   0.019
E K  3B2UB                149    0.571 117.437   0.000   0.984   0.001   0.015
B L  3B2UB                150    0.086  15.750   0.000   0.947   0.001   0.052
B F  3B2UB                151    0.133  26.620   0.000   0.520   0.043   0.438
E G  3B2UB                152    0.501  39.441   0.000   0.029   0.016   0.956
E T  3B2UB                153    0.439  60.859   0.000   0.020   0.036   0.944
E S  3B2UB                154    0.744  87.141   0.000   0.042   0.015   0.942
E G  3B2UB                155    0.731  57.534   0.000   0.059   0.008   0.933
E Q  3B2UB                156    0.559  99.916   0.000   0.055   0.047   0.898
E K  3B2UB                157    0.608 125.015   0.000   0.051   0.169   0.780
E T  3B2UB                158    0.274  37.967   0.000   0.012   0.509   0.479
E K  3B2UB                159    0.494 101.619   0.000   0.007   0.809   0.184
E I  3B2UB                160    0.257  47.610   0.000   0.005   0.848   0.147
E I  3B2UB                161    0.340  62.936   0.000   0.008   0.764   0.228
E S  3B2UB                162    0.409  47.944   0.000   0.010   0.532   0.458
B N  3B2UB                163    0.182  26.689   0.000   0.037   0.083   0.880
E R  3B2UB                164    0.492 112.633   0.000   0.047   0.026   0.928
E G  3B2UB                165    0.360  28.296   0.000   0.166   0.006   0.828
E E  3B2UB                166    0.583 101.769   0.000   0.906   0.000   0.093
E N  3B2UB                167    0.781 114.384   0.000   0.928   0.001   0.071
E S  3B2UB                168    0.314  36.780   0.000   0.942   0.003   0.056
B C  3B2UB                169    0.046   6.487   0.000   0.925   0.005   0.071
E K  3B2UB                170    0.637 130.982   0.000   0.936   0.001   0.064
E A  3B2UB                171    0.764  84.212   0.000   0.876   0.001   0.123
E T  3B2UB                172    0.468  64.899   0.000   0.590   0.002   0.408
E G  3B2UB                173    0.647  50.889   0.000   0.005   0.001   0.995
E Q  3B2UB                174    0.441  78.837   0.000   0.007   0.032   0.961
E V  3B2UB                175    0.388  59.612   0.000   0.004   0.263   0.733
B C  3B2UB                176    0.099  13.970   0.000   0.008   0.286   0.706
B H  3B2UB                177    0.245  44.510   0.000   0.022   0.120   0.858
E A  3B2UB                178    0.693  76.422   0.000   0.196   0.016   0.788
E L  3B2UB                179    0.503  92.162   0.000   0.133   0.030   0.836
B C  3B2UB                180    0.132  18.598   0.000   0.106   0.135   0.760
E S  3B2UB                181    0.309  36.248   0.000   0.013   0.200   0.786
E P  3B2UB                182    0.794 112.683   0.000   0.038   0.003   0.959
E E  3B2UB                183    0.696 121.515   0.000   0.029   0.008   0.963
B G  3B2UB                184    0.092   7.211   0.000   0.053   0.306   0.641
B C  3B2UB                185    0.089  12.558   0.000   0.017   0.557   0.426
B W  3B2UB                186    0.160  38.496   0.000   0.028   0.402   0.570
B G  3B2UB                187    0.068   5.379   0.000   0.002   0.166   0.833
E P  3B2UB                188    0.370  52.560   0.000   0.002   0.008   0.990
E E  3B2UB                189    0.511  89.188   0.000   0.005   0.005   0.990
E P  3B2UB                190    0.419  59.410   0.000   0.856   0.001   0.143
E R  3B2UB                191    0.720 164.811   0.000   0.828   0.003   0.169
E D  3B2UB                192    0.339  48.920   0.000   0.862   0.008   0.130
B C  3B2UB                193    0.085  11.972   0.000   0.056   0.552   0.393
B V  3B2UB                194    0.231  35.514   0.000   0.056   0.706   0.238
E S  3B2UB                195    0.337  39.472   0.000   0.072   0.666   0.262
B C  3B2UB                196    0.150  21.101   0.000   0.060   0.536   0.405
E R  3B2UB                197    0.444 101.782   0.000   0.079   0.398   0.524
E N  3B2UB                198    0.518  75.791   0.000   0.044   0.375   0.581
B V  3B2UB                199    0.239  36.798   0.000   0.071   0.407   0.523
E S  3B2UB                200    0.495  58.003   0.000   0.060   0.407   0.534
E R  3B2UB                201    0.506 115.911   0.000   0.082   0.225   0.692
E G  3B2UB                202    0.520  40.901   0.000   0.067   0.109   0.824
E R  3B2UB                203    0.609 139.557   0.000   0.048   0.106   0.847
E E  3B2UB                204    0.642 112.089   0.000   0.051   0.121   0.828
E C  3B2UB                205    0.474  66.558   0.000   0.045   0.084   0.872
E V  3B2UB                206    0.574  88.263   0.000   0.026   0.043   0.931
E D  3B2UB                207    0.719 103.579   0.000   0.016   0.012   0.972
E K  3B2UB                208    0.680 139.856   0.000   0.013   0.004   0.983
E H  3B2UB                209    0.716 130.304   0.000   0.007   0.001   0.991
E H  3B2UB                210    0.686 124.704   0.000   0.008   0.002   0.990
E H  3B2UB                211    0.686 124.816   0.000   0.005   0.002   0.993
E H  3B2UB                212    0.661 120.285   0.000   0.010   0.005   0.985
E H  3B2UB                213    0.738 134.179   0.000   0.007   0.005   0.988
E H  3B2UB                214    0.869 158.154   0.000   0.000   0.000   1.000
