# For publication of results, please cite:
# ...
# ... Michael Schantz Klausen, Martin Closter Jespersen, Henrik Nielsen, Kamilla Kjærgaard Jensen, 
# ... Vanessa Isabell Jurtz, Casper Kaae Sønderby, Morten Otto Alexander Sommer, Ole Winther, 
# ... Morten Nielsen, Bent Petersen, and Paolo Marcatili. 
# ... NetSurfP-2.0: Improved prediction of protein structural features by integrated deep learning.
# ... Proteins: Structure, Function, and Bioinformatics (Feb. 2019).
# ... https://doi.org/10.1002/prot.25674
# ...
#
# Column 1: Class assignment - B for buried or E for Exposed - Threshold: 25% exposure, but not based on RSA
# Column 2: Amino acid
# Column 3: Sequence name
# Column 4: Amino acid number
# Column 5: Relative Surface Accessibility - RSA
# Column 6: Absolute Surface Accessibility
# Column 7: Not used
# Column 8: Probability for Alpha-Helix
# Column 9: Probability for Beta-strand
# Column 10: Probability for Coil
E T  3K43B                  1    0.821 113.877   0.000   0.001   0.005   0.994
B C  3K43B                  2    0.190  26.650   0.000   0.002   0.126   0.872
E D  3K43B                  3    0.571  82.329   0.000   0.005   0.490   0.505
B L  3K43B                  4    0.153  28.104   0.000   0.005   0.666   0.329
E V  3K43B                  5    0.326  50.148   0.000   0.006   0.486   0.508
E G  3K43B                  6    0.450  35.388   0.000   0.007   0.110   0.883
E S  3K43B                  7    0.394  46.219   0.000   0.019   0.016   0.965
E E  3K43B                  8    0.806 140.868   0.000   0.946   0.001   0.054
E K  3K43B                  9    0.659 135.581   0.000   0.954   0.002   0.044
E Q  3K43B                 10    0.267  47.652   0.000   0.967   0.005   0.027
E L  3K43B                 11    0.328  60.024   0.000   0.953   0.007   0.040
E A  3K43B                 12    0.429  47.282   0.000   0.883   0.011   0.106
B L  3K43B                 13    0.193  35.426   0.000   0.839   0.031   0.131
B L  3K43B                 14    0.189  34.613   0.000   0.760   0.074   0.166
E K  3K43B                 15    0.503 103.450   0.000   0.654   0.128   0.218
E R  3K43B                 16    0.457 104.738   0.000   0.580   0.101   0.319
B L  3K43B                 17    0.022   4.055   0.000   0.439   0.002   0.560
E T  3K43B                 18    0.392  54.423   0.000   0.955   0.000   0.045
E P  3K43B                 19    0.357  50.684   0.000   0.955   0.001   0.045
B L  3K43B                 20    0.046   8.426   0.000   0.934   0.001   0.065
B F  3K43B                 21    0.239  47.880   0.000   0.367   0.041   0.592
E Q  3K43B                 22    0.743 132.760   0.000   0.067   0.015   0.917
E K  3K43B                 23    0.435  89.412   0.000   0.005   0.043   0.951
E S  3K43B                 24    0.610  71.516   0.000   0.002   0.281   0.717
B F  3K43B                 25    0.128  25.592   0.000   0.001   0.910   0.089
E E  3K43B                 26    0.595 103.984   0.000   0.001   0.977   0.022
B S  3K43B                 27    0.145  16.992   0.000   0.001   0.930   0.069
E T  3K43B                 28    0.480  66.533   0.000   0.001   0.938   0.061
E V  3K43B                 29    0.269  41.303   0.000   0.004   0.737   0.259
E G  3K43B                 30    0.447  35.191   0.000   0.009   0.296   0.695
E Q  3K43B                 31    0.811 144.882   0.000   0.010   0.117   0.873
E S  3K43B                 32    0.386  45.262   0.000   0.003   0.216   0.781
E P  3K43B                 33    0.693  98.281   0.000   0.030   0.016   0.954
E D  3K43B                 34    0.695 100.116   0.000   0.044   0.028   0.928
E M  3K43B                 35    0.315  63.038   0.000   0.037   0.532   0.432
B Y  3K43B                 36    0.217  46.412   0.000   0.003   0.819   0.178
B S  3K43B                 37    0.181  21.240   0.000   0.001   0.957   0.043
B Y  3K43B                 38    0.045   9.688   0.000   0.000   0.994   0.006
B V  3K43B                 39    0.113  17.303   0.000   0.000   0.998   0.002
B F  3K43B                 40    0.012   2.407   0.000   0.000   0.996   0.004
B R  3K43B                 41    0.243  55.654   0.000   0.000   0.942   0.057
B V  3K43B                 42    0.023   3.600   0.000   0.000   0.784   0.216
B C  3K43B                 43    0.151  21.257   0.000   0.001   0.160   0.839
E R  3K43B                 44    0.350  80.187   0.000   0.013   0.169   0.819
E E  3K43B                 45    0.557  97.248   0.000   0.017   0.144   0.839
B A  3K43B                 46    0.112  12.347   0.000   0.131   0.118   0.751
E G  3K43B                 47    0.332  26.161   0.000   0.100   0.060   0.839
E Q  3K43B                 48    0.627 112.053   0.000   0.154   0.026   0.821
E H  3K43B                 49    0.644 117.077   0.000   0.134   0.035   0.831
B S  3K43B                 50    0.184  21.567   0.000   0.060   0.066   0.874
E S  3K43B                 51    0.586  68.707   0.000   0.014   0.089   0.896
B G  3K43B                 52    0.211  16.638   0.000   0.009   0.172   0.819
B A  3K43B                 53    0.045   4.981   0.000   0.001   0.590   0.409
B G  3K43B                 54    0.019   1.461   0.000   0.000   0.948   0.051
B L  3K43B                 55    0.027   4.991   0.000   0.000   0.986   0.014
B V  3K43B                 56    0.015   2.319   0.000   0.000   0.995   0.005
B Q  3K43B                 57    0.081  14.495   0.000   0.000   0.990   0.010
B I  3K43B                 58    0.094  17.422   0.000   0.000   0.977   0.023
E Q  3K43B                 59    0.342  61.073   0.000   0.000   0.857   0.143
E K  3K43B                 60    0.464  95.379   0.000   0.028   0.083   0.889
E S  3K43B                 61    0.740  86.763   0.000   0.033   0.054   0.913
E N  3K43B                 62    0.800 117.094   0.000   0.029   0.004   0.967
E G  3K43B                 63    0.652  51.285   0.000   0.009   0.004   0.987
E K  3K43B                 64    0.614 126.310   0.000   0.001   0.169   0.830
E E  3K43B                 65    0.523  91.442   0.000   0.001   0.838   0.162
E T  3K43B                 66    0.382  52.970   0.000   0.000   0.982   0.018
E V  3K43B                 67    0.380  58.446   0.000   0.000   0.994   0.006
B V  3K43B                 68    0.076  11.622   0.000   0.000   0.951   0.049
B G  3K43B                 69    0.066   5.223   0.000   0.000   0.989   0.011
E R  3K43B                 70    0.424  97.052   0.000   0.000   0.982   0.018
B F  3K43B                 71    0.165  33.074   0.000   0.003   0.863   0.134
E N  3K43B                 72    0.375  54.893   0.000   0.005   0.537   0.458
E E  3K43B                 73    0.639 111.663   0.000   0.021   0.378   0.602
E T  3K43B                 74    0.429  59.545   0.000   0.004   0.404   0.592
E Q  3K43B                 75    0.484  86.493   0.000   0.005   0.675   0.320
B I  3K43B                 76    0.193  35.781   0.000   0.002   0.900   0.098
E F  3K43B                 77    0.341  68.415   0.000   0.002   0.957   0.042
E Q  3K43B                 78    0.451  80.564   0.000   0.011   0.699   0.290
E G  3K43B                 79    0.515  40.551   0.000   0.059   0.154   0.787
E S  3K43B                 80    0.635  74.378   0.000   0.034   0.005   0.961
E N  3K43B                 81    0.472  69.145   0.000   0.012   0.010   0.978
B W  3K43B                 82    0.223  53.592   0.000   0.001   0.817   0.182
B I  3K43B                 83    0.009   1.732   0.000   0.000   0.990   0.010
B M  3K43B                 84    0.137  27.322   0.000   0.000   0.997   0.003
B L  3K43B                 85    0.005   0.968   0.000   0.000   0.999   0.001
B I  3K43B                 86    0.146  27.080   0.000   0.000   0.995   0.005
B Y  3K43B                 87    0.031   6.607   0.000   0.000   0.978   0.022
E K  3K43B                 88    0.408  83.854   0.000   0.005   0.743   0.251
E G  3K43B                 89    0.297  23.394   0.000   0.017   0.154   0.829
B G  3K43B                 90    0.233  18.315   0.000   0.076   0.048   0.876
E D  3K43B                 91    0.400  57.624   0.000   0.083   0.102   0.815
E E  3K43B                 92    0.589 102.877   0.000   0.120   0.306   0.574
E Y  3K43B                 93    0.297  63.524   0.000   0.100   0.179   0.720
E D  3K43B                 94    0.499  71.977   0.000   0.086   0.135   0.779
E N  3K43B                 95    0.560  81.967   0.000   0.087   0.055   0.858
E H  3K43B                 96    0.573 104.148   0.000   0.126   0.057   0.817
B C  3K43B                 97    0.228  32.008   0.000   0.148   0.043   0.809
E G  3K43B                 98    0.606  47.722   0.000   0.076   0.017   0.907
E R  3K43B                 99    0.700 160.342   0.000   0.069   0.040   0.891
E E  3K43B                100    0.448  78.227   0.000   0.055   0.217   0.728
E Q  3K43B                101    0.480  85.803   0.000   0.031   0.339   0.630
B R  3K43B                102    0.138  31.525   0.000   0.004   0.696   0.301
E R  3K43B                103    0.297  67.992   0.000   0.001   0.841   0.157
B A  3K43B                104    0.009   1.020   0.000   0.000   0.987   0.013
B V  3K43B                105    0.122  18.747   0.000   0.000   0.993   0.007
B V  3K43B                106    0.006   0.891   0.000   0.000   0.999   0.001
B M  3K43B                107    0.161  32.238   0.000   0.000   0.998   0.002
B I  3K43B                108    0.007   1.379   0.000   0.000   0.998   0.002
B S  3K43B                109    0.179  21.023   0.000   0.000   0.993   0.007
B C  3K43B                110    0.038   5.297   0.000   0.000   0.898   0.102
E N  3K43B                111    0.322  47.138   0.000   0.001   0.321   0.678
E R  3K43B                112    0.522 119.558   0.000   0.341   0.007   0.652
E H  3K43B                113    0.743 135.175   0.000   0.380   0.006   0.614
E T  3K43B                114    0.276  38.244   0.000   0.374   0.014   0.612
E L  3K43B                115    0.345  63.088   0.000   0.187   0.039   0.774
E A  3K43B                116    0.419  46.132   0.000   0.196   0.030   0.774
E D  3K43B                117    0.730 105.245   0.000   0.210   0.036   0.754
E N  3K43B                118    0.503  73.712   0.000   0.187   0.196   0.617
B F  3K43B                119    0.129  25.814   0.000   0.003   0.526   0.471
E N  3K43B                120    0.525  76.790   0.000   0.000   0.952   0.048
E P  3K43B                121    0.341  48.398   0.000   0.001   0.984   0.015
E V  3K43B                122    0.310  47.692   0.000   0.009   0.764   0.227
E S  3K43B                123    0.280  32.783   0.000   0.008   0.905   0.086
E E  3K43B                124    0.505  88.257   0.000   0.035   0.766   0.199
E E  3K43B                125    0.537  93.876   0.000   0.076   0.455   0.469
E R  3K43B                126    0.578 132.264   0.000   0.072   0.135   0.793
E G  3K43B                127    0.640  50.402   0.000   0.056   0.040   0.904
E M  3K43B                128    0.486  97.218   0.000   0.079   0.126   0.795
E V  3K43B                129    0.462  71.012   0.000   0.097   0.208   0.695
E Q  3K43B                130    0.528  94.383   0.000   0.105   0.166   0.729
E D  3K43B                131    0.521  75.071   0.000   0.076   0.160   0.764
B C  3K43B                132    0.051   7.110   0.000   0.016   0.462   0.522
B F  3K43B                133    0.189  37.917   0.000   0.001   0.848   0.151
B Y  3K43B                134    0.039   8.262   0.000   0.001   0.988   0.011
B L  3K43B                135    0.108  19.693   0.000   0.000   0.994   0.005
B F  3K43B                136    0.016   3.287   0.000   0.000   0.997   0.003
E E  3K43B                137    0.292  51.042   0.000   0.000   0.997   0.002
B M  3K43B                138    0.026   5.188   0.000   0.000   0.991   0.009
E D  3K43B                139    0.408  58.821   0.000   0.002   0.833   0.165
B S  3K43B                140    0.061   7.100   0.000   0.216   0.215   0.570
E S  3K43B                141    0.564  66.044   0.000   0.716   0.025   0.259
B L  3K43B                142    0.243  44.582   0.000   0.546   0.051   0.402
B A  3K43B                143    0.117  12.871   0.000   0.146   0.329   0.526
B C  3K43B                144    0.230  32.284   0.000   0.030   0.285   0.685
E S  3K43B                145    0.836  97.981   0.000   0.001   0.002   0.997
