# For publication of results, please cite:
# ...
# ... Michael Schantz Klausen, Martin Closter Jespersen, Henrik Nielsen, Kamilla Kjærgaard Jensen, 
# ... Vanessa Isabell Jurtz, Casper Kaae Sønderby, Morten Otto Alexander Sommer, Ole Winther, 
# ... Morten Nielsen, Bent Petersen, and Paolo Marcatili. 
# ... NetSurfP-2.0: Improved prediction of protein structural features by integrated deep learning.
# ... Proteins: Structure, Function, and Bioinformatics (Feb. 2019).
# ... https://doi.org/10.1002/prot.25674
# ...
#
# Column 1: Class assignment - B for buried or E for Exposed - Threshold: 25% exposure, but not based on RSA
# Column 2: Amino acid
# Column 3: Sequence name
# Column 4: Amino acid number
# Column 5: Relative Surface Accessibility - RSA
# Column 6: Absolute Surface Accessibility
# Column 7: Not used
# Column 8: Probability for Alpha-Helix
# Column 9: Probability for Beta-strand
# Column 10: Probability for Coil
E S  1CCTA                  1    0.895 104.921   0.000   0.000   0.000   0.999
E H  1CCTA                  2    0.608 110.650   0.000   0.017   0.097   0.885
E H  1CCTA                  3    0.587 106.757   0.000   0.015   0.182   0.803
B W  1CCTA                  4    0.175  42.193   0.000   0.025   0.237   0.739
B G  1CCTA                  5    0.203  15.955   0.000   0.024   0.148   0.827
B Y  1CCTA                  6    0.220  46.911   0.000   0.036   0.117   0.846
E G  1CCTA                  7    0.450  35.382   0.000   0.054   0.049   0.897
E K  1CCTA                  8    0.593 122.007   0.000   0.094   0.062   0.844
E H  1CCTA                  9    0.578 105.091   0.000   0.071   0.054   0.875
E N  1CCTA                 10    0.505  73.998   0.000   0.103   0.099   0.798
B G  1CCTA                 11    0.117   9.203   0.000   0.182   0.033   0.785
B P  1CCTA                 12    0.168  23.790   0.000   0.552   0.017   0.431
E E  1CCTA                 13    0.654 114.168   0.000   0.681   0.005   0.314
E H  1CCTA                 14    0.381  69.277   0.000   0.724   0.006   0.270
B W  1CCTA                 15    0.044  10.505   0.000   0.871   0.004   0.124
E H  1CCTA                 16    0.311  56.628   0.000   0.830   0.005   0.165
E K  1CCTA                 17    0.751 154.431   0.000   0.789   0.002   0.209
E D  1CCTA                 18    0.552  79.608   0.000   0.716   0.002   0.282
B F  1CCTA                 19    0.129  25.824   0.000   0.016   0.017   0.966
E P  1CCTA                 20    0.540  76.558   0.000   0.238   0.007   0.754
E I  1CCTA                 21    0.321  59.316   0.000   0.203   0.053   0.745
B A  1CCTA                 22    0.137  15.045   0.000   0.201   0.041   0.758
E K  1CCTA                 23    0.633 130.111   0.000   0.079   0.055   0.866
E G  1CCTA                 24    0.292  23.007   0.000   0.126   0.032   0.841
E E  1CCTA                 25    0.629 109.932   0.000   0.062   0.030   0.908
E R  1CCTA                 26    0.275  62.896   0.000   0.061   0.116   0.823
B Q  1CCTA                 27    0.037   6.688   0.000   0.012   0.181   0.806
B S  1CCTA                 28    0.030   3.565   0.000   0.000   0.086   0.914
B P  1CCTA                 29    0.059   8.429   0.000   0.001   0.070   0.928
B V  1CCTA                 30    0.051   7.793   0.000   0.003   0.585   0.412
E D  1CCTA                 31    0.329  47.438   0.000   0.001   0.661   0.338
B I  1CCTA                 32    0.037   6.869   0.000   0.003   0.563   0.433
E D  1CCTA                 33    0.411  59.229   0.000   0.010   0.348   0.641
E T  1CCTA                 34    0.334  46.382   0.000   0.346   0.059   0.595
E H  1CCTA                 35    0.673 122.374   0.000   0.243   0.072   0.685
E T  1CCTA                 36    0.424  58.768   0.000   0.369   0.182   0.449
B A  1CCTA                 37    0.090   9.927   0.000   0.014   0.332   0.655
E K  1CCTA                 38    0.534 109.788   0.000   0.003   0.892   0.105
E Y  1CCTA                 39    0.368  78.689   0.000   0.003   0.838   0.158
E D  1CCTA                 40    0.253  36.457   0.000   0.000   0.048   0.951
E P  1CCTA                 41    0.743 105.436   0.000   0.020   0.004   0.976
E S  1CCTA                 42    0.730  85.575   0.000   0.021   0.003   0.976
B L  1CCTA                 43    0.135  24.710   0.000   0.024   0.015   0.961
E K  1CCTA                 44    0.601 123.607   0.000   0.001   0.033   0.966
E P  1CCTA                 45    0.411  58.390   0.000   0.002   0.076   0.923
B L  1CCTA                 46    0.096  17.503   0.000   0.002   0.318   0.680
E S  1CCTA                 47    0.487  57.083   0.000   0.001   0.873   0.126
B V  1CCTA                 48    0.113  17.430   0.000   0.001   0.802   0.197
E S  1CCTA                 49    0.419  49.144   0.000   0.004   0.621   0.376
B Y  1CCTA                 50    0.215  45.886   0.000   0.124   0.253   0.623
E D  1CCTA                 51    0.687  99.055   0.000   0.121   0.105   0.774
E Q  1CCTA                 52    0.582 103.986   0.000   0.143   0.172   0.685
B A  1CCTA                 53    0.220  24.269   0.000   0.037   0.255   0.708
E T  1CCTA                 54    0.493  68.323   0.000   0.017   0.443   0.540
E S  1CCTA                 55    0.388  45.430   0.000   0.015   0.706   0.279
B L  1CCTA                 56    0.058  10.696   0.000   0.001   0.924   0.076
E R  1CCTA                 57    0.387  88.644   0.000   0.000   0.986   0.014
B I  1CCTA                 58    0.014   2.635   0.000   0.000   0.993   0.007
B L  1CCTA                 59    0.163  29.868   0.000   0.000   0.983   0.016
B N  1CCTA                 60    0.062   9.057   0.000   0.000   0.837   0.163
B N  1CCTA                 61    0.212  30.983   0.000   0.003   0.053   0.944
B G  1CCTA                 62    0.086   6.800   0.000   0.005   0.008   0.986
B H  1CCTA                 63    0.199  36.141   0.000   0.003   0.022   0.974
B A  1CCTA                 64    0.057   6.272   0.000   0.001   0.319   0.680
B F  1CCTA                 65    0.015   3.098   0.000   0.000   0.966   0.034
B N  1CCTA                 66    0.200  29.346   0.000   0.000   0.996   0.004
B V  1CCTA                 67    0.011   1.723   0.000   0.000   0.995   0.005
E E  1CCTA                 68    0.366  63.869   0.000   0.000   0.971   0.029
B F  1CCTA                 69    0.061  12.285   0.000   0.001   0.813   0.186
E D  1CCTA                 70    0.432  62.272   0.000   0.009   0.392   0.599
E D  1CCTA                 71    0.574  82.657   0.000   0.165   0.019   0.816
E S  1CCTA                 72    0.732  85.737   0.000   0.317   0.013   0.670
E Q  1CCTA                 73    0.451  80.465   0.000   0.153   0.026   0.822
E D  1CCTA                 74    0.421  60.611   0.000   0.028   0.035   0.936
E K  1CCTA                 75    0.353  72.646   0.000   0.009   0.683   0.308
B A  1CCTA                 76    0.038   4.155   0.000   0.001   0.909   0.090
B V  1CCTA                 77    0.226  34.683   0.000   0.000   0.984   0.016
B L  1CCTA                 78    0.047   8.674   0.000   0.000   0.975   0.025
E K  1CCTA                 79    0.464  95.483   0.000   0.001   0.912   0.087
E G  1CCTA                 80    0.303  23.882   0.000   0.004   0.463   0.533
E G  1CCTA                 81    0.257  20.242   0.000   0.082   0.115   0.803
E P  1CCTA                 82    0.450  63.800   0.000   0.098   0.031   0.871
B L  1CCTA                 83    0.102  18.718   0.000   0.069   0.041   0.890
E D  1CCTA                 84    0.697 100.382   0.000   0.009   0.056   0.935
E G  1CCTA                 85    0.300  23.601   0.000   0.003   0.621   0.376
E T  1CCTA                 86    0.345  47.805   0.000   0.001   0.872   0.128
B Y  1CCTA                 87    0.029   6.152   0.000   0.000   0.992   0.008
E R  1CCTA                 88    0.329  75.390   0.000   0.000   0.995   0.005
B L  1CCTA                 89    0.013   2.318   0.000   0.000   0.993   0.007
B I  1CCTA                 90    0.102  18.886   0.000   0.000   0.992   0.008
B Q  1CCTA                 91    0.093  16.605   0.000   0.000   0.997   0.003
B F  1CCTA                 92    0.011   2.189   0.000   0.000   0.998   0.002
B H  1CCTA                 93    0.049   8.980   0.000   0.000   0.997   0.003
B F  1CCTA                 94    0.010   2.041   0.000   0.000   0.983   0.017
B H  1CCTA                 95    0.049   8.896   0.000   0.000   0.951   0.049
B W  1CCTA                 96    0.076  18.298   0.000   0.001   0.730   0.269
B G  1CCTA                 97    0.081   6.407   0.000   0.012   0.331   0.657
E S  1CCTA                 98    0.269  31.488   0.000   0.026   0.204   0.770
E L  1CCTA                 99    0.538  98.597   0.000   0.051   0.056   0.893
E D  1CCTA                100    0.632  91.056   0.000   0.045   0.022   0.933
E G  1CCTA                101    0.361  28.422   0.000   0.037   0.026   0.937
E Q  1CCTA                102    0.467  83.370   0.000   0.009   0.111   0.880
B G  1CCTA                103    0.088   6.950   0.000   0.005   0.154   0.841
B S  1CCTA                104    0.035   4.094   0.000   0.016   0.457   0.526
B E  1CCTA                105    0.117  20.405   0.000   0.008   0.595   0.397
B H  1CCTA                106    0.039   7.185   0.000   0.002   0.965   0.033
B T  1CCTA                107    0.172  23.922   0.000   0.000   0.993   0.007
B V  1CCTA                108    0.047   7.150   0.000   0.001   0.984   0.015
E D  1CCTA                109    0.508  73.262   0.000   0.001   0.001   0.998
E K  1CCTA                110    0.789 162.316   0.000   0.001   0.001   0.998
E K  1CCTA                111    0.506 104.179   0.000   0.000   0.985   0.015
E K  1CCTA                112    0.489 100.634   0.000   0.000   0.993   0.007
B Y  1CCTA                113    0.074  15.873   0.000   0.000   0.889   0.111
B A  1CCTA                114    0.169  18.669   0.000   0.000   0.673   0.327
B A  1CCTA                115    0.005   0.503   0.000   0.000   0.900   0.100
B E  1CCTA                116    0.041   7.186   0.000   0.000   0.976   0.024
B L  1CCTA                117    0.002   0.433   0.000   0.000   0.997   0.003
B H  1CCTA                118    0.016   2.928   0.000   0.000   0.999   0.001
B L  1CCTA                119    0.005   0.998   0.000   0.000   0.998   0.002
B V  1CCTA                120    0.017   2.587   0.000   0.000   0.998   0.002
B H  1CCTA                121    0.033   6.078   0.000   0.000   0.986   0.014
B W  1CCTA                122    0.136  32.712   0.000   0.001   0.948   0.051
B N  1CCTA                123    0.142  20.788   0.000   0.004   0.649   0.347
E T  1CCTA                124    0.525  72.855   0.000   0.152   0.013   0.835
E K  1CCTA                125    0.642 131.998   0.000   0.131   0.009   0.860
E Y  1CCTA                126    0.295  63.071   0.000   0.112   0.021   0.866
E G  1CCTA                127    0.368  28.926   0.000   0.008   0.033   0.959
E D  1CCTA                128    0.533  76.852   0.000   0.005   0.092   0.903
B F  1CCTA                129    0.102  20.395   0.000   0.897   0.002   0.101
E G  1CCTA                130    0.283  22.288   0.000   0.975   0.001   0.024
E K  1CCTA                131    0.487 100.272   0.000   0.975   0.001   0.023
B A  1CCTA                132    0.007   0.818   0.000   0.984   0.000   0.016
B V  1CCTA                133    0.190  29.164   0.000   0.900   0.001   0.099
E Q  1CCTA                134    0.727 129.754   0.000   0.521   0.001   0.478
E Q  1CCTA                135    0.311  55.611   0.000   0.006   0.001   0.993
E P  1CCTA                136    0.665  94.335   0.000   0.008   0.001   0.991
E D  1CCTA                137    0.490  70.601   0.000   0.007   0.003   0.989
B G  1CCTA                138    0.104   8.153   0.000   0.015   0.225   0.760
B L  1CCTA                139    0.033   6.021   0.000   0.000   0.871   0.129
B A  1CCTA                140    0.003   0.342   0.000   0.000   0.979   0.021
B V  1CCTA                141    0.008   1.175   0.000   0.000   0.996   0.004
B L  1CCTA                142    0.003   0.505   0.000   0.000   0.999   0.001
B G  1CCTA                143    0.001   0.105   0.000   0.000   0.999   0.001
B I  1CCTA                144    0.005   0.885   0.000   0.000   0.999   0.001
B F  1CCTA                145    0.017   3.399   0.000   0.000   0.997   0.003
B L  1CCTA                146    0.016   2.863   0.000   0.000   0.992   0.008
E K  1CCTA                147    0.299  61.582   0.000   0.000   0.985   0.015
B V  1CCTA                148    0.111  17.032   0.000   0.001   0.751   0.248
E G  1CCTA                149    0.258  20.272   0.000   0.004   0.142   0.854
E S  1CCTA                150    0.649  76.009   0.000   0.004   0.011   0.985
E A  1CCTA                151    0.603  66.487   0.000   0.004   0.006   0.990
E K  1CCTA                152    0.256  52.680   0.000   0.012   0.007   0.981
E P  1CCTA                153    0.570  80.825   0.000   0.855   0.002   0.143
B G  1CCTA                154    0.102   8.062   0.000   0.875   0.001   0.124
B L  1CCTA                155    0.017   3.201   0.000   0.953   0.001   0.046
E Q  1CCTA                156    0.442  78.982   0.000   0.993   0.000   0.007
E K  1CCTA                157    0.454  93.330   0.000   0.993   0.000   0.007
B V  1CCTA                158    0.007   1.069   0.000   0.995   0.000   0.005
B V  1CCTA                159    0.070  10.721   0.000   0.996   0.000   0.004
E D  1CCTA                160    0.609  87.819   0.000   0.975   0.000   0.025
B V  1CCTA                161    0.130  20.048   0.000   0.947   0.000   0.053
B L  1CCTA                162    0.017   3.072   0.000   0.951   0.001   0.048
E D  1CCTA                163    0.578  83.320   0.000   0.826   0.002   0.172
E S  1CCTA                164    0.587  68.786   0.000   0.433   0.006   0.561
B I  1CCTA                165    0.079  14.527   0.000   0.062   0.031   0.907
E K  1CCTA                166    0.588 120.887   0.000   0.083   0.089   0.828
E T  1CCTA                167    0.320  44.445   0.000   0.037   0.226   0.737
E K  1CCTA                168    0.591 121.639   0.000   0.003   0.050   0.947
E G  1CCTA                169    0.672  52.919   0.000   0.003   0.025   0.973
E K  1CCTA                170    0.535 109.994   0.000   0.005   0.466   0.528
E S  1CCTA                171    0.533  62.456   0.000   0.002   0.847   0.151
B A  1CCTA                172    0.224  24.644   0.000   0.001   0.909   0.090
E D  1CCTA                173    0.688  99.191   0.000   0.001   0.922   0.077
B F  1CCTA                174    0.137  27.557   0.000   0.014   0.566   0.420
E T  1CCTA                175    0.542  75.132   0.000   0.021   0.345   0.634
E N  1CCTA                176    0.720 105.354   0.000   0.016   0.270   0.714
B F  1CCTA                177    0.092  18.512   0.000   0.002   0.215   0.783
E D  1CCTA                178    0.486  70.082   0.000   0.001   0.016   0.983
B P  1CCTA                179    0.048   6.773   0.000   0.588   0.002   0.410
E R  1CCTA                180    0.417  95.411   0.000   0.860   0.002   0.138
E G  1CCTA                181    0.490  38.573   0.000   0.848   0.001   0.151
B L  1CCTA                182    0.060  11.014   0.000   0.812   0.000   0.187
B L  1CCTA                183    0.064  11.658   0.000   0.004   0.008   0.988
E P  1CCTA                184    0.255  36.118   0.000   0.004   0.008   0.987
E E  1CCTA                185    0.808 141.157   0.000   0.012   0.007   0.981
E S  1CCTA                186    0.617  72.281   0.000   0.011   0.049   0.940
E L  1CCTA                187    0.334  61.069   0.000   0.015   0.045   0.939
E D  1CCTA                188    0.543  78.191   0.000   0.009   0.129   0.862
B Y  1CCTA                189    0.127  27.042   0.000   0.003   0.724   0.274
B W  1CCTA                190    0.097  23.258   0.000   0.001   0.930   0.069
B T  1CCTA                191    0.224  31.006   0.000   0.000   0.956   0.044
B Y  1CCTA                192    0.100  21.452   0.000   0.001   0.787   0.213
E P  1CCTA                193    0.402  56.997   0.000   0.006   0.338   0.656
B G  1CCTA                194    0.141  11.087   0.000   0.010   0.204   0.786
B S  1CCTA                195    0.098  11.514   0.000   0.019   0.203   0.778
B L  1CCTA                196    0.089  16.309   0.000   0.023   0.033   0.944
B E  1CCTA                197    0.155  27.082   0.000   0.014   0.051   0.935
B T  1CCTA                198    0.187  25.919   0.000   0.001   0.086   0.913
B P  1CCTA                199    0.159  22.515   0.000   0.002   0.007   0.991
E P  1CCTA                200    0.272  38.571   0.000   0.007   0.041   0.952
B L  1CCTA                201    0.097  17.671   0.000   0.026   0.263   0.712
E L  1CCTA                202    0.280  51.177   0.000   0.027   0.194   0.779
B E  1CCTA                203    0.161  28.111   0.000   0.026   0.246   0.728
B C  1CCTA                204    0.076  10.734   0.000   0.011   0.416   0.573
B V  1CCTA                205    0.014   2.108   0.000   0.000   0.937   0.062
B T  1CCTA                206    0.125  17.295   0.000   0.000   0.993   0.007
B W  1CCTA                207    0.024   5.800   0.000   0.000   0.999   0.001
B I  1CCTA                208    0.048   8.792   0.000   0.000   0.999   0.001
B V  1CCTA                209    0.017   2.669   0.000   0.000   0.999   0.001
B L  1CCTA                210    0.026   4.781   0.000   0.000   0.968   0.031
E K  1CCTA                211    0.478  98.366   0.000   0.000   0.287   0.713
E E  1CCTA                212    0.610 106.572   0.000   0.000   0.349   0.651
E P  1CCTA                213    0.286  40.619   0.000   0.000   0.281   0.719
B I  1CCTA                214    0.119  22.088   0.000   0.000   0.960   0.040
E S  1CCTA                215    0.501  58.705   0.000   0.000   0.931   0.069
B V  1CCTA                216    0.025   3.882   0.000   0.000   0.451   0.549
E S  1CCTA                217    0.334  39.113   0.000   0.000   0.091   0.908
E S  1CCTA                218    0.467  54.731   0.000   0.985   0.000   0.015
E E  1CCTA                219    0.646 112.895   0.000   0.993   0.000   0.007
B Q  1CCTA                220    0.105  18.834   0.000   0.997   0.000   0.003
B V  1CCTA                221    0.059   9.048   0.000   0.996   0.000   0.004
E L  1CCTA                222    0.430  78.685   0.000   0.994   0.000   0.006
E K  1CCTA                223    0.377  77.560   0.000   0.987   0.000   0.012
B F  1CCTA                224    0.025   5.030   0.000   0.986   0.000   0.014
E R  1CCTA                225    0.299  68.383   0.000   0.931   0.002   0.068
E K  1CCTA                226    0.543 111.707   0.000   0.770   0.003   0.228
B L  1CCTA                227    0.114  20.941   0.000   0.652   0.007   0.341
E N  1CCTA                228    0.262  38.400   0.000   0.441   0.072   0.486
E F  1CCTA                229    0.369  74.016   0.000   0.324   0.066   0.610
E N  1CCTA                230    0.584  85.439   0.000   0.156   0.037   0.808
E G  1CCTA                231    0.536  42.167   0.000   0.020   0.006   0.974
E E  1CCTA                232    0.701 122.491   0.000   0.021   0.045   0.934
E G  1CCTA                233    0.506  39.816   0.000   0.035   0.026   0.939
E E  1CCTA                234    0.588 102.805   0.000   0.013   0.018   0.969
E P  1CCTA                235    0.434  61.573   0.000   0.317   0.051   0.632
E E  1CCTA                236    0.617 107.773   0.000   0.383   0.036   0.582
E E  1CCTA                237    0.585 102.134   0.000   0.356   0.071   0.573
E L  1CCTA                238    0.280  51.342   0.000   0.269   0.164   0.567
B M  1CCTA                239    0.101  20.277   0.000   0.138   0.216   0.647
E V  1CCTA                240    0.327  50.251   0.000   0.109   0.164   0.727
E D  1CCTA                241    0.519  74.820   0.000   0.123   0.077   0.799
B N  1CCTA                242    0.087  12.744   0.000   0.051   0.080   0.868
B W  1CCTA                243    0.199  47.828   0.000   0.022   0.127   0.852
B R  1CCTA                244    0.091  20.824   0.000   0.006   0.151   0.843
E P  1CCTA                245    0.258  36.561   0.000   0.001   0.139   0.860
B A  1CCTA                246    0.140  15.467   0.000   0.002   0.426   0.572
B Q  1CCTA                247    0.077  13.837   0.000   0.002   0.818   0.181
E P  1CCTA                248    0.446  63.259   0.000   0.005   0.876   0.119
B L  1CCTA                249    0.114  20.856   0.000   0.033   0.727   0.240
E K  1CCTA                250    0.490 100.801   0.000   0.062   0.023   0.914
E N  1CCTA                251    0.790 115.587   0.000   0.037   0.014   0.949
B R  1CCTA                252    0.231  52.947   0.000   0.004   0.683   0.314
E Q  1CCTA                253    0.513  91.573   0.000   0.001   0.868   0.130
B I  1CCTA                254    0.069  12.830   0.000   0.004   0.854   0.142
E K  1CCTA                255    0.391  80.424   0.000   0.003   0.939   0.058
B A  1CCTA                256    0.212  23.378   0.000   0.005   0.899   0.096
E S  1CCTA                257    0.337  39.505   0.000   0.008   0.673   0.319
E F  1CCTA                258    0.342  68.547   0.000   0.012   0.316   0.672
E K  1CCTA                259    0.809 166.353   0.000   0.000   0.001   0.998
