# For publication of results, please cite:
# ...
# ... Michael Schantz Klausen, Martin Closter Jespersen, Henrik Nielsen, Kamilla Kjærgaard Jensen, 
# ... Vanessa Isabell Jurtz, Casper Kaae Sønderby, Morten Otto Alexander Sommer, Ole Winther, 
# ... Morten Nielsen, Bent Petersen, and Paolo Marcatili. 
# ... NetSurfP-2.0: Improved prediction of protein structural features by integrated deep learning.
# ... Proteins: Structure, Function, and Bioinformatics (Feb. 2019).
# ... https://doi.org/10.1002/prot.25674
# ...
#
# Column 1: Class assignment - B for buried or E for Exposed - Threshold: 25% exposure, but not based on RSA
# Column 2: Amino acid
# Column 3: Sequence name
# Column 4: Amino acid number
# Column 5: Relative Surface Accessibility - RSA
# Column 6: Absolute Surface Accessibility
# Column 7: Not used
# Column 8: Probability for Alpha-Helix
# Column 9: Probability for Beta-strand
# Column 10: Probability for Coil
E Q  4J32B                  1    0.924 165.055   0.000   0.002   0.000   0.998
E E  4J32B                  2    0.751 131.242   0.000   0.082   0.003   0.915
E A  4J32B                  3    0.647  71.344   0.000   0.114   0.005   0.881
E L  4J32B                  4    0.470  85.986   0.000   0.211   0.010   0.779
E T  4J32B                  5    0.542  75.137   0.000   0.213   0.012   0.776
E T  4J32B                  6    0.629  87.235   0.000   0.214   0.011   0.775
E Q  4J32B                  7    0.820 146.505   0.000   0.176   0.007   0.817
E Y  4J32B                  8    0.438  93.673   0.000   0.023   0.011   0.967
E S  4J32B                  9    0.457  53.536   0.000   0.040   0.009   0.951
E Q  4J32B                 10    0.445  79.514   0.000   0.979   0.000   0.021
E S  4J32B                 11    0.334  39.140   0.000   0.990   0.000   0.010
E E  4J32B                 12    0.403  70.336   0.000   0.994   0.000   0.006
B L  4J32B                 13    0.141  25.811   0.000   0.997   0.000   0.003
B L  4J32B                 14    0.111  20.395   0.000   0.996   0.000   0.004
E K  4J32B                 15    0.291  59.872   0.000   0.997   0.000   0.003
B N  4J32B                 16    0.225  32.921   0.000   0.997   0.000   0.003
B W  4J32B                 17    0.194  46.767   0.000   0.999   0.000   0.001
B A  4J32B                 18    0.066   7.281   0.000   1.000   0.000   0.000
B L  4J32B                 19    0.117  21.396   0.000   0.998   0.000   0.002
B S  4J32B                 20    0.113  13.201   0.000   0.998   0.000   0.002
E H  4J32B                 21    0.257  46.771   0.000   0.997   0.000   0.003
B C  4J32B                 22    0.094  13.200   0.000   0.995   0.000   0.005
B L  4J32B                 23    0.105  19.314   0.000   0.989   0.000   0.011
B A  4J32B                 24    0.183  20.171   0.000   0.984   0.000   0.015
E L  4J32B                 25    0.480  87.950   0.000   0.932   0.000   0.068
E V  4J32B                 26    0.273  42.015   0.000   0.893   0.000   0.106
E Y  4J32B                 27    0.306  65.301   0.000   0.183   0.003   0.813
E K  4J32B                 28    0.745 153.160   0.000   0.018   0.001   0.981
E D  4J32B                 29    0.498  71.758   0.000   0.023   0.001   0.976
E D  4J32B                 30    0.718 103.477   0.000   0.832   0.000   0.168
E V  4J32B                 31    0.554  85.175   0.000   0.953   0.000   0.047
B V  4J32B                 32    0.129  19.780   0.000   0.974   0.001   0.025
E K  4J32B                 33    0.314  64.634   0.000   0.993   0.000   0.006
E N  4J32B                 34    0.600  87.825   0.000   0.988   0.000   0.012
E D  4J32B                 35    0.342  49.352   0.000   0.989   0.000   0.011
B A  4J32B                 36    0.066   7.318   0.000   0.995   0.000   0.005
E R  4J32B                 37    0.512 117.350   0.000   0.993   0.000   0.007
E A  4J32B                 38    0.456  50.242   0.000   0.993   0.000   0.007
B T  4J32B                 39    0.216  29.943   0.000   0.987   0.000   0.013
B A  4J32B                 40    0.096  10.580   0.000   0.993   0.000   0.007
E S  4J32B                 41    0.430  50.402   0.000   0.989   0.000   0.011
E A  4J32B                 42    0.306  33.750   0.000   0.992   0.000   0.008
B Y  4J32B                 43    0.229  48.838   0.000   0.992   0.000   0.008
E L  4J32B                 44    0.258  47.303   0.000   0.984   0.000   0.016
E E  4J32B                 45    0.643 112.356   0.000   0.949   0.000   0.051
E Y  4J32B                 46    0.402  86.005   0.000   0.797   0.000   0.202
E G  4J32B                 47    0.275  21.673   0.000   0.411   0.001   0.588
E K  4J32B                 48    0.759 156.122   0.000   0.112   0.003   0.886
E Q  4J32B                 49    0.419  74.748   0.000   0.030   0.003   0.967
E S  4J32B                 50    0.478  55.980   0.000   0.015   0.005   0.980
E V  4J32B                 51    0.526  80.789   0.000   0.874   0.001   0.124
E E  4J32B                 52    0.735 128.462   0.000   0.952   0.000   0.048
B I  4J32B                 53    0.204  37.801   0.000   0.962   0.000   0.038
B Y  4J32B                 54    0.247  52.816   0.000   0.962   0.000   0.038
E H  4J32B                 55    0.547  99.559   0.000   0.978   0.000   0.022
E E  4J32B                 56    0.507  88.636   0.000   0.975   0.000   0.025
B I  4J32B                 57    0.107  19.783   0.000   0.984   0.000   0.016
E D  4J32B                 58    0.362  52.190   0.000   0.994   0.000   0.006
E E  4J32B                 59    0.572  99.872   0.000   0.994   0.000   0.006
B I  4J32B                 60    0.213  39.463   0.000   0.994   0.000   0.006
B A  4J32B                 61    0.090   9.864   0.000   0.987   0.000   0.013
E K  4J32B                 62    0.588 120.927   0.000   0.970   0.000   0.030
E K  4J32B                 63    0.621 127.725   0.000   0.921   0.000   0.079
E Y  4J32B                 64    0.330  70.576   0.000   0.811   0.000   0.189
E S  4J32B                 65    0.403  47.289   0.000   0.473   0.001   0.526
E G  4J32B                 66    0.796  62.628   0.000   0.123   0.000   0.877
E L  4J32B                 67    0.405  74.168   0.000   0.010   0.004   0.987
E K  4J32B                 68    0.725 149.153   0.000   0.011   0.056   0.933
E Y  4J32B                 69    0.429  91.732   0.000   0.024   0.024   0.952
E N  4J32B                 70    0.758 110.947   0.000   0.026   0.018   0.957
E G  4J32B                 71    0.582  45.779   0.000   0.048   0.020   0.932
E S  4J32B                 72    0.719  84.283   0.000   0.063   0.015   0.922
E I  4J32B                 73    0.501  92.625   0.000   0.066   0.018   0.916
E S  4J32B                 74    0.701  82.187   0.000   0.106   0.009   0.885
E S  4J32B                 75    0.529  62.034   0.000   0.163   0.017   0.820
E D  4J32B                 76    0.682  98.242   0.000   0.305   0.020   0.675
E F  4J32B                 77    0.452  90.703   0.000   0.385   0.044   0.571
E N  4J32B                 78    0.425  62.277   0.000   0.466   0.030   0.505
E T  4J32B                 79    0.330  45.811   0.000   0.877   0.005   0.118
E M  4J32B                 80    0.492  98.444   0.000   0.953   0.002   0.045
E K  4J32B                 81    0.395  81.166   0.000   0.947   0.004   0.049
B C  4J32B                 82    0.081  11.373   0.000   0.981   0.001   0.018
E I  4J32B                 83    0.303  56.052   0.000   0.991   0.001   0.008
E D  4J32B                 84    0.501  72.131   0.000   0.982   0.001   0.018
B F  4J32B                 85    0.137  27.589   0.000   0.965   0.000   0.035
B I  4J32B                 86    0.209  38.706   0.000   0.792   0.000   0.208
E H  4J32B                 87    0.678 123.386   0.000   0.270   0.000   0.730
E D  4J32B                 88    0.293  42.191   0.000   0.003   0.001   0.996
E R  4J32B                 89    0.720 164.947   0.000   0.962   0.000   0.038
E E  4J32B                 90    0.567  99.042   0.000   0.975   0.000   0.025
B L  4J32B                 91    0.090  16.440   0.000   0.982   0.000   0.018
E N  4J32B                 92    0.368  53.874   0.000   0.989   0.000   0.010
E E  4J32B                 93    0.553  96.575   0.000   0.974   0.000   0.026
B L  4J32B                 94    0.225  41.253   0.000   0.982   0.000   0.018
B I  4J32B                 95    0.147  27.194   0.000   0.966   0.001   0.034
E K  4J32B                 96    0.567 116.574   0.000   0.907   0.001   0.092
E R  4J32B                 97    0.671 153.717   0.000   0.770   0.001   0.228
E R  4J32B                 98    0.428  98.030   0.000   0.609   0.002   0.389
E V  4J32B                 99    0.353  54.295   0.000   0.165   0.038   0.798
E E  4J32B                100    0.741 129.433   0.000   0.048   0.027   0.926
E K  4J32B                101    0.898 184.694   0.000   0.001   0.000   0.999
