# For publication of results, please cite:
# ...
# ... Michael Schantz Klausen, Martin Closter Jespersen, Henrik Nielsen, Kamilla Kjærgaard Jensen, 
# ... Vanessa Isabell Jurtz, Casper Kaae Sønderby, Morten Otto Alexander Sommer, Ole Winther, 
# ... Morten Nielsen, Bent Petersen, and Paolo Marcatili. 
# ... NetSurfP-2.0: Improved prediction of protein structural features by integrated deep learning.
# ... Proteins: Structure, Function, and Bioinformatics (Feb. 2019).
# ... https://doi.org/10.1002/prot.25674
# ...
#
# Column 1: Class assignment - B for buried or E for Exposed - Threshold: 25% exposure, but not based on RSA
# Column 2: Amino acid
# Column 3: Sequence name
# Column 4: Amino acid number
# Column 5: Relative Surface Accessibility - RSA
# Column 6: Absolute Surface Accessibility
# Column 7: Not used
# Column 8: Probability for Alpha-Helix
# Column 9: Probability for Beta-strand
# Column 10: Probability for Coil
E F  3EW1A                  1    0.758 152.156   0.000   0.001   0.001   0.998
E D  3EW1A                  2    0.724 104.318   0.000   0.013   0.022   0.966
E A  3EW1A                  3    0.485  53.396   0.000   0.259   0.007   0.734
E S  3EW1A                  4    0.755  88.535   0.000   0.328   0.008   0.664
E N  3EW1A                  5    0.608  88.951   0.000   0.331   0.017   0.652
E F  3EW1A                  6    0.264  52.957   0.000   0.221   0.062   0.717
E K  3EW1A                  7    0.682 140.197   0.000   0.146   0.044   0.810
E D  3EW1A                  8    0.553  79.630   0.000   0.111   0.063   0.826
E F  3EW1A                  9    0.339  68.091   0.000   0.372   0.032   0.596
E S  3EW1A                 10    0.730  85.609   0.000   0.536   0.027   0.437
E S  3EW1A                 11    0.535  62.695   0.000   0.607   0.026   0.367
E I  3EW1A                 12    0.300  55.496   0.000   0.178   0.096   0.726
E A  3EW1A                 13    0.276  30.465   0.000   0.041   0.399   0.561
E S  3EW1A                 14    0.531  62.283   0.000   0.019   0.568   0.413
B A  3EW1A                 15    0.157  17.247   0.000   0.020   0.605   0.375
E S  3EW1A                 16    0.487  57.063   0.000   0.002   0.731   0.268
B S  3EW1A                 17    0.229  26.807   0.000   0.000   0.966   0.033
E S  3EW1A                 18    0.353  41.365   0.000   0.000   0.974   0.026
B W  3EW1A                 19    0.075  18.024   0.000   0.000   0.970   0.030
E Q  3EW1A                 20    0.406  72.474   0.000   0.000   0.981   0.019
B N  3EW1A                 21    0.054   7.909   0.000   0.000   0.479   0.521
E Q  3EW1A                 22    0.665 118.757   0.000   0.003   0.002   0.995
E S  3EW1A                 23    0.375  43.966   0.000   0.001   0.000   0.999
E G  3EW1A                 24    0.427  33.596   0.000   0.000   0.006   0.994
B S  3EW1A                 25    0.051   5.974   0.000   0.000   0.033   0.967
E T  3EW1A                 26    0.315  43.744   0.000   0.000   0.996   0.004
B M  3EW1A                 27    0.020   4.062   0.000   0.000   0.998   0.002
B I  3EW1A                 28    0.192  35.491   0.000   0.000   0.999   0.001
B I  3EW1A                 29    0.024   4.504   0.000   0.000   0.997   0.003
E Q  3EW1A                 30    0.422  75.449   0.000   0.000   0.976   0.024
B V  3EW1A                 31    0.199  30.660   0.000   0.000   0.946   0.054
E D  3EW1A                 32    0.353  50.884   0.000   0.000   0.019   0.981
E S  3EW1A                 33    0.887 103.951   0.000   0.001   0.001   0.998
E F  3EW1A                 34    0.686 137.658   0.000   0.003   0.000   0.997
B G  3EW1A                 35    0.237  18.642   0.000   0.003   0.002   0.994
E N  3EW1A                 36    0.386  56.452   0.000   0.000   0.106   0.894
B V  3EW1A                 37    0.055   8.440   0.000   0.000   0.995   0.005
E S  3EW1A                 38    0.339  39.749   0.000   0.000   0.999   0.001
B G  3EW1A                 39    0.116   9.095   0.000   0.000   0.998   0.002
E Q  3EW1A                 40    0.386  68.996   0.000   0.000   0.997   0.003
B Y  3EW1A                 41    0.091  19.549   0.000   0.000   0.992   0.008
B V  3EW1A                 42    0.216  33.272   0.000   0.000   0.973   0.027
B N  3EW1A                 43    0.094  13.711   0.000   0.003   0.747   0.250
E R  3EW1A                 44    0.444 101.707   0.000   0.043   0.172   0.785
B A  3EW1A                 45    0.171  18.851   0.000   0.111   0.082   0.807
E Q  3EW1A                 46    0.702 125.440   0.000   0.163   0.038   0.799
E G  3EW1A                 47    0.719  56.571   0.000   0.130   0.025   0.846
E T  3EW1A                 48    0.521  72.236   0.000   0.104   0.038   0.858
E G  3EW1A                 49    0.607  47.750   0.000   0.037   0.026   0.937
E C  3EW1A                 50    0.322  45.171   0.000   0.062   0.100   0.838
E Q  3EW1A                 51    0.567 101.332   0.000   0.051   0.120   0.829
E N  3EW1A                 52    0.668  97.826   0.000   0.045   0.163   0.793
E S  3EW1A                 53    0.399  46.817   0.000   0.002   0.226   0.771
E P  3EW1A                 54    0.472  66.998   0.000   0.001   0.442   0.557
B Y  3EW1A                 55    0.183  39.113   0.000   0.000   0.912   0.088
E P  3EW1A                 56    0.390  55.408   0.000   0.000   0.870   0.130
B L  3EW1A                 57    0.025   4.627   0.000   0.000   0.930   0.070
E T  3EW1A                 58    0.340  47.136   0.000   0.000   0.994   0.006
B G  3EW1A                 59    0.048   3.811   0.000   0.000   0.995   0.005
E R  3EW1A                 60    0.374  85.754   0.000   0.000   0.998   0.002
B V  3EW1A                 61    0.136  20.846   0.000   0.000   0.969   0.031
E N  3EW1A                 62    0.670  98.077   0.000   0.002   0.566   0.433
E G  3EW1A                 63    0.673  52.981   0.000   0.001   0.009   0.990
E T  3EW1A                 64    0.385  53.395   0.000   0.001   0.042   0.957
E F  3EW1A                 65    0.292  58.526   0.000   0.000   0.839   0.161
B I  3EW1A                 66    0.034   6.353   0.000   0.000   0.995   0.005
B A  3EW1A                 67    0.188  20.762   0.000   0.000   0.992   0.008
B F  3EW1A                 68    0.032   6.333   0.000   0.000   0.998   0.002
E S  3EW1A                 69    0.279  32.652   0.000   0.000   0.998   0.002
B V  3EW1A                 70    0.022   3.310   0.000   0.000   0.995   0.005
B G  3EW1A                 71    0.158  12.462   0.000   0.000   0.973   0.027
B W  3EW1A                 72    0.125  30.078   0.000   0.001   0.851   0.148
E N  3EW1A                 73    0.493  72.194   0.000   0.009   0.389   0.602
E N  3EW1A                 74    0.412  60.343   0.000   0.044   0.110   0.847
E S  3EW1A                 75    0.616  72.212   0.000   0.088   0.022   0.890
E T  3EW1A                 76    0.538  74.572   0.000   0.101   0.021   0.877
E E  3EW1A                 77    0.754 131.676   0.000   0.154   0.007   0.839
E N  3EW1A                 78    0.708 103.580   0.000   0.131   0.025   0.844
B C  3EW1A                 79    0.194  27.176   0.000   0.063   0.138   0.799
E N  3EW1A                 80    0.544  79.643   0.000   0.031   0.158   0.811
B S  3EW1A                 81    0.140  16.378   0.000   0.006   0.562   0.432
E A  3EW1A                 82    0.279  30.723   0.000   0.001   0.832   0.166
B T  3EW1A                 83    0.163  22.632   0.000   0.000   0.952   0.047
B G  3EW1A                 84    0.211  16.621   0.000   0.000   0.974   0.026
B W  3EW1A                 85    0.150  36.000   0.000   0.000   0.996   0.004
E T  3EW1A                 86    0.351  48.732   0.000   0.000   0.996   0.004
B G  3EW1A                 87    0.063   4.978   0.000   0.000   0.997   0.003
E Y  3EW1A                 88    0.441  94.346   0.000   0.000   0.996   0.004
B A  3EW1A                 89    0.054   5.981   0.000   0.000   0.990   0.010
E Q  3EW1A                 90    0.415  74.197   0.000   0.000   0.984   0.016
E V  3EW1A                 91    0.323  49.638   0.000   0.000   0.936   0.064
E N  3EW1A                 92    0.420  61.483   0.000   0.001   0.254   0.745
E G  3EW1A                 93    0.845  66.497   0.000   0.010   0.004   0.986
E N  3EW1A                 94    0.861 126.039   0.000   0.013   0.001   0.985
E N  3EW1A                 95    0.570  83.466   0.000   0.012   0.145   0.843
E T  3EW1A                 96    0.459  63.596   0.000   0.003   0.281   0.716
E E  3EW1A                 97    0.475  82.967   0.000   0.001   0.866   0.133
B I  3EW1A                 98    0.105  19.348   0.000   0.000   0.979   0.021
E V  3EW1A                 99    0.293  45.101   0.000   0.000   0.992   0.008
B T  3EW1A                100    0.029   3.998   0.000   0.000   0.994   0.006
B S  3EW1A                101    0.238  27.881   0.000   0.000   0.992   0.008
B W  3EW1A                102    0.059  14.225   0.000   0.000   0.997   0.003
E N  3EW1A                103    0.300  43.922   0.000   0.000   0.996   0.003
B L  3EW1A                104    0.042   7.754   0.000   0.000   0.990   0.009
B A  3EW1A                105    0.199  21.899   0.000   0.000   0.980   0.020
E Y  3EW1A                106    0.338  72.125   0.000   0.001   0.912   0.087
E E  3EW1A                107    0.547  95.561   0.000   0.004   0.732   0.264
E G  3EW1A                108    0.443  34.872   0.000   0.003   0.262   0.735
E G  3EW1A                109    0.683  53.753   0.000   0.006   0.035   0.958
E S  3EW1A                110    0.818  95.837   0.000   0.006   0.017   0.977
E G  3EW1A                111    0.479  37.700   0.000   0.012   0.073   0.915
E P  3EW1A                112    0.651  92.335   0.000   0.005   0.059   0.936
B A  3EW1A                113    0.246  27.134   0.000   0.011   0.315   0.674
E I  3EW1A                114    0.447  82.640   0.000   0.002   0.921   0.077
E E  3EW1A                115    0.466  81.448   0.000   0.001   0.978   0.021
E Q  3EW1A                116    0.443  79.127   0.000   0.002   0.887   0.111
E G  3EW1A                117    0.366  28.823   0.000   0.002   0.895   0.103
E Q  3EW1A                118    0.592 105.802   0.000   0.004   0.836   0.160
B D  3EW1A                119    0.246  35.476   0.000   0.006   0.725   0.269
E T  3EW1A                120    0.394  54.628   0.000   0.002   0.909   0.089
B F  3EW1A                121    0.151  30.270   0.000   0.000   0.945   0.054
E Q  3EW1A                122    0.513  91.620   0.000   0.000   0.983   0.017
E Y  3EW1A                123    0.401  85.713   0.000   0.000   0.935   0.065
E V  3EW1A                124    0.392  60.262   0.000   0.000   0.289   0.711
E P  3EW1A                125    0.726 103.010   0.000   0.010   0.092   0.897
E T  3EW1A                126    0.677  93.840   0.000   0.034   0.021   0.945
E T  3EW1A                127    0.803 111.353   0.000   0.039   0.010   0.951
E E  3EW1A                128    0.825 144.160   0.000   0.073   0.002   0.925
E N  3EW1A                129    0.855 125.195   0.000   0.027   0.001   0.972
E K  3EW1A                130    0.741 152.504   0.000   0.055   0.003   0.942
E S  3EW1A                131    0.707  82.865   0.000   0.040   0.003   0.957
E L  3EW1A                132    0.690 126.290   0.000   0.074   0.002   0.924
E L  3EW1A                133    0.745 136.500   0.000   0.035   0.001   0.964
E K  3EW1A                134    0.864 177.666   0.000   0.012   0.001   0.987
E D  3EW1A                135    0.963 138.801   0.000   0.000   0.000   1.000
