# For publication of results, please cite:
# ...
# ... Michael Schantz Klausen, Martin Closter Jespersen, Henrik Nielsen, Kamilla Kjærgaard Jensen, 
# ... Vanessa Isabell Jurtz, Casper Kaae Sønderby, Morten Otto Alexander Sommer, Ole Winther, 
# ... Morten Nielsen, Bent Petersen, and Paolo Marcatili. 
# ... NetSurfP-2.0: Improved prediction of protein structural features by integrated deep learning.
# ... Proteins: Structure, Function, and Bioinformatics (Feb. 2019).
# ... https://doi.org/10.1002/prot.25674
# ...
#
# Column 1: Class assignment - B for buried or E for Exposed - Threshold: 25% exposure, but not based on RSA
# Column 2: Amino acid
# Column 3: Sequence name
# Column 4: Amino acid number
# Column 5: Relative Surface Accessibility - RSA
# Column 6: Absolute Surface Accessibility
# Column 7: Not used
# Column 8: Probability for Alpha-Helix
# Column 9: Probability for Beta-strand
# Column 10: Probability for Coil
E G  1WIGA                  1    0.947  74.526   0.000   0.000   0.000   1.000
E S  1WIGA                  2    0.827  96.935   0.000   0.005   0.003   0.993
E S  1WIGA                  3    0.820  96.100   0.000   0.007   0.004   0.989
E G  1WIGA                  4    0.783  61.626   0.000   0.012   0.004   0.984
E S  1WIGA                  5    0.767  89.844   0.000   0.010   0.006   0.984
E S  1WIGA                  6    0.704  82.502   0.000   0.012   0.026   0.962
E G  1WIGA                  7    0.500  39.318   0.000   0.004   0.327   0.670
B C  1WIGA                  8    0.109  15.372   0.000   0.003   0.052   0.945
E D  1WIGA                  9    0.682  98.258   0.000   0.005   0.001   0.993
E S  1WIGA                 10    0.558  65.361   0.000   0.004   0.001   0.995
E C  1WIGA                 11    0.281  39.436   0.000   0.013   0.001   0.986
E E  1WIGA                 12    0.746 130.399   0.000   0.003   0.001   0.996
E K  1WIGA                 13    0.589 121.231   0.000   0.001   0.011   0.988
E Y  1WIGA                 14    0.557 119.105   0.000   0.001   0.918   0.082
B I  1WIGA                 15    0.098  18.158   0.000   0.006   0.146   0.848
E T  1WIGA                 16    0.559  77.571   0.000   0.005   0.289   0.706
E G  1WIGA                 17    0.538  42.370   0.000   0.008   0.085   0.907
E R  1WIGA                 18    0.556 127.356   0.000   0.007   0.149   0.844
B V  1WIGA                 19    0.217  33.340   0.000   0.001   0.827   0.172
B L  1WIGA                 20    0.129  23.706   0.000   0.000   0.963   0.037
E E  1WIGA                 21    0.569  99.397   0.000   0.000   0.988   0.011
B A  1WIGA                 22    0.097  10.648   0.000   0.003   0.887   0.110
E G  1WIGA                 23    0.660  51.907   0.000   0.006   0.004   0.990
E E  1WIGA                 24    0.897 156.769   0.000   0.002   0.001   0.998
E K  1WIGA                 25    0.434  89.252   0.000   0.000   0.949   0.050
E H  1WIGA                 26    0.469  85.275   0.000   0.000   0.991   0.009
B Y  1WIGA                 27    0.073  15.630   0.000   0.000   0.993   0.007
B H  1WIGA                 28    0.170  30.976   0.000   0.001   0.209   0.791
B P  1WIGA                 29    0.235  33.277   0.000   0.845   0.003   0.152
E S  1WIGA                 30    0.625  73.221   0.000   0.814   0.002   0.184
B C  1WIGA                 31    0.081  11.375   0.000   0.746   0.011   0.243
B A  1WIGA                 32    0.040   4.417   0.000   0.007   0.801   0.192
E L  1WIGA                 33    0.290  53.012   0.000   0.000   0.994   0.006
B C  1WIGA                 34    0.030   4.266   0.000   0.000   0.602   0.397
E V  1WIGA                 35    0.416  63.993   0.000   0.001   0.001   0.999
E R  1WIGA                 36    0.658 150.578   0.000   0.001   0.000   0.999
E C  1WIGA                 37    0.399  56.032   0.000   0.001   0.000   0.999
E G  1WIGA                 38    0.512  40.305   0.000   0.000   0.001   0.999
E Q  1WIGA                 39    0.609 108.762   0.000   0.000   0.005   0.995
E M  1WIGA                 40    0.575 115.113   0.000   0.000   0.989   0.011
B F  1WIGA                 41    0.061  12.239   0.000   0.003   0.140   0.857
E A  1WIGA                 42    0.497  54.774   0.000   0.017   0.028   0.955
E E  1WIGA                 43    0.757 132.204   0.000   0.018   0.005   0.977
E G  1WIGA                 44    0.710  55.859   0.000   0.011   0.010   0.980
E E  1WIGA                 45    0.485  84.799   0.000   0.005   0.042   0.953
E E  1WIGA                 46    0.516  90.187   0.000   0.007   0.535   0.458
B M  1WIGA                 47    0.107  21.396   0.000   0.000   0.939   0.061
E Y  1WIGA                 48    0.344  73.428   0.000   0.000   0.988   0.012
B L  1WIGA                 49    0.246  45.001   0.000   0.001   0.948   0.052
E Q  1WIGA                 50    0.646 115.404   0.000   0.003   0.799   0.198
E G  1WIGA                 51    0.896  70.519   0.000   0.006   0.002   0.991
E S  1WIGA                 52    0.700  82.054   0.000   0.010   0.017   0.973
E S  1WIGA                 53    0.500  58.593   0.000   0.006   0.767   0.228
B I  1WIGA                 54    0.152  28.162   0.000   0.001   0.905   0.095
B W  1WIGA                 55    0.154  36.976   0.000   0.000   0.944   0.055
B H  1WIGA                 56    0.079  14.403   0.000   0.001   0.063   0.936
E P  1WIGA                 57    0.444  63.063   0.000   0.921   0.001   0.078
E A  1WIGA                 58    0.513  56.501   0.000   0.957   0.001   0.043
B C  1WIGA                 59    0.086  12.058   0.000   0.964   0.001   0.035
E R  1WIGA                 60    0.371  85.040   0.000   0.950   0.003   0.047
E Q  1WIGA                 61    0.663 118.412   0.000   0.957   0.002   0.042
E A  1WIGA                 62    0.472  51.970   0.000   0.923   0.003   0.074
E A  1WIGA                 63    0.315  34.724   0.000   0.878   0.003   0.119
E R  1WIGA                 64    0.608 139.136   0.000   0.752   0.007   0.241
E T  1WIGA                 65    0.804 111.498   0.000   0.545   0.002   0.452
E E  1WIGA                 66    0.717 125.345   0.000   0.294   0.002   0.704
E D  1WIGA                 67    0.750 108.118   0.000   0.122   0.001   0.877
E S  1WIGA                 68    0.802  94.029   0.000   0.070   0.001   0.929
E G  1WIGA                 69    0.729  57.394   0.000   0.004   0.000   0.996
E P  1WIGA                 70    0.825 117.064   0.000   0.007   0.001   0.993
E S  1WIGA                 71    0.859 100.690   0.000   0.005   0.001   0.994
E S  1WIGA                 72    0.851  99.743   0.000   0.005   0.001   0.994
E G  1WIGA                 73    0.918  72.236   0.000   0.000   0.000   1.000
