# For publication of results, please cite:
# ...
# ... Michael Schantz Klausen, Martin Closter Jespersen, Henrik Nielsen, Kamilla Kjærgaard Jensen, 
# ... Vanessa Isabell Jurtz, Casper Kaae Sønderby, Morten Otto Alexander Sommer, Ole Winther, 
# ... Morten Nielsen, Bent Petersen, and Paolo Marcatili. 
# ... NetSurfP-2.0: Improved prediction of protein structural features by integrated deep learning.
# ... Proteins: Structure, Function, and Bioinformatics (Feb. 2019).
# ... https://doi.org/10.1002/prot.25674
# ...
#
# Column 1: Class assignment - B for buried or E for Exposed - Threshold: 25% exposure, but not based on RSA
# Column 2: Amino acid
# Column 3: Sequence name
# Column 4: Amino acid number
# Column 5: Relative Surface Accessibility - RSA
# Column 6: Absolute Surface Accessibility
# Column 7: Not used
# Column 8: Probability for Alpha-Helix
# Column 9: Probability for Beta-strand
# Column 10: Probability for Coil
E H  3A1JB                  1    0.765 139.215   0.000   0.001   0.002   0.997
E M  3A1JB                  2    0.258  51.600   0.000   0.002   0.279   0.720
E K  3A1JB                  3    0.364  74.940   0.000   0.000   0.800   0.200
B F  3A1JB                  4    0.040   8.000   0.000   0.000   0.982   0.018
E R  3A1JB                  5    0.355  81.271   0.000   0.000   0.995   0.005
B A  3A1JB                  6    0.025   2.775   0.000   0.000   0.994   0.006
E K  3A1JB                  7    0.360  74.015   0.000   0.000   0.992   0.008
B I  3A1JB                  8    0.046   8.463   0.000   0.001   0.885   0.115
E V  3A1JB                  9    0.451  69.388   0.000   0.004   0.057   0.939
E D  3A1JB                 10    0.467  67.322   0.000   0.015   0.023   0.962
E G  3A1JB                 11    0.498  39.204   0.000   0.776   0.004   0.221
E A  3A1JB                 12    0.493  54.309   0.000   0.908   0.001   0.091
B C  3A1JB                 13    0.054   7.647   0.000   0.954   0.001   0.045
B L  3A1JB                 14    0.120  22.012   0.000   0.981   0.001   0.019
E N  3A1JB                 15    0.586  85.776   0.000   0.978   0.000   0.022
B H  3A1JB                 16    0.198  35.976   0.000   0.992   0.000   0.008
B F  3A1JB                 17    0.023   4.537   0.000   0.996   0.000   0.004
E T  3A1JB                 18    0.285  39.476   0.000   0.998   0.000   0.002
E R  3A1JB                 19    0.476 109.057   0.000   0.996   0.000   0.004
B I  3A1JB                 20    0.018   3.359   0.000   0.997   0.000   0.003
B S  3A1JB                 21    0.037   4.326   0.000   0.998   0.000   0.002
E N  3A1JB                 22    0.491  71.953   0.000   0.996   0.000   0.004
B M  3A1JB                 23    0.127  25.368   0.000   0.991   0.000   0.009
B I  3A1JB                 24    0.018   3.284   0.000   0.990   0.000   0.010
B A  3A1JB                 25    0.195  21.538   0.000   0.925   0.001   0.074
E K  3A1JB                 26    0.655 134.766   0.000   0.610   0.001   0.389
B L  3A1JB                 27    0.199  36.415   0.000   0.604   0.002   0.394
B A  3A1JB                 28    0.065   7.157   0.000   0.013   0.236   0.751
E K  3A1JB                 29    0.597 122.749   0.000   0.008   0.203   0.789
E T  3A1JB                 30    0.337  46.676   0.000   0.002   0.977   0.021
B C  3A1JB                 31    0.022   3.027   0.000   0.000   0.992   0.008
B T  3A1JB                 32    0.163  22.639   0.000   0.000   0.996   0.004
B L  3A1JB                 33    0.025   4.661   0.000   0.000   0.997   0.003
E R  3A1JB                 34    0.361  82.757   0.000   0.000   0.997   0.003
B I  3A1JB                 35    0.049   8.978   0.000   0.000   0.978   0.022
B S  3A1JB                 36    0.163  19.063   0.000   0.000   0.492   0.508
E P  3A1JB                 37    0.454  64.419   0.000   0.003   0.012   0.985
E D  3A1JB                 38    0.668  96.217   0.000   0.002   0.005   0.993
E K  3A1JB                 39    0.357  73.336   0.000   0.001   0.909   0.090
B L  3A1JB                 40    0.029   5.298   0.000   0.000   0.992   0.008
B N  3A1JB                 41    0.212  31.080   0.000   0.000   0.998   0.002
B F  3A1JB                 42    0.020   4.079   0.000   0.000   0.999   0.001
B I  3A1JB                 43    0.160  29.532   0.000   0.000   0.998   0.002
B L  3A1JB                 44    0.044   8.148   0.000   0.000   0.983   0.017
B C  3A1JB                 45    0.244  34.232   0.000   0.014   0.583   0.402
E D  3A1JB                 46    0.384  55.293   0.000   0.070   0.335   0.595
E K  3A1JB                 47    0.653 134.367   0.000   0.127   0.149   0.724
E L  3A1JB                 48    0.380  69.639   0.000   0.177   0.032   0.791
E A  3A1JB                 49    0.622  68.506   0.000   0.264   0.014   0.722
E N  3A1JB                 50    0.735 107.585   0.000   0.174   0.007   0.819
E G  3A1JB                 51    0.426  33.555   0.000   0.052   0.035   0.913
B G  3A1JB                 52    0.155  12.165   0.000   0.003   0.262   0.735
B V  3A1JB                 53    0.097  14.900   0.000   0.000   0.811   0.188
B S  3A1JB                 54    0.151  17.660   0.000   0.000   0.970   0.030
B M  3A1JB                 55    0.026   5.222   0.000   0.000   0.997   0.003
E W  3A1JB                 56    0.295  70.908   0.000   0.000   0.998   0.002
B C  3A1JB                 57    0.019   2.736   0.000   0.000   0.999   0.001
E E  3A1JB                 58    0.377  65.779   0.000   0.000   0.997   0.003
B L  3A1JB                 59    0.021   3.792   0.000   0.000   0.982   0.018
E E  3A1JB                 60    0.441  77.007   0.000   0.000   0.887   0.113
E Q  3A1JB                 61    0.275  49.186   0.000   0.907   0.003   0.090
E E  3A1JB                 62    0.736 128.553   0.000   0.914   0.001   0.084
E N  3A1JB                 63    0.423  61.976   0.000   0.909   0.002   0.090
B F  3A1JB                 64    0.100  20.073   0.000   0.189   0.038   0.772
B F  3A1JB                 65    0.122  24.458   0.000   0.010   0.078   0.912
E N  3A1JB                 66    0.636  93.154   0.000   0.013   0.049   0.937
E E  3A1JB                 67    0.546  95.305   0.000   0.024   0.573   0.403
B F  3A1JB                 68    0.129  25.911   0.000   0.002   0.929   0.069
E Q  3A1JB                 69    0.501  89.561   0.000   0.001   0.977   0.023
B M  3A1JB                 70    0.146  29.159   0.000   0.002   0.884   0.114
E E  3A1JB                 71    0.576 100.559   0.000   0.003   0.869   0.127
E G  3A1JB                 72    0.319  25.130   0.000   0.006   0.848   0.147
E V  3A1JB                 73    0.387  59.540   0.000   0.006   0.859   0.135
B S  3A1JB                 74    0.245  28.693   0.000   0.006   0.618   0.376
E A  3A1JB                 75    0.662  72.959   0.000   0.055   0.003   0.942
E E  3A1JB                 76    0.847 147.900   0.000   0.041   0.002   0.957
E N  3A1JB                 77    0.552  80.856   0.000   0.058   0.009   0.933
E N  3A1JB                 78    0.430  62.959   0.000   0.002   0.011   0.986
E E  3A1JB                 79    0.295  51.482   0.000   0.000   0.933   0.067
B I  3A1JB                 80    0.027   4.917   0.000   0.000   0.996   0.004
B Y  3A1JB                 81    0.233  49.817   0.000   0.000   0.996   0.004
B L  3A1JB                 82    0.016   2.927   0.000   0.000   0.999   0.001
B E  3A1JB                 83    0.222  38.706   0.000   0.000   0.998   0.002
B L  3A1JB                 84    0.012   2.145   0.000   0.000   0.992   0.008
B T  3A1JB                 85    0.234  32.484   0.000   0.000   0.867   0.133
B S  3A1JB                 86    0.095  11.161   0.000   0.885   0.002   0.113
E E  3A1JB                 87    0.568  99.150   0.000   0.976   0.000   0.024
B N  3A1JB                 88    0.178  26.031   0.000   0.991   0.000   0.008
B L  3A1JB                 89    0.025   4.562   0.000   0.995   0.000   0.004
E S  3A1JB                 90    0.252  29.487   0.000   0.998   0.000   0.002
E R  3A1JB                 91    0.473 108.366   0.000   0.996   0.000   0.004
B A  3A1JB                 92    0.025   2.752   0.000   0.997   0.000   0.003
B L  3A1JB                 93    0.080  14.579   0.000   0.978   0.000   0.021
E K  3A1JB                 94    0.554 113.885   0.000   0.818   0.001   0.181
B T  3A1JB                 95    0.227  31.434   0.000   0.603   0.002   0.395
B A  3A1JB                 96    0.060   6.614   0.000   0.412   0.018   0.571
E Q  3A1JB                 97    0.646 115.301   0.000   0.216   0.032   0.752
E N  3A1JB                 98    0.668  97.809   0.000   0.184   0.026   0.790
B A  3A1JB                 99    0.165  18.143   0.000   0.016   0.059   0.926
E R  3A1JB                100    0.649 148.549   0.000   0.008   0.068   0.925
B A  3A1JB                101    0.178  19.604   0.000   0.004   0.921   0.076
B L  3A1JB                102    0.028   5.070   0.000   0.000   0.992   0.007
E K  3A1JB                103    0.347  71.432   0.000   0.000   0.996   0.004
B I  3A1JB                104    0.024   4.498   0.000   0.000   0.997   0.003
E K  3A1JB                105    0.332  68.328   0.000   0.000   0.991   0.008
B L  3A1JB                106    0.070  12.814   0.000   0.000   0.954   0.046
E T  3A1JB                107    0.323  44.754   0.000   0.009   0.560   0.431
E N  3A1JB                108    0.511  74.746   0.000   0.011   0.281   0.709
E K  3A1JB                109    0.597 122.852   0.000   0.007   0.033   0.960
E H  3A1JB                110    0.831 151.142   0.000   0.006   0.011   0.983
E F  3A1JB                111    0.344  69.062   0.000   0.004   0.087   0.909
E P  3A1JB                112    0.313  44.360   0.000   0.002   0.097   0.901
B C  3A1JB                113    0.093  13.000   0.000   0.000   0.899   0.101
B L  3A1JB                114    0.030   5.404   0.000   0.000   0.977   0.023
B T  3A1JB                115    0.177  24.591   0.000   0.000   0.996   0.004
B V  3A1JB                116    0.021   3.161   0.000   0.000   0.998   0.002
B S  3A1JB                117    0.201  23.606   0.000   0.000   0.996   0.004
B V  3A1JB                118    0.026   3.940   0.000   0.000   0.994   0.006
E E  3A1JB                119    0.381  66.554   0.000   0.001   0.954   0.046
B L  3A1JB                120    0.128  23.518   0.000   0.002   0.787   0.212
E L  3A1JB                121    0.448  82.051   0.000   0.019   0.383   0.598
E S  3A1JB                122    0.395  46.291   0.000   0.021   0.200   0.779
E M  3A1JB                123    0.667 133.559   0.000   0.033   0.016   0.951
E S  3A1JB                124    0.744  87.163   0.000   0.021   0.011   0.968
E S  3A1JB                125    0.634  74.320   0.000   0.045   0.033   0.922
E S  3A1JB                126    0.729  85.457   0.000   0.034   0.044   0.922
E S  3A1JB                127    0.535  62.700   0.000   0.037   0.301   0.661
E R  3A1JB                128    0.482 110.454   0.000   0.009   0.608   0.383
E I  3A1JB                129    0.436  80.744   0.000   0.001   0.824   0.175
B V  3A1JB                130    0.156  23.998   0.000   0.001   0.938   0.062
E T  3A1JB                131    0.448  62.157   0.000   0.000   0.988   0.012
B H  3A1JB                132    0.206  37.482   0.000   0.000   0.995   0.005
E D  3A1JB                133    0.592  85.305   0.000   0.000   0.993   0.007
B I  3A1JB                134    0.031   5.717   0.000   0.000   0.992   0.008
E P  3A1JB                135    0.396  56.224   0.000   0.000   0.972   0.028
B I  3A1JB                136    0.049   9.057   0.000   0.001   0.558   0.441
E K  3A1JB                137    0.460  94.644   0.000   0.000   0.958   0.042
E V  3A1JB                138    0.285  43.814   0.000   0.000   0.959   0.040
B I  3A1JB                139    0.076  14.134   0.000   0.000   0.355   0.645
E P  3A1JB                140    0.436  61.932   0.000   0.003   0.197   0.800
E R  3A1JB                141    0.546 125.096   0.000   0.962   0.000   0.037
E K  3A1JB                142    0.747 153.672   0.000   0.955   0.001   0.044
E L  3A1JB                143    0.251  45.909   0.000   0.970   0.000   0.030
B W  3A1JB                144    0.123  29.701   0.000   0.919   0.001   0.080
E K  3A1JB                145    0.717 147.409   0.000   0.629   0.001   0.370
E D  3A1JB                146    0.744 107.232   0.000   0.529   0.001   0.471
B L  3A1JB                147    0.117  21.478   0.000   0.053   0.023   0.923
E Q  3A1JB                148    0.614 109.623   0.000   0.017   0.075   0.908
E E  3A1JB                149    0.521  91.002   0.000   0.003   0.038   0.960
B P  3A1JB                150    0.125  17.680   0.000   0.000   0.018   0.982
E V  3A1JB                151    0.698 107.322   0.000   0.001   0.082   0.917
B V  3A1JB                152    0.211  32.369   0.000   0.000   0.032   0.968
E P  3A1JB                153    0.556  78.955   0.000   0.000   0.008   0.992
E D  3A1JB                154    0.750 108.090   0.000   0.001   0.006   0.993
B P  3A1JB                155    0.203  28.836   0.000   0.002   0.012   0.987
E D  3A1JB                156    0.521  75.089   0.000   0.002   0.075   0.923
B V  3A1JB                157    0.103  15.868   0.000   0.001   0.939   0.060
E S  3A1JB                158    0.311  36.442   0.000   0.000   0.990   0.010
B I  3A1JB                159    0.081  14.945   0.000   0.000   0.995   0.005
E Y  3A1JB                160    0.394  84.123   0.000   0.000   0.983   0.017
B L  3A1JB                161    0.060  11.045   0.000   0.000   0.566   0.433
B P  3A1JB                162    0.159  22.523   0.000   0.011   0.115   0.874
E V  3A1JB                163    0.318  48.930   0.000   0.012   0.044   0.943
B L  3A1JB                164    0.182  33.348   0.000   0.967   0.001   0.032
E K  3A1JB                165    0.616 126.773   0.000   0.991   0.000   0.009
E T  3A1JB                166    0.350  48.504   0.000   0.994   0.000   0.005
B M  3A1JB                167    0.022   4.440   0.000   0.996   0.000   0.004
E K  3A1JB                168    0.358  73.696   0.000   0.998   0.000   0.002
E S  3A1JB                169    0.461  53.992   0.000   0.999   0.000   0.001
B V  3A1JB                170    0.086  13.243   0.000   0.999   0.000   0.001
B V  3A1JB                171    0.022   3.453   0.000   0.999   0.000   0.001
E E  3A1JB                172    0.548  95.800   0.000   0.999   0.000   0.001
E K  3A1JB                173    0.517 106.430   0.000   0.991   0.000   0.009
B M  3A1JB                174    0.043   8.529   0.000   0.960   0.000   0.040
E K  3A1JB                175    0.416  85.582   0.000   0.641   0.004   0.355
E N  3A1JB                176    0.794 116.255   0.000   0.328   0.004   0.668
E I  3A1JB                177    0.341  63.157   0.000   0.231   0.009   0.760
B S  3A1JB                178    0.116  13.552   0.000   0.005   0.043   0.953
E N  3A1JB                179    0.644  94.279   0.000   0.001   0.021   0.978
E H  3A1JB                180    0.359  65.391   0.000   0.001   0.809   0.190
B L  3A1JB                181    0.033   6.067   0.000   0.000   0.975   0.025
B V  3A1JB                182    0.172  26.475   0.000   0.000   0.998   0.002
B I  3A1JB                183    0.034   6.289   0.000   0.000   0.999   0.001
E E  3A1JB                184    0.334  58.344   0.000   0.000   0.996   0.004
B A  3A1JB                185    0.038   4.200   0.000   0.000   0.977   0.023
E N  3A1JB                186    0.261  38.167   0.000   0.000   0.303   0.697
E L  3A1JB                187    0.442  80.862   0.000   0.001   0.002   0.997
E D  3A1JB                188    0.653  94.065   0.000   0.003   0.001   0.996
B G  3A1JB                189    0.127   9.995   0.000   0.001   0.003   0.996
E E  3A1JB                190    0.378  66.042   0.000   0.000   0.264   0.735
B L  3A1JB                191    0.031   5.714   0.000   0.000   0.992   0.008
E N  3A1JB                192    0.307  44.975   0.000   0.000   0.997   0.003
B L  3A1JB                193    0.038   6.910   0.000   0.000   0.998   0.002
E K  3A1JB                194    0.332  68.328   0.000   0.000   0.998   0.002
B I  3A1JB                195    0.047   8.678   0.000   0.000   0.995   0.005
E E  3A1JB                196    0.484  84.583   0.000   0.001   0.956   0.043
B T  3A1JB                197    0.191  26.463   0.000   0.003   0.518   0.479
E E  3A1JB                198    0.768 134.109   0.000   0.004   0.029   0.966
E L  3A1JB                199    0.488  89.414   0.000   0.003   0.125   0.872
B V  3A1JB                200    0.167  25.666   0.000   0.001   0.790   0.209
E C  3A1JB                201    0.361  50.658   0.000   0.000   0.976   0.023
B V  3A1JB                202    0.110  16.970   0.000   0.000   0.992   0.007
E T  3A1JB                203    0.314  43.563   0.000   0.000   0.993   0.006
B T  3A1JB                204    0.114  15.852   0.000   0.000   0.993   0.007
E H  3A1JB                205    0.348  63.330   0.000   0.000   0.993   0.007
B F  3A1JB                206    0.128  25.612   0.000   0.001   0.962   0.037
E K  3A1JB                207    0.481  99.005   0.000   0.019   0.596   0.386
E D  3A1JB                208    0.699 100.689   0.000   0.016   0.177   0.807
B L  3A1JB                209    0.200  36.687   0.000   0.055   0.110   0.836
E G  3A1JB                210    0.460  36.205   0.000   0.019   0.092   0.889
E N  3A1JB                211    0.641  93.895   0.000   0.001   0.039   0.959
E P  3A1JB                212    0.444  63.041   0.000   0.014   0.005   0.981
E P  3A1JB                213    0.601  85.249   0.000   0.030   0.012   0.958
E L  3A1JB                214    0.525  96.113   0.000   0.056   0.019   0.925
E A  3A1JB                215    0.609  67.105   0.000   0.040   0.006   0.954
E S  3A1JB                216    0.775  90.823   0.000   0.047   0.003   0.950
E E  3A1JB                217    0.771 134.709   0.000   0.034   0.001   0.965
E S  3A1JB                218    0.558  65.405   0.000   0.029   0.003   0.968
E T  3A1JB                219    0.683  94.769   0.000   0.021   0.003   0.976
E H  3A1JB                220    0.679 123.439   0.000   0.038   0.006   0.956
E E  3A1JB                221    0.742 129.579   0.000   0.033   0.009   0.957
E D  3A1JB                222    0.798 114.978   0.000   0.046   0.014   0.940
E R  3A1JB                223    0.529 121.075   0.000   0.028   0.031   0.941
E N  3A1JB                224    0.619  90.569   0.000   0.031   0.023   0.946
E V  3A1JB                225    0.383  58.922   0.000   0.257   0.016   0.726
E E  3A1JB                226    0.725 126.628   0.000   0.295   0.016   0.689
E H  3A1JB                227    0.585 106.476   0.000   0.242   0.029   0.729
E M  3A1JB                228    0.371  74.197   0.000   0.019   0.154   0.827
B A  3A1JB                229    0.117  12.904   0.000   0.003   0.828   0.169
E E  3A1JB                230    0.486  84.985   0.000   0.000   0.967   0.032
B V  3A1JB                231    0.061   9.375   0.000   0.000   0.996   0.004
E H  3A1JB                232    0.393  71.511   0.000   0.000   0.998   0.002
B I  3A1JB                233    0.036   6.666   0.000   0.000   0.991   0.009
E D  3A1JB                234    0.266  38.393   0.000   0.000   0.968   0.032
B I  3A1JB                235    0.063  11.671   0.000   0.934   0.006   0.060
E R  3A1JB                236    0.518 118.564   0.000   0.994   0.000   0.006
E K  3A1JB                237    0.319  65.652   0.000   0.994   0.001   0.005
B L  3A1JB                238    0.031   5.756   0.000   0.996   0.000   0.004
B L  3A1JB                239    0.241  44.039   0.000   0.993   0.000   0.007
E Q  3A1JB                240    0.512  91.400   0.000   0.978   0.001   0.021
B F  3A1JB                241    0.159  31.969   0.000   0.963   0.002   0.036
B L  3A1JB                242    0.112  20.578   0.000   0.781   0.018   0.201
E A  3A1JB                243    0.388  42.707   0.000   0.214   0.045   0.740
B G  3A1JB                244    0.214  16.840   0.000   0.112   0.056   0.832
E Q  3A1JB                245    0.409  73.039   0.000   0.067   0.417   0.516
E Q  3A1JB                246    0.593 105.821   0.000   0.016   0.632   0.353
E V  3A1JB                247    0.276  42.403   0.000   0.013   0.364   0.623
E N  3A1JB                248    0.335  49.088   0.000   0.001   0.428   0.571
E P  3A1JB                249    0.461  65.477   0.000   0.008   0.017   0.974
E T  3A1JB                250    0.474  65.745   0.000   0.003   0.030   0.967
E K  3A1JB                251    0.293  60.345   0.000   0.003   0.784   0.213
B A  3A1JB                252    0.031   3.417   0.000   0.000   0.988   0.011
B L  3A1JB                253    0.112  20.445   0.000   0.001   0.993   0.006
B C  3A1JB                254    0.027   3.782   0.000   0.000   0.996   0.004
B N  3A1JB                255    0.185  27.040   0.000   0.001   0.988   0.011
B I  3A1JB                256    0.041   7.524   0.000   0.000   0.979   0.021
B V  3A1JB                257    0.178  27.329   0.000   0.005   0.816   0.179
E N  3A1JB                258    0.485  70.983   0.000   0.021   0.062   0.918
E N  3A1JB                259    0.533  78.028   0.000   0.009   0.014   0.976
E K  3A1JB                260    0.311  63.890   0.000   0.004   0.758   0.238
B M  3A1JB                261    0.057  11.387   0.000   0.000   0.921   0.079
B V  3A1JB                262    0.014   2.181   0.000   0.000   0.994   0.006
B H  3A1JB                263    0.112  20.400   0.000   0.000   0.999   0.001
B F  3A1JB                264    0.027   5.410   0.000   0.000   0.999   0.001
B D  3A1JB                265    0.154  22.168   0.000   0.000   0.998   0.002
B L  3A1JB                266    0.080  14.684   0.000   0.001   0.988   0.011
E L  3A1JB                267    0.295  54.049   0.000   0.003   0.887   0.109
E H  3A1JB                268    0.271  49.279   0.000   0.011   0.643   0.346
E E  3A1JB                269    0.784 136.905   0.000   0.016   0.027   0.958
E D  3A1JB                270    0.587  84.637   0.000   0.009   0.021   0.970
B V  3A1JB                271    0.091  13.996   0.000   0.001   0.856   0.143
B S  3A1JB                272    0.127  14.860   0.000   0.000   0.990   0.010
B L  3A1JB                273    0.022   3.961   0.000   0.000   0.998   0.002
B Q  3A1JB                274    0.231  41.187   0.000   0.000   0.998   0.002
B Y  3A1JB                275    0.030   6.498   0.000   0.000   0.998   0.002
B F  3A1JB                276    0.146  29.391   0.000   0.000   0.996   0.004
B I  3A1JB                277    0.034   6.310   0.000   0.000   0.954   0.046
B P  3A1JB                278    0.166  23.584   0.000   0.007   0.835   0.157
B A  3A1JB                279    0.197  21.670   0.000   0.015   0.335   0.650
E L  3A1JB                280    0.452  82.722   0.000   0.007   0.108   0.885
E S  3A1JB                281    0.922 108.060   0.000   0.000   0.000   1.000
