# For publication of results, please cite:
# ...
# ... Michael Schantz Klausen, Martin Closter Jespersen, Henrik Nielsen, Kamilla Kjærgaard Jensen, 
# ... Vanessa Isabell Jurtz, Casper Kaae Sønderby, Morten Otto Alexander Sommer, Ole Winther, 
# ... Morten Nielsen, Bent Petersen, and Paolo Marcatili. 
# ... NetSurfP-2.0: Improved prediction of protein structural features by integrated deep learning.
# ... Proteins: Structure, Function, and Bioinformatics (Feb. 2019).
# ... https://doi.org/10.1002/prot.25674
# ...
#
# Column 1: Class assignment - B for buried or E for Exposed - Threshold: 25% exposure, but not based on RSA
# Column 2: Amino acid
# Column 3: Sequence name
# Column 4: Amino acid number
# Column 5: Relative Surface Accessibility - RSA
# Column 6: Absolute Surface Accessibility
# Column 7: Not used
# Column 8: Probability for Alpha-Helix
# Column 9: Probability for Beta-strand
# Column 10: Probability for Coil
E G  3T3TB                  1    0.954  75.054   0.000   0.000   0.000   1.000
E T  3T3TB                  2    0.777 107.819   0.000   0.003   0.004   0.993
E L  3T3TB                  3    0.618 113.070   0.000   0.006   0.014   0.980
E G  3T3TB                  4    0.706  55.557   0.000   0.003   0.003   0.994
E H  3T3TB                  5    0.706 128.388   0.000   0.001   0.003   0.996
E P  3T3TB                  6    0.629  89.301   0.000   0.013   0.003   0.983
E G  3T3TB                  7    0.677  53.272   0.000   0.022   0.007   0.971
E S  3T3TB                  8    0.789  92.509   0.000   0.027   0.013   0.960
E L  3T3TB                  9    0.300  54.964   0.000   0.008   0.017   0.976
E D  3T3TB                 10    0.617  88.840   0.000   0.008   0.002   0.991
E E  3T3TB                 11    0.668 116.690   0.000   0.892   0.000   0.108
E T  3T3TB                 12    0.630  87.395   0.000   0.922   0.000   0.077
E T  3T3TB                 13    0.385  53.388   0.000   0.966   0.000   0.034
B Y  3T3TB                 14    0.123  26.348   0.000   0.995   0.000   0.005
E E  3T3TB                 15    0.456  79.673   0.000   0.997   0.000   0.003
E R  3T3TB                 16    0.604 138.204   0.000   0.999   0.000   0.001
B L  3T3TB                 17    0.212  38.842   0.000   0.999   0.000   0.001
B A  3T3TB                 18    0.032   3.543   0.000   0.999   0.000   0.001
E E  3T3TB                 19    0.497  86.865   0.000   0.999   0.000   0.001
E E  3T3TB                 20    0.576 100.691   0.000   0.999   0.000   0.001
B T  3T3TB                 21    0.141  19.623   0.000   0.999   0.000   0.001
B L  3T3TB                 22    0.121  22.160   0.000   0.998   0.000   0.002
E D  3T3TB                 23    0.543  78.316   0.000   0.998   0.000   0.002
E S  3T3TB                 24    0.381  44.611   0.000   0.995   0.000   0.005
B L  3T3TB                 25    0.079  14.384   0.000   0.997   0.000   0.003
B A  3T3TB                 26    0.160  17.623   0.000   0.998   0.000   0.001
E E  3T3TB                 27    0.607 106.029   0.000   0.998   0.000   0.002
E F  3T3TB                 28    0.304  60.914   0.000   0.996   0.000   0.004
B F  3T3TB                 29    0.078  15.585   0.000   0.986   0.000   0.014
E E  3T3TB                 30    0.484  84.472   0.000   0.957   0.001   0.042
E D  3T3TB                 31    0.672  96.845   0.000   0.888   0.000   0.112
B L  3T3TB                 32    0.177  32.368   0.000   0.801   0.001   0.198
E A  3T3TB                 33    0.265  29.206   0.000   0.579   0.004   0.417
E D  3T3TB                 34    0.812 116.951   0.000   0.360   0.005   0.634
E K  3T3TB                 35    0.587 120.726   0.000   0.009   0.003   0.988
E P  3T3TB                 36    0.711 100.935   0.000   0.038   0.005   0.957
E Y  3T3TB                 37    0.357  76.332   0.000   0.034   0.035   0.930
E T  3T3TB                 38    0.526  72.998   0.000   0.038   0.083   0.879
E F  3T3TB                 39    0.258  51.767   0.000   0.277   0.067   0.656
E E  3T3TB                 40    0.773 134.983   0.000   0.290   0.039   0.671
E D  3T3TB                 41    0.522  75.205   0.000   0.320   0.056   0.623
B Y  3T3TB                 42    0.185  39.522   0.000   0.013   0.570   0.416
E D  3T3TB                 43    0.522  75.256   0.000   0.003   0.925   0.072
B V  3T3TB                 44    0.239  36.723   0.000   0.000   0.962   0.038
E S  3T3TB                 45    0.538  63.108   0.000   0.000   0.996   0.004
E F  3T3TB                 46    0.493  99.009   0.000   0.001   0.982   0.017
E G  3T3TB                 47    0.448  35.266   0.000   0.005   0.805   0.190
E S  3T3TB                 48    0.905 106.090   0.000   0.011   0.001   0.988
E G  3T3TB                 49    0.406  31.990   0.000   0.017   0.001   0.982
B V  3T3TB                 50    0.202  31.026   0.000   0.000   0.933   0.067
B L  3T3TB                 51    0.017   3.140   0.000   0.000   0.996   0.004
B T  3T3TB                 52    0.172  23.827   0.000   0.000   0.999   0.001
B V  3T3TB                 53    0.013   2.008   0.000   0.000   0.999   0.001
E K  3T3TB                 54    0.400  82.208   0.000   0.000   0.992   0.008
B L  3T3TB                 55    0.059  10.841   0.000   0.001   0.827   0.172
E G  3T3TB                 56    0.367  28.907   0.000   0.025   0.169   0.806
E G  3T3TB                 57    0.720  56.665   0.000   0.091   0.010   0.899
E D  3T3TB                 58    0.806 116.125   0.000   0.144   0.017   0.839
E L  3T3TB                 59    0.358  65.593   0.000   0.073   0.179   0.749
B G  3T3TB                 60    0.232  18.230   0.000   0.003   0.714   0.283
E T  3T3TB                 61    0.279  38.656   0.000   0.000   0.969   0.031
B Y  3T3TB                 62    0.094  20.053   0.000   0.000   0.995   0.005
B V  3T3TB                 63    0.122  18.699   0.000   0.000   0.997   0.003
B I  3T3TB                 64    0.025   4.704   0.000   0.000   0.994   0.006
B N  3T3TB                 65    0.173  25.267   0.000   0.000   0.968   0.032
E K  3T3TB                 66    0.293  60.334   0.000   0.002   0.759   0.239
B G  3T3TB                 67    0.228  17.941   0.000   0.006   0.271   0.722
E T  3T3TB                 68    0.466  64.600   0.000   0.082   0.026   0.892
E P  3T3TB                 69    0.538  76.307   0.000   0.094   0.004   0.903
E N  3T3TB                 70    0.468  68.587   0.000   0.106   0.024   0.870
E K  3T3TB                 71    0.345  70.957   0.000   0.030   0.187   0.783
B Q  3T3TB                 72    0.204  36.506   0.000   0.006   0.814   0.180
B I  3T3TB                 73    0.037   6.830   0.000   0.001   0.971   0.027
B W  3T3TB                 74    0.162  38.948   0.000   0.001   0.990   0.009
B L  3T3TB                 75    0.024   4.454   0.000   0.001   0.982   0.017
B S  3T3TB                 76    0.105  12.257   0.000   0.000   0.928   0.071
B S  3T3TB                 77    0.045   5.299   0.000   0.000   0.546   0.454
E P  3T3TB                 78    0.367  52.124   0.000   0.005   0.095   0.900
E S  3T3TB                 79    0.536  62.788   0.000   0.006   0.023   0.970
E S  3T3TB                 80    0.462  54.160   0.000   0.008   0.039   0.953
E G  3T3TB                 81    0.340  26.721   0.000   0.068   0.165   0.767
E P  3T3TB                 82    0.336  47.738   0.000   0.105   0.112   0.784
E K  3T3TB                 83    0.381  78.294   0.000   0.039   0.440   0.521
E R  3T3TB                 84    0.299  68.471   0.000   0.026   0.475   0.499
B Y  3T3TB                 85    0.104  22.271   0.000   0.001   0.933   0.066
E D  3T3TB                 86    0.383  55.235   0.000   0.000   0.927   0.073
B W  3T3TB                 87    0.249  59.846   0.000   0.003   0.725   0.272
E T  3T3TB                 88    0.617  85.586   0.000   0.003   0.450   0.547
E G  3T3TB                 89    0.628  49.461   0.000   0.009   0.002   0.989
E K  3T3TB                 90    0.697 143.284   0.000   0.003   0.002   0.995
E N  3T3TB                 91    0.512  74.980   0.000   0.006   0.643   0.351
B W  3T3TB                 92    0.131  31.467   0.000   0.000   0.949   0.050
B V  3T3TB                 93    0.178  27.380   0.000   0.000   0.986   0.014
B Y  3T3TB                 94    0.167  35.614   0.000   0.000   0.901   0.099
E S  3T3TB                 95    0.359  42.093   0.000   0.009   0.025   0.966
E H  3T3TB                 96    0.565 102.709   0.000   0.007   0.009   0.984
E D  3T3TB                 97    0.573  82.618   0.000   0.012   0.004   0.984
E G  3T3TB                 98    0.552  43.478   0.000   0.002   0.002   0.996
E V  3T3TB                 99    0.349  53.596   0.000   0.001   0.082   0.916
E S  3T3TB                100    0.292  34.219   0.000   0.001   0.931   0.068
B L  3T3TB                101    0.035   6.403   0.000   0.968   0.001   0.031
E H  3T3TB                102    0.277  50.354   0.000   0.994   0.000   0.006
E E  3T3TB                103    0.631 110.259   0.000   0.997   0.000   0.003
B L  3T3TB                104    0.141  25.830   0.000   0.997   0.000   0.003
B L  3T3TB                105    0.017   3.134   0.000   0.995   0.000   0.005
B A  3T3TB                106    0.232  25.549   0.000   0.997   0.000   0.003
E A  3T3TB                107    0.399  43.924   0.000   0.998   0.000   0.002
B E  3T3TB                108    0.089  15.523   0.000   0.998   0.000   0.002
B L  3T3TB                109    0.020   3.718   0.000   0.995   0.000   0.005
E T  3T3TB                110    0.325  45.045   0.000   0.994   0.000   0.006
E K  3T3TB                111    0.664 136.531   0.000   0.996   0.000   0.004
B A  3T3TB                112    0.234  25.811   0.000   0.984   0.000   0.016
B L  3T3TB                113    0.169  31.027   0.000   0.873   0.000   0.127
E K  3T3TB                114    0.838 172.278   0.000   0.009   0.001   0.990
E T  3T3TB                115    0.407  56.432   0.000   0.004   0.009   0.988
E K  3T3TB                116    0.781 160.598   0.000   0.004   0.030   0.966
B L  3T3TB                117    0.171  31.338   0.000   0.003   0.160   0.836
E D  3T3TB                118    0.586  84.477   0.000   0.003   0.231   0.766
B L  3T3TB                119    0.126  23.048   0.000   0.345   0.013   0.641
E S  3T3TB                120    0.558  65.383   0.000   0.619   0.014   0.367
E S  3T3TB                121    0.657  77.048   0.000   0.567   0.026   0.407
B L  3T3TB                122    0.159  29.156   0.000   0.168   0.043   0.789
E A  3T3TB                123    0.510  56.242   0.000   0.089   0.204   0.707
E Y  3T3TB                124    0.401  85.636   0.000   0.040   0.268   0.691
E S  3T3TB                125    0.380  44.505   0.000   0.030   0.149   0.821
E G  3T3TB                126    0.407  32.039   0.000   0.053   0.099   0.848
E K  3T3TB                127    0.673 138.335   0.000   0.043   0.094   0.863
E D  3T3TB                128    0.794 114.391   0.000   0.028   0.050   0.922
E A  3T3TB                129    0.796  87.763   0.000   0.001   0.000   0.999
