# For publication of results, please cite:
# ...
# ... Michael Schantz Klausen, Martin Closter Jespersen, Henrik Nielsen, Kamilla Kjærgaard Jensen, 
# ... Vanessa Isabell Jurtz, Casper Kaae Sønderby, Morten Otto Alexander Sommer, Ole Winther, 
# ... Morten Nielsen, Bent Petersen, and Paolo Marcatili. 
# ... NetSurfP-2.0: Improved prediction of protein structural features by integrated deep learning.
# ... Proteins: Structure, Function, and Bioinformatics (Feb. 2019).
# ... https://doi.org/10.1002/prot.25674
# ...
#
# Column 1: Class assignment - B for buried or E for Exposed - Threshold: 25% exposure, but not based on RSA
# Column 2: Amino acid
# Column 3: Sequence name
# Column 4: Amino acid number
# Column 5: Relative Surface Accessibility - RSA
# Column 6: Absolute Surface Accessibility
# Column 7: Not used
# Column 8: Probability for Alpha-Helix
# Column 9: Probability for Beta-strand
# Column 10: Probability for Coil
E M  2NQ2A                  1    0.824 164.875   0.000   0.000   0.000   1.000
E Q  2NQ2A                  2    0.695 124.084   0.000   0.005   0.003   0.991
E P  2NQ2A                  3    0.644  91.436   0.000   0.067   0.002   0.930
E D  2NQ2A                  4    0.780 112.354   0.000   0.063   0.003   0.934
E S  2NQ2A                  5    0.486  56.962   0.000   0.191   0.003   0.806
E Y  2NQ2A                  6    0.357  76.392   0.000   0.816   0.000   0.184
E P  2NQ2A                  7    0.491  69.728   0.000   0.854   0.000   0.146
E K  2NQ2A                  8    0.643 132.349   0.000   0.923   0.001   0.076
B I  2NQ2A                  9    0.198  36.605   0.000   0.947   0.001   0.052
B L  2NQ2A                 10    0.173  31.633   0.000   0.975   0.000   0.025
E F  2NQ2A                 11    0.589 118.128   0.000   0.971   0.000   0.029
E G  2NQ2A                 12    0.430  33.807   0.000   0.977   0.000   0.023
B L  2NQ2A                 13    0.123  22.464   0.000   0.989   0.000   0.011
E T  2NQ2A                 14    0.355  49.202   0.000   0.992   0.000   0.008
E L  2NQ2A                 15    0.552 101.003   0.000   0.994   0.000   0.006
E L  2NQ2A                 16    0.326  59.636   0.000   0.992   0.000   0.008
B L  2NQ2A                 17    0.138  25.183   0.000   0.992   0.000   0.008
E V  2NQ2A                 18    0.434  66.773   0.000   0.996   0.000   0.004
E I  2NQ2A                 19    0.495  91.527   0.000   0.995   0.000   0.005
B T  2NQ2A                 20    0.109  15.076   0.000   0.987   0.000   0.013
B A  2NQ2A                 21    0.117  12.914   0.000   0.993   0.000   0.007
E V  2NQ2A                 22    0.451  69.280   0.000   0.993   0.000   0.007
E I  2NQ2A                 23    0.274  50.669   0.000   0.981   0.000   0.019
B S  2NQ2A                 24    0.035   4.157   0.000   0.959   0.000   0.041
E L  2NQ2A                 25    0.255  46.658   0.000   0.888   0.000   0.111
E G  2NQ2A                 26    0.375  29.481   0.000   0.666   0.001   0.333
B I  2NQ2A                 27    0.220  40.642   0.000   0.369   0.001   0.630
B G  2NQ2A                 28    0.250  19.655   0.000   0.065   0.003   0.932
E R  2NQ2A                 29    0.668 152.900   0.000   0.055   0.006   0.939
E Y  2NQ2A                 30    0.454  96.947   0.000   0.035   0.037   0.928
E S  2NQ2A                 31    0.641  75.084   0.000   0.021   0.027   0.952
B L  2NQ2A                 32    0.239  43.727   0.000   0.007   0.079   0.914
E S  2NQ2A                 33    0.468  54.873   0.000   0.006   0.011   0.984
E V  2NQ2A                 34    0.624  95.983   0.000   0.497   0.000   0.503
E P  2NQ2A                 35    0.579  82.094   0.000   0.196   0.000   0.804
E Q  2NQ2A                 36    0.455  81.183   0.000   0.062   0.001   0.938
E I  2NQ2A                 37    0.430  79.541   0.000   0.071   0.000   0.929
E G  2NQ2A                 38    0.508  39.954   0.000   0.056   0.000   0.943
E Q  2NQ2A                 39    0.560  99.987   0.000   0.054   0.000   0.945
E I  2NQ2A                 40    0.407  75.382   0.000   0.062   0.000   0.938
E L  2NQ2A                 41    0.531  97.263   0.000   0.047   0.001   0.952
E W  2NQ2A                 42    0.534 128.423   0.000   0.029   0.001   0.970
E A  2NQ2A                 43    0.443  48.867   0.000   0.038   0.001   0.961
E K  2NQ2A                 44    0.648 133.269   0.000   0.055   0.002   0.943
E A  2NQ2A                 45    0.545  60.107   0.000   0.048   0.004   0.948
E T  2NQ2A                 46    0.612  84.922   0.000   0.034   0.003   0.963
E A  2NQ2A                 47    0.697  76.795   0.000   0.038   0.002   0.960
E L  2NQ2A                 48    0.619 113.317   0.000   0.021   0.002   0.977
E E  2NQ2A                 49    0.853 149.060   0.000   0.020   0.003   0.977
E I  2NQ2A                 50    0.406  75.040   0.000   0.004   0.005   0.990
E D  2NQ2A                 51    0.575  82.902   0.000   0.004   0.001   0.995
E P  2NQ2A                 52    0.653  92.681   0.000   0.804   0.000   0.196
E V  2NQ2A                 53    0.484  74.357   0.000   0.848   0.001   0.151
E Q  2NQ2A                 54    0.280  50.065   0.000   0.915   0.000   0.084
E Q  2NQ2A                 55    0.417  74.473   0.000   0.943   0.001   0.056
E Q  2NQ2A                 56    0.493  88.016   0.000   0.955   0.001   0.044
B V  2NQ2A                 57    0.171  26.314   0.000   0.977   0.000   0.023
B I  2NQ2A                 58    0.186  34.441   0.000   0.981   0.000   0.018
E F  2NQ2A                 59    0.476  95.629   0.000   0.979   0.000   0.020
E Q  2NQ2A                 60    0.533  95.272   0.000   0.966   0.000   0.033
B V  2NQ2A                 61    0.163  25.061   0.000   0.862   0.001   0.137
B R  2NQ2A                 62    0.171  39.146   0.000   0.929   0.000   0.071
E L  2NQ2A                 63    0.356  65.160   0.000   0.992   0.000   0.008
B P  2NQ2A                 64    0.202  28.598   0.000   0.990   0.000   0.010
B R  2NQ2A                 65    0.108  24.801   0.000   0.999   0.000   0.001
B I  2NQ2A                 66    0.152  28.155   0.000   1.000   0.000   0.000
E L  2NQ2A                 67    0.398  72.894   0.000   0.999   0.000   0.001
B T  2NQ2A                 68    0.109  15.162   0.000   0.999   0.000   0.001
B A  2NQ2A                 69    0.015   1.693   0.000   0.999   0.000   0.001
E L  2NQ2A                 70    0.272  49.819   0.000   0.999   0.000   0.001
E C  2NQ2A                 71    0.348  48.891   0.000   0.999   0.000   0.001
B V  2NQ2A                 72    0.049   7.529   0.000   0.999   0.000   0.001
B G  2NQ2A                 73    0.021   1.678   0.000   1.000   0.000   0.000
B A  2NQ2A                 74    0.208  22.950   0.000   0.999   0.000   0.001
B G  2NQ2A                 75    0.155  12.170   0.000   0.998   0.000   0.002
B L  2NQ2A                 76    0.056  10.167   0.000   0.998   0.000   0.002
B A  2NQ2A                 77    0.040   4.450   0.000   0.999   0.000   0.001
E L  2NQ2A                 78    0.331  60.557   0.000   0.997   0.000   0.003
B S  2NQ2A                 79    0.091  10.674   0.000   0.993   0.000   0.007
B G  2NQ2A                 80    0.013   1.046   0.000   0.999   0.000   0.001
B V  2NQ2A                 81    0.134  20.630   0.000   0.998   0.000   0.002
E V  2NQ2A                 82    0.305  46.864   0.000   0.998   0.000   0.002
B L  2NQ2A                 83    0.095  17.384   0.000   0.996   0.000   0.004
B Q  2NQ2A                 84    0.069  12.359   0.000   0.995   0.000   0.005
B G  2NQ2A                 85    0.164  12.899   0.000   0.986   0.000   0.014
E I  2NQ2A                 86    0.251  46.414   0.000   0.943   0.000   0.057
B F  2NQ2A                 87    0.163  32.624   0.000   0.666   0.000   0.334
E R  2NQ2A                 88    0.439 100.443   0.000   0.140   0.002   0.858
B N  2NQ2A                 89    0.137  20.012   0.000   0.003   0.004   0.993
E P  2NQ2A                 90    0.417  59.118   0.000   0.022   0.001   0.977
E L  2NQ2A                 91    0.318  58.243   0.000   0.046   0.006   0.948
B V  2NQ2A                 92    0.068  10.493   0.000   0.065   0.029   0.906
B N  2NQ2A                 93    0.228  33.427   0.000   0.004   0.005   0.991
B P  2NQ2A                 94    0.133  18.892   0.000   0.645   0.002   0.353
B H  2NQ2A                 95    0.211  38.371   0.000   0.790   0.003   0.207
B I  2NQ2A                 96    0.105  19.365   0.000   0.692   0.013   0.294
B I  2NQ2A                 97    0.125  23.180   0.000   0.597   0.035   0.369
B G  2NQ2A                 98    0.038   3.025   0.000   0.482   0.028   0.489
B V  2NQ2A                 99    0.062   9.513   0.000   0.717   0.038   0.245
B T  2NQ2A                100    0.082  11.416   0.000   0.904   0.003   0.093
B S  2NQ2A                101    0.121  14.185   0.000   0.964   0.001   0.035
B G  2NQ2A                102    0.032   2.487   0.000   0.984   0.000   0.016
B S  2NQ2A                103    0.012   1.444   0.000   0.988   0.000   0.011
B A  2NQ2A                104    0.137  15.086   0.000   0.995   0.000   0.005
E F  2NQ2A                105    0.332  66.719   0.000   0.994   0.000   0.006
B G  2NQ2A                106    0.011   0.870   0.000   0.999   0.000   0.001
B G  2NQ2A                107    0.031   2.474   0.000   1.000   0.000   0.000
E T  2NQ2A                108    0.305  42.291   0.000   0.999   0.000   0.001
E L  2NQ2A                109    0.268  49.034   0.000   0.999   0.000   0.001
B A  2NQ2A                110    0.010   1.053   0.000   0.999   0.000   0.001
B I  2NQ2A                111    0.234  43.355   0.000   0.985   0.000   0.015
E F  2NQ2A                112    0.654 131.305   0.000   0.897   0.000   0.102
E F  2NQ2A                113    0.502 100.760   0.000   0.287   0.000   0.712
E G  2NQ2A                114    0.617  48.552   0.000   0.024   0.001   0.976
E F  2NQ2A                115    0.347  69.605   0.000   0.011   0.010   0.979
E S  2NQ2A                116    0.492  57.668   0.000   0.020   0.005   0.975
E L  2NQ2A                117    0.501  91.798   0.000   0.757   0.002   0.241
E Y  2NQ2A                118    0.763 163.006   0.000   0.840   0.001   0.160
B G  2NQ2A                119    0.218  17.159   0.000   0.908   0.000   0.092
B L  2NQ2A                120    0.082  15.058   0.000   0.980   0.001   0.019
E F  2NQ2A                121    0.322  64.539   0.000   0.991   0.000   0.009
E T  2NQ2A                122    0.511  70.814   0.000   0.996   0.000   0.004
B S  2NQ2A                123    0.112  13.143   0.000   0.996   0.000   0.004
B T  2NQ2A                124    0.009   1.269   0.000   0.999   0.000   0.001
E I  2NQ2A                125    0.313  57.987   0.000   0.999   0.000   0.001
E L  2NQ2A                126    0.481  88.108   0.000   0.999   0.000   0.001
B F  2NQ2A                127    0.099  19.864   0.000   0.999   0.000   0.001
B G  2NQ2A                128    0.005   0.399   0.000   1.000   0.000   0.000
E F  2NQ2A                129    0.414  83.151   0.000   0.999   0.000   0.001
E G  2NQ2A                130    0.368  28.932   0.000   0.999   0.000   0.001
B T  2NQ2A                131    0.022   2.989   0.000   0.999   0.000   0.001
B L  2NQ2A                132    0.079  14.495   0.000   0.999   0.000   0.001
E A  2NQ2A                133    0.450  49.636   0.000   0.999   0.000   0.001
E L  2NQ2A                134    0.356  65.140   0.000   0.998   0.000   0.002
B V  2NQ2A                135    0.026   3.939   0.000   0.998   0.000   0.002
E F  2NQ2A                136    0.264  52.896   0.000   0.994   0.000   0.006
E L  2NQ2A                137    0.512  93.799   0.000   0.982   0.000   0.018
E F  2NQ2A                138    0.350  70.314   0.000   0.932   0.000   0.068
B S  2NQ2A                139    0.060   7.061   0.000   0.906   0.000   0.093
E F  2NQ2A                140    0.538 107.900   0.000   0.733   0.001   0.265
E K  2NQ2A                141    0.659 135.485   0.000   0.656   0.001   0.343
E F  2NQ2A                142    0.448  89.986   0.000   0.292   0.004   0.704
E N  2NQ2A                143    0.758 111.010   0.000   0.049   0.002   0.949
E Q  2NQ2A                144    0.638 113.933   0.000   0.060   0.006   0.934
E R  2NQ2A                145    0.555 127.159   0.000   0.088   0.013   0.899
E S  2NQ2A                146    0.425  49.762   0.000   0.050   0.003   0.948
E L  2NQ2A                147    0.343  62.749   0.000   0.974   0.000   0.025
E L  2NQ2A                148    0.558 102.249   0.000   0.992   0.000   0.008
E M  2NQ2A                149    0.297  59.464   0.000   0.998   0.000   0.002
B L  2NQ2A                150    0.049   8.908   0.000   0.999   0.000   0.001
B I  2NQ2A                151    0.160  29.674   0.000   1.000   0.000   0.000
E L  2NQ2A                152    0.428  78.435   0.000   1.000   0.000   0.000
B I  2NQ2A                153    0.225  41.583   0.000   0.999   0.000   0.001
B G  2NQ2A                154    0.014   1.104   0.000   1.000   0.000   0.000
B M  2NQ2A                155    0.222  44.446   0.000   1.000   0.000   0.000
E I  2NQ2A                156    0.453  83.853   0.000   1.000   0.000   0.000
B L  2NQ2A                157    0.211  38.546   0.000   0.999   0.000   0.001
B S  2NQ2A                158    0.025   2.987   0.000   0.999   0.000   0.001
B G  2NQ2A                159    0.209  16.410   0.000   0.999   0.000   0.001
E L  2NQ2A                160    0.496  90.787   0.000   0.999   0.000   0.001
B F  2NQ2A                161    0.142  28.475   0.000   0.997   0.000   0.003
B S  2NQ2A                162    0.054   6.317   0.000   0.998   0.000   0.002
E A  2NQ2A                163    0.298  32.858   0.000   0.998   0.000   0.002
E L  2NQ2A                164    0.459  84.055   0.000   0.995   0.000   0.005
B V  2NQ2A                165    0.050   7.666   0.000   0.996   0.000   0.004
B S  2NQ2A                166    0.139  16.258   0.000   0.996   0.000   0.004
E L  2NQ2A                167    0.486  88.958   0.000   0.991   0.000   0.009
E L  2NQ2A                168    0.261  47.848   0.000   0.988   0.000   0.012
B Q  2NQ2A                169    0.146  26.033   0.000   0.969   0.000   0.030
E Y  2NQ2A                170    0.516 110.222   0.000   0.901   0.001   0.098
E I  2NQ2A                171    0.614 113.528   0.000   0.617   0.001   0.381
E S  2NQ2A                172    0.309  36.239   0.000   0.090   0.002   0.908
E D  2NQ2A                173    0.667  96.096   0.000   0.016   0.002   0.983
E T  2NQ2A                174    0.442  61.338   0.000   0.317   0.002   0.681
E E  2NQ2A                175    0.744 129.993   0.000   0.700   0.001   0.299
E E  2NQ2A                176    0.704 123.009   0.000   0.754   0.001   0.245
E K  2NQ2A                177    0.319  65.564   0.000   0.811   0.001   0.188
B L  2NQ2A                178    0.210  38.430   0.000   0.932   0.001   0.067
E P  2NQ2A                179    0.382  54.168   0.000   0.926   0.001   0.073
E S  2NQ2A                180    0.279  32.688   0.000   0.960   0.001   0.039
B I  2NQ2A                181    0.119  22.042   0.000   0.983   0.000   0.017
B V  2NQ2A                182    0.224  34.491   0.000   0.990   0.001   0.009
E F  2NQ2A                183    0.323  64.740   0.000   0.992   0.000   0.008
B W  2NQ2A                184    0.239  57.372   0.000   0.990   0.000   0.010
B L  2NQ2A                185    0.132  24.216   0.000   0.956   0.001   0.043
B M  2NQ2A                186    0.234  46.868   0.000   0.622   0.005   0.373
B G  2NQ2A                187    0.165  13.014   0.000   0.176   0.011   0.813
B S  2NQ2A                188    0.140  16.375   0.000   0.116   0.042   0.841
B F  2NQ2A                189    0.107  21.420   0.000   0.576   0.001   0.422
E A  2NQ2A                190    0.310  34.176   0.000   0.541   0.001   0.458
E T  2NQ2A                191    0.511  70.849   0.000   0.420   0.001   0.579
B S  2NQ2A                192    0.127  14.904   0.000   0.008   0.007   0.986
E N  2NQ2A                193    0.532  77.887   0.000   0.003   0.004   0.992
E W  2NQ2A                194    0.606 145.726   0.000   0.943   0.000   0.057
E E  2NQ2A                195    0.682 119.149   0.000   0.974   0.000   0.026
E K  2NQ2A                196    0.264  54.212   0.000   0.984   0.000   0.016
B L  2NQ2A                197    0.097  17.825   0.000   0.982   0.000   0.018
E L  2NQ2A                198    0.508  92.955   0.000   0.962   0.000   0.037
E F  2NQ2A                199    0.517 103.665   0.000   0.930   0.000   0.070
B F  2NQ2A                200    0.078  15.684   0.000   0.882   0.000   0.117
E F  2NQ2A                201    0.294  58.907   0.000   0.942   0.000   0.058
E V  2NQ2A                202    0.556  85.391   0.000   0.991   0.000   0.009
B P  2NQ2A                203    0.199  28.213   0.000   0.994   0.000   0.006
B F  2NQ2A                204    0.082  16.521   0.000   0.998   0.000   0.002
E L  2NQ2A                205    0.401  73.359   0.000   0.998   0.000   0.002
E L  2NQ2A                206    0.524  95.922   0.000   0.995   0.000   0.005
B C  2NQ2A                207    0.054   7.530   0.000   0.989   0.000   0.011
B S  2NQ2A                208    0.145  17.007   0.000   0.986   0.000   0.014
E S  2NQ2A                209    0.496  58.152   0.000   0.991   0.000   0.009
E I  2NQ2A                210    0.384  71.104   0.000   0.994   0.000   0.006
B L  2NQ2A                211    0.069  12.661   0.000   0.989   0.000   0.011
E L  2NQ2A                212    0.271  49.637   0.000   0.973   0.000   0.027
E S  2NQ2A                213    0.591  69.245   0.000   0.849   0.000   0.151
E L  2NQ2A                214    0.345  63.230   0.000   0.697   0.000   0.303
B S  2NQ2A                215    0.115  13.505   0.000   0.621   0.006   0.374
E W  2NQ2A                216    0.495 119.014   0.000   0.787   0.003   0.211
E R  2NQ2A                217    0.494 113.024   0.000   0.836   0.004   0.160
B L  2NQ2A                218    0.189  34.655   0.000   0.819   0.006   0.174
B N  2NQ2A                219    0.242  35.391   0.000   0.796   0.005   0.200
B L  2NQ2A                220    0.175  32.044   0.000   0.960   0.000   0.040
E L  2NQ2A                221    0.300  54.946   0.000   0.891   0.001   0.109
E S  2NQ2A                222    0.252  29.514   0.000   0.675   0.001   0.324
B L  2NQ2A                223    0.146  26.691   0.000   0.022   0.017   0.961
E D  2NQ2A                224    0.521  75.025   0.000   0.008   0.002   0.991
E E  2NQ2A                225    0.559  97.644   0.000   0.982   0.000   0.018
E K  2NQ2A                226    0.710 146.144   0.000   0.987   0.000   0.013
E E  2NQ2A                227    0.346  60.367   0.000   0.992   0.000   0.008
B A  2NQ2A                228    0.010   1.117   0.000   0.991   0.000   0.009
E K  2NQ2A                229    0.545 112.004   0.000   0.983   0.000   0.017
E A  2NQ2A                230    0.699  77.077   0.000   0.928   0.000   0.071
E L  2NQ2A                231    0.395  72.313   0.000   0.338   0.000   0.662
E G  2NQ2A                232    0.686  53.993   0.000   0.003   0.000   0.997
B V  2NQ2A                233    0.156  24.009   0.000   0.001   0.011   0.988
E K  2NQ2A                234    0.590 121.362   0.000   0.001   0.021   0.977
B M  2NQ2A                235    0.175  35.038   0.000   0.530   0.002   0.468
E A  2NQ2A                236    0.361  39.738   0.000   0.980   0.000   0.020
E P  2NQ2A                237    0.489  69.453   0.000   0.977   0.000   0.022
B L  2NQ2A                238    0.180  32.954   0.000   0.993   0.000   0.007
B R  2NQ2A                239    0.150  34.430   0.000   0.996   0.000   0.004
E W  2NQ2A                240    0.398  95.733   0.000   0.998   0.000   0.002
E L  2NQ2A                241    0.418  76.452   0.000   0.999   0.000   0.001
B V  2NQ2A                242    0.089  13.688   0.000   0.999   0.000   0.001
B I  2NQ2A                243    0.063  11.700   0.000   0.999   0.000   0.001
E F  2NQ2A                244    0.345  69.328   0.000   0.999   0.000   0.001
E L  2NQ2A                245    0.293  53.598   0.000   0.999   0.000   0.001
B S  2NQ2A                246    0.037   4.291   0.000   0.998   0.000   0.002
B G  2NQ2A                247    0.031   2.403   0.000   0.998   0.000   0.002
E S  2NQ2A                248    0.280  32.796   0.000   0.997   0.000   0.003
B L  2NQ2A                249    0.191  34.886   0.000   0.997   0.000   0.003
B V  2NQ2A                250    0.019   2.955   0.000   0.996   0.000   0.004
B A  2NQ2A                251    0.048   5.239   0.000   0.997   0.000   0.003
B C  2NQ2A                252    0.221  31.026   0.000   0.990   0.000   0.010
B Q  2NQ2A                253    0.083  14.739   0.000   0.985   0.000   0.015
B V  2NQ2A                254    0.021   3.156   0.000   0.986   0.001   0.014
B A  2NQ2A                255    0.108  11.943   0.000   0.982   0.000   0.018
E I  2NQ2A                256    0.288  53.328   0.000   0.924   0.001   0.075
B S  2NQ2A                257    0.047   5.566   0.000   0.853   0.001   0.146
B G  2NQ2A                258    0.030   2.380   0.000   0.755   0.002   0.243
B S  2NQ2A                259    0.105  12.359   0.000   0.781   0.005   0.214
B I  2NQ2A                260    0.161  29.785   0.000   0.886   0.008   0.106
B G  2NQ2A                261    0.033   2.562   0.000   0.978   0.000   0.022
B W  2NQ2A                262    0.101  24.359   0.000   0.954   0.001   0.045
B V  2NQ2A                263    0.138  21.280   0.000   0.941   0.002   0.057
B G  2NQ2A                264    0.074   5.837   0.000   0.940   0.001   0.059
B L  2NQ2A                265    0.100  18.327   0.000   0.825   0.001   0.174
B I  2NQ2A                266    0.100  18.581   0.000   0.838   0.001   0.162
B I  2NQ2A                267    0.123  22.709   0.000   0.991   0.000   0.009
B P  2NQ2A                268    0.066   9.368   0.000   0.998   0.000   0.002
B H  2NQ2A                269    0.116  21.162   0.000   0.999   0.000   0.001
B L  2NQ2A                270    0.237  43.463   0.000   0.998   0.000   0.002
B S  2NQ2A                271    0.065   7.601   0.000   0.997   0.000   0.003
B R  2NQ2A                272    0.189  43.280   0.000   0.996   0.000   0.004
E M  2NQ2A                273    0.451  90.310   0.000   0.991   0.000   0.009
E L  2NQ2A                274    0.533  97.605   0.000   0.944   0.000   0.056
E V  2NQ2A                275    0.332  51.037   0.000   0.746   0.001   0.253
E G  2NQ2A                276    0.319  25.092   0.000   0.145   0.011   0.843
E A  2NQ2A                277    0.671  73.957   0.000   0.178   0.002   0.821
E N  2NQ2A                278    0.565  82.756   0.000   0.095   0.003   0.902
B H  2NQ2A                279    0.228  41.385   0.000   0.729   0.003   0.268
E Q  2NQ2A                280    0.549  97.994   0.000   0.903   0.001   0.097
E S  2NQ2A                281    0.416  48.711   0.000   0.887   0.001   0.112
B L  2NQ2A                282    0.046   8.394   0.000   0.952   0.000   0.048
B L  2NQ2A                283    0.109  20.031   0.000   0.997   0.000   0.003
E P  2NQ2A                284    0.337  47.888   0.000   0.997   0.000   0.003
B C  2NQ2A                285    0.211  29.576   0.000   0.999   0.000   0.001
B T  2NQ2A                286    0.004   0.566   0.000   1.000   0.000   0.000
B M  2NQ2A                287    0.128  25.543   0.000   1.000   0.000   0.000
E L  2NQ2A                288    0.409  74.978   0.000   0.999   0.000   0.001
B V  2NQ2A                289    0.161  24.722   0.000   0.999   0.000   0.001
B G  2NQ2A                290    0.004   0.323   0.000   1.000   0.000   0.000
B A  2NQ2A                291    0.129  14.163   0.000   1.000   0.000   0.000
E T  2NQ2A                292    0.360  49.942   0.000   1.000   0.000   0.000
B Y  2NQ2A                293    0.124  26.524   0.000   0.999   0.000   0.001
B M  2NQ2A                294    0.022   4.369   0.000   0.999   0.000   0.001
E L  2NQ2A                295    0.306  55.950   0.000   0.999   0.000   0.001
E L  2NQ2A                296    0.411  75.186   0.000   0.998   0.000   0.002
B V  2NQ2A                297    0.014   2.210   0.000   0.999   0.000   0.001
B D  2NQ2A                298    0.029   4.191   0.000   0.999   0.000   0.001
E N  2NQ2A                299    0.372  54.436   0.000   0.996   0.000   0.004
E V  2NQ2A                300    0.379  58.317   0.000   0.990   0.000   0.010
B A  2NQ2A                301    0.016   1.788   0.000   0.987   0.000   0.013
E R  2NQ2A                302    0.273  62.419   0.000   0.883   0.003   0.114
E S  2NQ2A                303    0.626  73.417   0.000   0.826   0.001   0.173
E L  2NQ2A                304    0.562 102.972   0.000   0.482   0.003   0.514
E S  2NQ2A                305    0.400  46.903   0.000   0.161   0.005   0.834
E D  2NQ2A                306    0.830 119.541   0.000   0.073   0.001   0.926
E A  2NQ2A                307    0.388  42.779   0.000   0.066   0.020   0.914
E E  2NQ2A                308    0.600 104.840   0.000   0.054   0.068   0.878
B I  2NQ2A                309    0.142  26.302   0.000   0.035   0.130   0.836
E P  2NQ2A                310    0.304  43.095   0.000   0.049   0.185   0.766
B I  2NQ2A                311    0.143  26.467   0.000   0.960   0.001   0.038
B S  2NQ2A                312    0.048   5.643   0.000   0.990   0.000   0.010
E I  2NQ2A                313    0.269  49.743   0.000   0.998   0.000   0.002
E L  2NQ2A                314    0.272  49.752   0.000   0.999   0.000   0.001
B T  2NQ2A                315    0.031   4.301   0.000   0.998   0.000   0.002
B A  2NQ2A                316    0.056   6.118   0.000   0.999   0.000   0.001
E L  2NQ2A                317    0.438  80.238   0.000   0.996   0.000   0.004
E I  2NQ2A                318    0.345  63.773   0.000   0.989   0.000   0.011
B G  2NQ2A                319    0.008   0.626   0.000   0.992   0.000   0.008
B A  2NQ2A                320    0.156  17.182   0.000   0.996   0.000   0.004
E P  2NQ2A                321    0.385  54.620   0.000   0.993   0.000   0.007
E L  2NQ2A                322    0.269  49.320   0.000   0.997   0.000   0.003
B F  2NQ2A                323    0.100  20.005   0.000   0.997   0.000   0.003
E G  2NQ2A                324    0.305  24.034   0.000   0.989   0.000   0.011
E V  2NQ2A                325    0.522  80.304   0.000   0.989   0.000   0.011
B L  2NQ2A                326    0.156  28.540   0.000   0.972   0.000   0.028
B V  2NQ2A                327    0.189  29.039   0.000   0.921   0.001   0.079
E Y  2NQ2A                328    0.680 145.413   0.000   0.743   0.001   0.256
E K  2NQ2A                329    0.668 137.339   0.000   0.688   0.001   0.312
E L  2NQ2A                330    0.434  79.496   0.000   0.517   0.002   0.482
E K  2NQ2A                331    0.617 126.866   0.000   0.311   0.005   0.684
E R  2NQ2A                332    0.753 172.343   0.000   0.139   0.001   0.859
E G  2NQ2A                333    0.744  58.521   0.000   0.028   0.000   0.971
E G  2NQ2A                334    0.661  51.995   0.000   0.015   0.001   0.984
E M  2NQ2A                335    0.630 126.049   0.000   0.011   0.005   0.984
E N  2NQ2A                336    0.828 121.195   0.000   0.005   0.001   0.994
E E  2NQ2A                337    0.873 152.563   0.000   0.001   0.000   0.999
