# For publication of results, please cite:
# ...
# ... Michael Schantz Klausen, Martin Closter Jespersen, Henrik Nielsen, Kamilla Kjærgaard Jensen, 
# ... Vanessa Isabell Jurtz, Casper Kaae Sønderby, Morten Otto Alexander Sommer, Ole Winther, 
# ... Morten Nielsen, Bent Petersen, and Paolo Marcatili. 
# ... NetSurfP-2.0: Improved prediction of protein structural features by integrated deep learning.
# ... Proteins: Structure, Function, and Bioinformatics (Feb. 2019).
# ... https://doi.org/10.1002/prot.25674
# ...
#
# Column 1: Class assignment - B for buried or E for Exposed - Threshold: 25% exposure, but not based on RSA
# Column 2: Amino acid
# Column 3: Sequence name
# Column 4: Amino acid number
# Column 5: Relative Surface Accessibility - RSA
# Column 6: Absolute Surface Accessibility
# Column 7: Not used
# Column 8: Probability for Alpha-Helix
# Column 9: Probability for Beta-strand
# Column 10: Probability for Coil
E K  3VHHB                  1    0.827 170.203   0.000   0.000   0.006   0.994
B C  3VHHB                  2    0.214  30.024   0.000   0.001   0.147   0.852
E S  3VHHB                  3    0.490  57.454   0.000   0.001   0.373   0.626
B L  3VHHB                  4    0.100  18.372   0.000   0.003   0.556   0.440
E T  3VHHB                  5    0.408  56.569   0.000   0.000   0.826   0.174
B G  3VHHB                  6    0.167  13.151   0.000   0.000   0.978   0.022
E K  3VHHB                  7    0.462  95.062   0.000   0.000   0.988   0.012
B W  3VHHB                  8    0.065  15.658   0.000   0.000   0.983   0.016
E T  3VHHB                  9    0.345  47.797   0.000   0.000   0.992   0.008
B N  3VHHB                 10    0.044   6.414   0.000   0.000   0.561   0.439
E D  3VHHB                 11    0.701 100.992   0.000   0.001   0.002   0.996
E L  3VHHB                 12    0.409  74.830   0.000   0.001   0.000   0.999
E G  3VHHB                 13    0.463  36.408   0.000   0.001   0.006   0.994
B S  3VHHB                 14    0.063   7.409   0.000   0.000   0.030   0.970
E N  3VHHB                 15    0.481  70.431   0.000   0.000   0.992   0.008
B M  3VHHB                 16    0.038   7.693   0.000   0.000   0.995   0.005
E T  3VHHB                 17    0.285  39.466   0.000   0.000   0.998   0.002
B I  3VHHB                 18    0.059  10.995   0.000   0.000   0.984   0.016
E G  3VHHB                 19    0.288  22.662   0.000   0.001   0.816   0.182
E A  3VHHB                 20    0.404  44.487   0.000   0.002   0.700   0.298
E V  3VHHB                 21    0.353  54.303   0.000   0.001   0.720   0.279
E N  3VHHB                 22    0.419  61.398   0.000   0.001   0.023   0.976
E S  3VHHB                 23    0.917 107.455   0.000   0.002   0.001   0.998
E R  3VHHB                 24    0.733 167.869   0.000   0.004   0.000   0.996
E G  3VHHB                 25    0.254  19.990   0.000   0.005   0.004   0.992
E E  3VHHB                 26    0.406  70.946   0.000   0.000   0.124   0.876
B F  3VHHB                 27    0.064  12.746   0.000   0.000   0.991   0.009
E T  3VHHB                 28    0.366  50.824   0.000   0.000   0.996   0.004
B G  3VHHB                 29    0.123   9.711   0.000   0.000   0.997   0.003
E T  3VHHB                 30    0.345  47.836   0.000   0.000   0.998   0.002
B Y  3VHHB                 31    0.073  15.685   0.000   0.000   0.995   0.005
E I  3VHHB                 32    0.274  50.630   0.000   0.000   0.983   0.017
B T  3VHHB                 33    0.074  10.284   0.000   0.001   0.787   0.212
E A  3VHHB                 34    0.296  32.633   0.000   0.005   0.417   0.578
B V  3VHHB                 35    0.195  30.039   0.000   0.024   0.384   0.592
E T  3VHHB                 36    0.410  56.872   0.000   0.078   0.366   0.556
E A  3VHHB                 37    0.476  52.436   0.000   0.161   0.075   0.763
E T  3VHHB                 38    0.669  92.741   0.000   0.133   0.061   0.806
E S  3VHHB                 39    0.637  74.693   0.000   0.070   0.014   0.916
E N  3VHHB                 40    0.775 113.412   0.000   0.018   0.012   0.969
E E  3VHHB                 41    0.550  96.067   0.000   0.020   0.280   0.700
E I  3VHHB                 42    0.349  64.653   0.000   0.005   0.552   0.443
E K  3VHHB                 43    0.483  99.296   0.000   0.002   0.822   0.176
E E  3VHHB                 44    0.576 100.661   0.000   0.001   0.918   0.081
B S  3VHHB                 45    0.125  14.668   0.000   0.000   0.770   0.230
E P  3VHHB                 46    0.447  63.473   0.000   0.000   0.740   0.260
B L  3VHHB                 47    0.041   7.515   0.000   0.000   0.851   0.149
E H  3VHHB                 48    0.456  82.891   0.000   0.000   0.990   0.010
B G  3VHHB                 49    0.080   6.330   0.000   0.000   0.990   0.010
E T  3VHHB                 50    0.274  37.952   0.000   0.000   0.994   0.006
B Q  3VHHB                 51    0.165  29.524   0.000   0.000   0.938   0.062
E N  3VHHB                 52    0.366  53.510   0.000   0.002   0.659   0.339
E T  3VHHB                 53    0.335  46.449   0.000   0.013   0.216   0.771
E I  3VHHB                 54    0.568 105.049   0.000   0.032   0.061   0.908
E N  3VHHB                 55    0.622  91.055   0.000   0.041   0.024   0.935
E K  3VHHB                 56    0.672 138.162   0.000   0.082   0.019   0.898
E R  3VHHB                 57    0.694 158.850   0.000   0.058   0.043   0.899
E T  3VHHB                 58    0.526  72.985   0.000   0.074   0.117   0.809
E Q  3VHHB                 59    0.347  62.011   0.000   0.001   0.132   0.867
B P  3VHHB                 60    0.161  22.901   0.000   0.001   0.112   0.888
B T  3VHHB                 61    0.182  25.249   0.000   0.000   0.839   0.161
B F  3VHHB                 62    0.048   9.561   0.000   0.000   0.994   0.006
B G  3VHHB                 63    0.137  10.796   0.000   0.000   0.995   0.005
B F  3VHHB                 64    0.041   8.181   0.000   0.000   0.999   0.001
E T  3VHHB                 65    0.272  37.789   0.000   0.000   0.999   0.001
B V  3VHHB                 66    0.021   3.188   0.000   0.000   0.996   0.004
E N  3VHHB                 67    0.362  52.952   0.000   0.000   0.975   0.025
B W  3VHHB                 68    0.101  24.328   0.000   0.011   0.688   0.300
E K  3VHHB                 69    0.608 125.161   0.000   0.116   0.049   0.835
E F  3VHHB                 70    0.667 133.862   0.000   0.159   0.022   0.819
B S  3VHHB                 71    0.248  29.068   0.000   0.101   0.072   0.827
E E  3VHHB                 72    0.719 125.539   0.000   0.006   0.047   0.947
B S  3VHHB                 73    0.135  15.877   0.000   0.001   0.365   0.634
E T  3VHHB                 74    0.421  58.439   0.000   0.000   0.894   0.105
B T  3VHHB                 75    0.072  10.017   0.000   0.000   0.984   0.016
E V  3VHHB                 76    0.449  68.943   0.000   0.000   0.980   0.020
B F  3VHHB                 77    0.070  14.115   0.000   0.000   0.998   0.002
E T  3VHHB                 78    0.458  63.488   0.000   0.000   0.998   0.002
B G  3VHHB                 79    0.045   3.507   0.000   0.000   0.998   0.002
E Q  3VHHB                 80    0.426  76.164   0.000   0.000   0.997   0.003
B C  3VHHB                 81    0.050   6.985   0.000   0.000   0.993   0.007
E F  3VHHB                 82    0.380  76.289   0.000   0.000   0.986   0.014
E I  3VHHB                 83    0.294  54.313   0.000   0.000   0.971   0.029
E D  3VHHB                 84    0.261  37.621   0.000   0.000   0.040   0.960
E R  3VHHB                 85    0.828 189.666   0.000   0.004   0.009   0.988
E N  3VHHB                 86    0.873 127.872   0.000   0.004   0.000   0.996
E G  3VHHB                 87    0.559  43.964   0.000   0.004   0.000   0.996
E K  3VHHB                 88    0.541 111.289   0.000   0.000   0.026   0.974
E E  3VHHB                 89    0.319  55.776   0.000   0.000   0.980   0.020
B V  3VHHB                 90    0.189  29.027   0.000   0.000   0.978   0.022
B L  3VHHB                 91    0.070  12.741   0.000   0.000   0.996   0.004
E K  3VHHB                 92    0.405  83.401   0.000   0.000   0.998   0.002
B T  3VHHB                 93    0.042   5.796   0.000   0.000   0.998   0.002
E M  3VHHB                 94    0.277  55.380   0.000   0.000   0.995   0.005
B W  3VHHB                 95    0.087  20.825   0.000   0.000   0.997   0.003
E L  3VHHB                 96    0.280  51.332   0.000   0.000   0.997   0.003
B L  3VHHB                 97    0.065  11.976   0.000   0.000   0.994   0.006
E R  3VHHB                 98    0.418  95.770   0.000   0.000   0.988   0.012
B S  3VHHB                 99    0.241  28.216   0.000   0.000   0.965   0.034
E S  3VHHB                100    0.495  58.050   0.000   0.003   0.815   0.182
B V  3VHHB                101    0.198  30.368   0.000   0.009   0.413   0.577
E N  3VHHB                102    0.854 125.074   0.000   0.009   0.033   0.958
E D  3VHHB                103    0.613  88.307   0.000   0.019   0.036   0.945
E I  3VHHB                104    0.379  70.155   0.000   0.404   0.014   0.582
E G  3VHHB                105    0.503  39.577   0.000   0.509   0.009   0.482
E D  3VHHB                106    0.716 103.182   0.000   0.672   0.004   0.324
E D  3VHHB                107    0.472  68.011   0.000   0.476   0.014   0.510
E W  3VHHB                108    0.407  97.973   0.000   0.325   0.026   0.649
E K  3VHHB                109    0.618 127.210   0.000   0.268   0.053   0.679
B A  3VHHB                110    0.183  20.143   0.000   0.122   0.166   0.713
E T  3VHHB                111    0.420  58.207   0.000   0.040   0.704   0.257
E R  3VHHB                112    0.439 100.628   0.000   0.013   0.914   0.073
E V  3VHHB                113    0.442  67.883   0.000   0.006   0.798   0.195
E G  3VHHB                114    0.296  23.328   0.000   0.002   0.822   0.176
E I  3VHHB                115    0.455  84.246   0.000   0.002   0.754   0.244
E N  3VHHB                116    0.251  36.814   0.000   0.003   0.625   0.372
E I  3VHHB                117    0.414  76.660   0.000   0.002   0.851   0.147
B F  3VHHB                118    0.234  46.916   0.000   0.001   0.890   0.109
E T  3VHHB                119    0.521  72.233   0.000   0.000   0.957   0.043
E R  3VHHB                120    0.571 130.678   0.000   0.000   0.842   0.158
E L  3VHHB                121    0.783 143.383   0.000   0.000   0.000   1.000
