# For publication of results, please cite:
# ...
# ... Michael Schantz Klausen, Martin Closter Jespersen, Henrik Nielsen, Kamilla Kjærgaard Jensen, 
# ... Vanessa Isabell Jurtz, Casper Kaae Sønderby, Morten Otto Alexander Sommer, Ole Winther, 
# ... Morten Nielsen, Bent Petersen, and Paolo Marcatili. 
# ... NetSurfP-2.0: Improved prediction of protein structural features by integrated deep learning.
# ... Proteins: Structure, Function, and Bioinformatics (Feb. 2019).
# ... https://doi.org/10.1002/prot.25674
# ...
#
# Column 1: Class assignment - B for buried or E for Exposed - Threshold: 25% exposure, but not based on RSA
# Column 2: Amino acid
# Column 3: Sequence name
# Column 4: Amino acid number
# Column 5: Relative Surface Accessibility - RSA
# Column 6: Absolute Surface Accessibility
# Column 7: Not used
# Column 8: Probability for Alpha-Helix
# Column 9: Probability for Beta-strand
# Column 10: Probability for Coil
E V  2M0MB                  1    0.905 139.105   0.000   0.001   0.000   0.999
E G  2M0MB                  2    0.755  59.421   0.000   0.038   0.001   0.961
E T  2M0MB                  3    0.770 106.739   0.000   0.107   0.003   0.891
E T  2M0MB                  4    0.685  95.078   0.000   0.268   0.004   0.728
E V  2M0MB                  5    0.531  81.560   0.000   0.478   0.008   0.514
E A  2M0MB                  6    0.563  62.031   0.000   0.566   0.003   0.431
E S  2M0MB                  7    0.576  67.554   0.000   0.621   0.002   0.377
E T  2M0MB                  8    0.415  57.520   0.000   0.610   0.001   0.389
E T  2M0MB                  9    0.513  71.163   0.000   0.699   0.001   0.300
E S  2M0MB                 10    0.616  72.164   0.000   0.733   0.001   0.266
E R  2M0MB                 11    0.533 122.125   0.000   0.697   0.002   0.301
E L  2M0MB                 12    0.341  62.427   0.000   0.663   0.002   0.335
E S  2M0MB                 13    0.687  80.459   0.000   0.280   0.002   0.718
E T  2M0MB                 14    0.405  56.190   0.000   0.057   0.001   0.942
E A  2M0MB                 15    0.716  78.934   0.000   0.880   0.000   0.120
E E  2M0MB                 16    0.712 124.417   0.000   0.917   0.000   0.083
B A  2M0MB                 17    0.177  19.502   0.000   0.940   0.000   0.059
E S  2M0MB                 18    0.336  39.432   0.000   0.957   0.000   0.043
E S  2M0MB                 19    0.549  64.353   0.000   0.962   0.000   0.038
E R  2M0MB                 20    0.593 135.738   0.000   0.971   0.000   0.029
B I  2M0MB                 21    0.222  40.979   0.000   0.978   0.000   0.021
E S  2M0MB                 22    0.456  53.448   0.000   0.988   0.000   0.012
E T  2M0MB                 23    0.623  86.342   0.000   0.983   0.000   0.017
E A  2M0MB                 24    0.304  33.485   0.000   0.983   0.000   0.017
B A  2M0MB                 25    0.204  22.470   0.000   0.989   0.000   0.011
E S  2M0MB                 26    0.507  59.465   0.000   0.985   0.000   0.015
E T  2M0MB                 27    0.501  69.434   0.000   0.975   0.000   0.025
E L  2M0MB                 28    0.280  51.327   0.000   0.969   0.000   0.030
E V  2M0MB                 29    0.414  63.651   0.000   0.908   0.001   0.090
E S  2M0MB                 30    0.732  85.794   0.000   0.618   0.003   0.379
E G  2M0MB                 31    0.650  51.167   0.000   0.208   0.002   0.790
E G  2M0MB                 32    0.652  51.295   0.000   0.029   0.001   0.969
E Y  2M0MB                 33    0.759 162.229   0.000   0.016   0.005   0.978
E L  2M0MB                 34    0.366  67.030   0.000   0.017   0.018   0.965
E N  2M0MB                 35    0.623  91.195   0.000   0.017   0.005   0.979
E T  2M0MB                 36    0.535  74.221   0.000   0.431   0.001   0.568
E A  2M0MB                 37    0.741  81.633   0.000   0.595   0.000   0.404
E A  2M0MB                 38    0.335  36.945   0.000   0.708   0.000   0.291
B L  2M0MB                 39    0.190  34.789   0.000   0.976   0.000   0.024
E P  2M0MB                 40    0.424  60.120   0.000   0.984   0.000   0.016
E S  2M0MB                 41    0.592  69.377   0.000   0.986   0.000   0.014
E V  2M0MB                 42    0.304  46.667   0.000   0.989   0.000   0.010
B I  2M0MB                 43    0.247  45.755   0.000   0.992   0.000   0.008
E A  2M0MB                 44    0.434  47.813   0.000   0.993   0.000   0.007
E D  2M0MB                 45    0.617  88.903   0.000   0.993   0.000   0.007
B L  2M0MB                 46    0.233  42.655   0.000   0.995   0.000   0.005
E F  2M0MB                 47    0.274  55.053   0.000   0.993   0.000   0.007
E A  2M0MB                 48    0.588  64.792   0.000   0.974   0.000   0.026
E Q  2M0MB                 49    0.610 108.891   0.000   0.957   0.000   0.043
B V  2M0MB                 50    0.176  26.995   0.000   0.945   0.001   0.054
E G  2M0MB                 51    0.382  30.032   0.000   0.824   0.001   0.175
E A  2M0MB                 52    0.744  82.032   0.000   0.581   0.001   0.418
E S  2M0MB                 53    0.744  87.245   0.000   0.387   0.001   0.612
E S  2M0MB                 54    0.413  48.420   0.000   0.004   0.004   0.993
E P  2M0MB                 55    0.830 117.749   0.000   0.006   0.001   0.993
E G  2M0MB                 56    0.869  68.391   0.000   0.004   0.000   0.996
E V  2M0MB                 57    0.254  39.110   0.000   0.007   0.010   0.984
E S  2M0MB                 58    0.505  59.130   0.000   0.005   0.004   0.991
E D  2M0MB                 59    0.635  91.570   0.000   0.960   0.000   0.040
E S  2M0MB                 60    0.564  66.077   0.000   0.976   0.000   0.024
E E  2M0MB                 61    0.519  90.599   0.000   0.987   0.000   0.013
B V  2M0MB                 62    0.183  28.166   0.000   0.996   0.000   0.004
E L  2M0MB                 63    0.321  58.777   0.000   0.998   0.000   0.002
E I  2M0MB                 64    0.443  82.043   0.000   0.999   0.000   0.001
E Q  2M0MB                 65    0.477  85.246   0.000   0.999   0.000   0.001
B V  2M0MB                 66    0.245  37.585   0.000   0.999   0.000   0.001
E L  2M0MB                 67    0.337  61.784   0.000   0.999   0.000   0.001
E L  2M0MB                 68    0.458  83.824   0.000   0.999   0.000   0.001
E E  2M0MB                 69    0.504  88.087   0.000   0.999   0.000   0.001
E I  2M0MB                 70    0.269  49.855   0.000   0.999   0.000   0.001
E V  2M0MB                 71    0.330  50.724   0.000   0.999   0.000   0.001
E S  2M0MB                 72    0.453  53.076   0.000   0.999   0.000   0.001
E S  2M0MB                 73    0.329  38.531   0.000   0.999   0.000   0.001
E L  2M0MB                 74    0.282  51.653   0.000   0.999   0.000   0.001
E I  2M0MB                 75    0.382  70.703   0.000   0.999   0.000   0.001
E H  2M0MB                 76    0.604 109.956   0.000   0.998   0.000   0.002
E I  2M0MB                 77    0.353  65.217   0.000   0.995   0.000   0.005
E L  2M0MB                 78    0.293  53.600   0.000   0.974   0.000   0.026
E S  2M0MB                 79    0.611  71.620   0.000   0.822   0.000   0.178
E S  2M0MB                 80    0.653  76.485   0.000   0.459   0.001   0.541
E S  2M0MB                 81    0.472  55.288   0.000   0.064   0.004   0.932
E S  2M0MB                 82    0.772  90.473   0.000   0.015   0.024   0.961
E V  2M0MB                 83    0.539  82.821   0.000   0.043   0.018   0.940
E G  2M0MB                 84    0.671  52.792   0.000   0.038   0.034   0.928
E Q  2M0MB                 85    0.818 146.122   0.000   0.031   0.052   0.918
E V  2M0MB                 86    0.451  69.342   0.000   0.016   0.068   0.916
E D  2M0MB                 87    0.639  92.114   0.000   0.007   0.029   0.964
E F  2M0MB                 88    0.629 126.218   0.000   0.213   0.003   0.783
E S  2M0MB                 89    0.839  98.332   0.000   0.264   0.001   0.735
E S  2M0MB                 90    0.507  59.381   0.000   0.307   0.003   0.690
E V  2M0MB                 91    0.355  54.535   0.000   0.282   0.004   0.714
E G  2M0MB                 92    0.624  49.074   0.000   0.261   0.002   0.737
E S  2M0MB                 93    0.654  76.600   0.000   0.342   0.001   0.657
E S  2M0MB                 94    0.488  57.169   0.000   0.305   0.002   0.693
E A  2M0MB                 95    0.417  45.945   0.000   0.281   0.002   0.718
E A  2M0MB                 96    0.526  57.989   0.000   0.228   0.001   0.771
E A  2M0MB                 97    0.514  56.629   0.000   0.224   0.001   0.774
E V  2M0MB                 98    0.393  60.432   0.000   0.284   0.001   0.715
E G  2M0MB                 99    0.371  29.176   0.000   0.318   0.001   0.681
E Q  2M0MB                100    0.644 115.105   0.000   0.289   0.001   0.710
E S  2M0MB                101    0.497  58.199   0.000   0.299   0.002   0.699
E M  2M0MB                102    0.393  78.616   0.000   0.304   0.001   0.695
E Q  2M0MB                103    0.623 111.243   0.000   0.253   0.001   0.746
E V  2M0MB                104    0.725 111.387   0.000   0.282   0.001   0.716
E V  2M0MB                105    0.575  88.338   0.000   0.239   0.003   0.757
E M  2M0MB                106    0.630 126.078   0.000   0.084   0.003   0.914
E G  2M0MB                107    0.939  73.933   0.000   0.001   0.000   0.999
