# For publication of results, please cite:
# ...
# ... Michael Schantz Klausen, Martin Closter Jespersen, Henrik Nielsen, Kamilla Kjærgaard Jensen, 
# ... Vanessa Isabell Jurtz, Casper Kaae Sønderby, Morten Otto Alexander Sommer, Ole Winther, 
# ... Morten Nielsen, Bent Petersen, and Paolo Marcatili. 
# ... NetSurfP-2.0: Improved prediction of protein structural features by integrated deep learning.
# ... Proteins: Structure, Function, and Bioinformatics (Feb. 2019).
# ... https://doi.org/10.1002/prot.25674
# ...
#
# Column 1: Class assignment - B for buried or E for Exposed - Threshold: 25% exposure, but not based on RSA
# Column 2: Amino acid
# Column 3: Sequence name
# Column 4: Amino acid number
# Column 5: Relative Surface Accessibility - RSA
# Column 6: Absolute Surface Accessibility
# Column 7: Not used
# Column 8: Probability for Alpha-Helix
# Column 9: Probability for Beta-strand
# Column 10: Probability for Coil
E M  1MR7A                  1    0.839 167.945   0.000   0.000   0.000   1.000
E G  1MR7A                  2    0.682  53.699   0.000   0.000   0.002   0.998
E P  1MR7A                  3    0.604  85.709   0.000   0.000   0.007   0.992
E N  1MR7A                  4    0.644  94.233   0.000   0.001   0.025   0.974
E P  1MR7A                  5    0.461  65.430   0.000   0.024   0.022   0.954
E M  1MR7A                  6    0.347  69.351   0.000   0.034   0.188   0.778
E K  1MR7A                  7    0.516 106.125   0.000   0.021   0.430   0.550
E M  1MR7A                  8    0.294  58.911   0.000   0.012   0.449   0.539
E Y  1MR7A                  9    0.286  61.098   0.000   0.003   0.291   0.706
E P  1MR7A                 10    0.474  67.224   0.000   0.014   0.233   0.754
B I  1MR7A                 11    0.218  40.298   0.000   0.012   0.168   0.820
E E  1MR7A                 12    0.753 131.591   0.000   0.015   0.086   0.899
E G  1MR7A                 13    0.712  55.996   0.000   0.022   0.013   0.965
E N  1MR7A                 14    0.623  91.204   0.000   0.054   0.052   0.894
E K  1MR7A                 15    0.552 113.574   0.000   0.077   0.127   0.796
E S  1MR7A                 16    0.468  54.801   0.000   0.069   0.261   0.669
B V  1MR7A                 17    0.183  28.157   0.000   0.040   0.540   0.420
E Q  1MR7A                 18    0.395  70.553   0.000   0.064   0.693   0.243
B F  1MR7A                 19    0.197  39.458   0.000   0.039   0.802   0.159
B I  1MR7A                 20    0.035   6.434   0.000   0.062   0.537   0.401
E K  1MR7A                 21    0.385  79.216   0.000   0.536   0.055   0.409
E P  1MR7A                 22    0.403  57.174   0.000   0.409   0.052   0.539
B I  1MR7A                 23    0.196  36.292   0.000   0.504   0.037   0.459
B L  1MR7A                 24    0.075  13.721   0.000   0.535   0.128   0.337
E E  1MR7A                 25    0.551  96.278   0.000   0.319   0.327   0.355
E K  1MR7A                 26    0.536 110.318   0.000   0.181   0.536   0.283
B L  1MR7A                 27    0.103  18.853   0.000   0.044   0.353   0.603
E E  1MR7A                 28    0.627 109.596   0.000   0.007   0.441   0.553
E N  1MR7A                 29    0.510  74.598   0.000   0.006   0.263   0.731
B V  1MR7A                 30    0.037   5.654   0.000   0.000   0.646   0.354
E E  1MR7A                 31    0.385  67.283   0.000   0.000   0.996   0.004
B V  1MR7A                 32    0.036   5.491   0.000   0.000   0.997   0.003
B G  1MR7A                 33    0.072   5.639   0.000   0.000   0.007   0.993
E E  1MR7A                 34    0.331  57.784   0.000   0.000   0.005   0.995
E Y  1MR7A                 35    0.374  79.857   0.000   0.000   0.001   0.999
B S  1MR7A                 36    0.009   1.047   0.000   0.001   0.042   0.957
E Y  1MR7A                 37    0.289  61.757   0.000   0.000   0.996   0.004
B Y  1MR7A                 38    0.021   4.593   0.000   0.000   0.995   0.005
B D  1MR7A                 39    0.248  35.744   0.000   0.001   0.557   0.442
B S  1MR7A                 40    0.227  26.553   0.000   0.043   0.064   0.893
E K  1MR7A                 41    0.560 115.242   0.000   0.085   0.052   0.863
E N  1MR7A                 42    0.511  74.811   0.000   0.135   0.107   0.758
B G  1MR7A                 43    0.217  17.087   0.000   0.083   0.132   0.785
E E  1MR7A                 44    0.505  88.170   0.000   0.039   0.553   0.407
E T  1MR7A                 45    0.281  38.992   0.000   0.042   0.630   0.327
B F  1MR7A                 46    0.201  40.314   0.000   0.037   0.067   0.895
E D  1MR7A                 47    0.398  57.289   0.000   0.011   0.057   0.932
E K  1MR7A                 48    0.512 105.337   0.000   0.022   0.040   0.937
B Q  1MR7A                 49    0.139  24.892   0.000   0.011   0.107   0.881
B I  1MR7A                 50    0.230  42.592   0.000   0.001   0.977   0.022
B L  1MR7A                 51    0.038   6.942   0.000   0.001   0.975   0.024
E Y  1MR7A                 52    0.301  64.246   0.000   0.002   0.233   0.765
B H  1MR7A                 53    0.239  43.494   0.000   0.002   0.075   0.923
E Y  1MR7A                 54    0.366  78.205   0.000   0.001   0.006   0.993
B P  1MR7A                 55    0.040   5.655   0.000   0.006   0.037   0.957
B I  1MR7A                 56    0.246  45.538   0.000   0.001   0.978   0.021
B L  1MR7A                 57    0.045   8.253   0.000   0.002   0.949   0.050
E N  1MR7A                 58    0.285  41.659   0.000   0.001   0.063   0.936
E D  1MR7A                 59    0.380  54.733   0.000   0.003   0.044   0.954
E K  1MR7A                 60    0.434  89.244   0.000   0.002   0.070   0.928
B L  1MR7A                 61    0.020   3.674   0.000   0.000   0.223   0.776
E K  1MR7A                 62    0.398  81.883   0.000   0.000   0.997   0.003
B I  1MR7A                 63    0.022   4.105   0.000   0.000   0.997   0.003
B G  1MR7A                 64    0.065   5.124   0.000   0.000   0.004   0.996
E K  1MR7A                 65    0.280  57.589   0.000   0.000   0.007   0.993
E F  1MR7A                 66    0.336  67.417   0.000   0.000   0.001   0.999
B C  1MR7A                 67    0.007   0.950   0.000   0.000   0.018   0.982
B S  1MR7A                 68    0.241  28.205   0.000   0.000   0.999   0.001
B I  1MR7A                 69    0.006   1.032   0.000   0.000   1.000   0.000
B G  1MR7A                 70    0.070   5.536   0.000   0.000   0.004   0.996
E P  1MR7A                 71    0.301  42.754   0.000   0.000   0.003   0.997
E G  1MR7A                 72    0.315  24.777   0.000   0.000   0.003   0.997
B V  1MR7A                 73    0.016   2.526   0.000   0.000   0.024   0.976
B T  1MR7A                 74    0.222  30.814   0.000   0.000   0.996   0.004
B I  1MR7A                 75    0.006   1.179   0.000   0.000   0.999   0.001
B I  1MR7A                 76    0.149  27.563   0.000   0.000   0.953   0.046
B M  1MR7A                 77    0.074  14.725   0.000   0.003   0.573   0.424
E N  1MR7A                 78    0.317  46.398   0.000   0.041   0.126   0.833
E G  1MR7A                 79    0.305  24.034   0.000   0.149   0.060   0.791
E A  1MR7A                 80    0.334  36.781   0.000   0.206   0.083   0.711
E N  1MR7A                 81    0.466  68.221   0.000   0.155   0.167   0.678
E H  1MR7A                 82    0.376  68.316   0.000   0.106   0.332   0.562
E R  1MR7A                 83    0.593 135.726   0.000   0.053   0.550   0.397
E M  1MR7A                 84    0.397  79.351   0.000   0.062   0.394   0.544
E D  1MR7A                 85    0.695 100.159   0.000   0.032   0.062   0.906
E G  1MR7A                 86    0.604  47.508   0.000   0.036   0.030   0.934
E S  1MR7A                 87    0.432  50.677   0.000   0.042   0.194   0.765
E T  1MR7A                 88    0.495  68.618   0.000   0.020   0.512   0.468
E Y  1MR7A                 89    0.352  75.293   0.000   0.020   0.523   0.457
E P  1MR7A                 90    0.372  52.834   0.000   0.030   0.541   0.429
B F  1MR7A                 91    0.249  50.031   0.000   0.234   0.141   0.625
E N  1MR7A                 92    0.446  65.251   0.000   0.319   0.157   0.524
E L  1MR7A                 93    0.306  56.044   0.000   0.374   0.090   0.537
E F  1MR7A                 94    0.434  87.132   0.000   0.280   0.079   0.641
E G  1MR7A                 95    0.415  32.623   0.000   0.196   0.050   0.754
E N  1MR7A                 96    0.560  82.054   0.000   0.263   0.060   0.677
E G  1MR7A                 97    0.323  25.396   0.000   0.400   0.041   0.559
E W  1MR7A                 98    0.282  67.777   0.000   0.668   0.031   0.300
E E  1MR7A                 99    0.509  88.878   0.000   0.648   0.049   0.303
E K  1MR7A                100    0.635 130.610   0.000   0.560   0.053   0.387
E H  1MR7A                101    0.548  99.753   0.000   0.414   0.056   0.530
B M  1MR7A                102    0.237  47.364   0.000   0.080   0.041   0.878
E P  1MR7A                103    0.424  60.147   0.000   0.285   0.031   0.685
E K  1MR7A                104    0.519 106.767   0.000   0.276   0.101   0.623
B L  1MR7A                105    0.207  37.835   0.000   0.704   0.016   0.280
E D  1MR7A                106    0.723 104.139   0.000   0.576   0.009   0.415
E Q  1MR7A                107    0.615 109.915   0.000   0.542   0.015   0.443
B L  1MR7A                108    0.137  25.132   0.000   0.007   0.038   0.955
E P  1MR7A                109    0.367  52.064   0.000   0.010   0.049   0.942
B I  1MR7A                110    0.201  37.231   0.000   0.009   0.455   0.536
E K  1MR7A                111    0.506 104.143   0.000   0.007   0.409   0.584
B G  1MR7A                112    0.223  17.547   0.000   0.005   0.211   0.784
E D  1MR7A                113    0.430  61.907   0.000   0.002   0.165   0.833
B T  1MR7A                114    0.027   3.810   0.000   0.001   0.549   0.450
E I  1MR7A                115    0.256  47.355   0.000   0.000   0.997   0.003
B I  1MR7A                116    0.019   3.504   0.000   0.000   0.997   0.003
B G  1MR7A                117    0.089   6.996   0.000   0.000   0.013   0.987
E N  1MR7A                118    0.285  41.746   0.000   0.000   0.013   0.987
E D  1MR7A                119    0.364  52.433   0.000   0.000   0.003   0.997
B V  1MR7A                120    0.007   1.064   0.000   0.000   0.034   0.966
E W  1MR7A                121    0.274  66.014   0.000   0.000   0.999   0.001
B I  1MR7A                122    0.005   0.960   0.000   0.000   1.000   0.000
B G  1MR7A                123    0.081   6.370   0.000   0.000   0.005   0.995
E K  1MR7A                124    0.392  80.723   0.000   0.000   0.002   0.998
E D  1MR7A                125    0.446  64.289   0.000   0.000   0.001   0.999
B V  1MR7A                126    0.012   1.852   0.000   0.000   0.012   0.988
B V  1MR7A                127    0.235  36.084   0.000   0.000   0.999   0.001
B I  1MR7A                128    0.005   0.852   0.000   0.000   1.000   0.000
B M  1MR7A                129    0.236  47.207   0.000   0.000   0.004   0.996
B P  1MR7A                130    0.233  33.071   0.000   0.000   0.003   0.997
B G  1MR7A                131    0.233  18.343   0.000   0.000   0.003   0.997
B V  1MR7A                132    0.020   3.133   0.000   0.000   0.017   0.983
E K  1MR7A                133    0.402  82.625   0.000   0.000   0.999   0.001
B I  1MR7A                134    0.010   1.886   0.000   0.000   0.999   0.001
B G  1MR7A                135    0.080   6.306   0.000   0.000   0.005   0.995
E D  1MR7A                136    0.339  48.832   0.000   0.000   0.002   0.998
B G  1MR7A                137    0.135  10.601   0.000   0.000   0.001   0.999
B A  1MR7A                138    0.006   0.619   0.000   0.000   0.007   0.993
B I  1MR7A                139    0.227  41.945   0.000   0.000   1.000   0.000
B V  1MR7A                140    0.003   0.521   0.000   0.000   1.000   0.000
B A  1MR7A                141    0.215  23.717   0.000   0.000   0.008   0.992
E A  1MR7A                142    0.429  47.304   0.000   0.000   0.001   0.999
E N  1MR7A                143    0.617  90.280   0.000   0.000   0.000   0.999
B S  1MR7A                144    0.029   3.357   0.000   0.000   0.059   0.941
E V  1MR7A                145    0.272  41.783   0.000   0.000   0.999   0.001
B V  1MR7A                146    0.006   0.941   0.000   0.000   0.997   0.003
E V  1MR7A                147    0.394  60.486   0.000   0.000   0.069   0.931
E K  1MR7A                148    0.429  88.264   0.000   0.000   0.047   0.953
E D  1MR7A                149    0.548  78.916   0.000   0.000   0.224   0.775
B I  1MR7A                150    0.030   5.517   0.000   0.000   0.953   0.046
E A  1MR7A                151    0.273  30.087   0.000   0.000   0.006   0.994
E P  1MR7A                152    0.282  39.964   0.000   0.001   0.010   0.989
E Y  1MR7A                153    0.325  69.514   0.000   0.003   0.017   0.979
B M  1MR7A                154    0.042   8.493   0.000   0.001   0.683   0.316
B L  1MR7A                155    0.146  26.805   0.000   0.000   0.997   0.003
B A  1MR7A                156    0.029   3.220   0.000   0.000   0.998   0.002
B G  1MR7A                157    0.184  14.486   0.000   0.000   0.901   0.099
E G  1MR7A                158    0.272  21.384   0.000   0.000   0.432   0.568
E N  1MR7A                159    0.594  86.901   0.000   0.000   0.171   0.828
E P  1MR7A                160    0.453  64.221   0.000   0.004   0.069   0.927
B A  1MR7A                161    0.150  16.510   0.000   0.003   0.261   0.736
E N  1MR7A                162    0.575  84.118   0.000   0.001   0.946   0.053
E E  1MR7A                163    0.485  84.779   0.000   0.001   0.989   0.010
E I  1MR7A                164    0.350  64.730   0.000   0.003   0.947   0.050
E K  1MR7A                165    0.390  80.184   0.000   0.002   0.978   0.021
E Q  1MR7A                166    0.530  94.665   0.000   0.002   0.916   0.082
E R  1MR7A                167    0.459 105.066   0.000   0.010   0.568   0.422
E F  1MR7A                168    0.265  53.264   0.000   0.003   0.166   0.830
E D  1MR7A                169    0.510  73.536   0.000   0.019   0.021   0.960
E Q  1MR7A                170    0.655 117.028   0.000   0.944   0.000   0.056
E D  1MR7A                171    0.793 114.297   0.000   0.968   0.000   0.032
E T  1MR7A                172    0.260  36.041   0.000   0.971   0.001   0.028
B I  1MR7A                173    0.100  18.456   0.000   0.985   0.001   0.015
E N  1MR7A                174    0.491  71.843   0.000   0.976   0.001   0.023
E Q  1MR7A                175    0.551  98.379   0.000   0.964   0.001   0.035
B L  1MR7A                176    0.186  34.022   0.000   0.958   0.001   0.041
E L  1MR7A                177    0.254  46.499   0.000   0.788   0.004   0.207
E D  1MR7A                178    0.700 100.859   0.000   0.507   0.005   0.488
E I  1MR7A                179    0.331  61.208   0.000   0.280   0.005   0.715
E K  1MR7A                180    0.572 117.600   0.000   0.440   0.009   0.550
B W  1MR7A                181    0.234  56.281   0.000   0.721   0.003   0.276
B W  1MR7A                182    0.228  54.777   0.000   0.756   0.004   0.240
E N  1MR7A                183    0.696 101.836   0.000   0.597   0.006   0.397
B W  1MR7A                184    0.195  46.907   0.000   0.013   0.006   0.981
E P  1MR7A                185    0.460  65.205   0.000   0.024   0.023   0.953
E I  1MR7A                186    0.394  72.798   0.000   0.958   0.001   0.041
E D  1MR7A                187    0.732 105.421   0.000   0.969   0.001   0.030
E I  1MR7A                188    0.265  49.116   0.000   0.978   0.001   0.022
B I  1MR7A                189    0.070  12.981   0.000   0.981   0.001   0.018
E N  1MR7A                190    0.500  73.229   0.000   0.971   0.001   0.029
E E  1MR7A                191    0.638 111.496   0.000   0.941   0.001   0.058
B N  1MR7A                192    0.219  32.042   0.000   0.739   0.001   0.260
B I  1MR7A                193    0.171  31.646   0.000   0.968   0.001   0.031
E D  1MR7A                194    0.662  95.418   0.000   0.975   0.000   0.025
E K  1MR7A                195    0.491 100.977   0.000   0.950   0.002   0.049
B I  1MR7A                196    0.173  31.973   0.000   0.927   0.004   0.069
E L  1MR7A                197    0.399  73.043   0.000   0.726   0.008   0.266
E D  1MR7A                198    0.673  96.997   0.000   0.351   0.005   0.644
E N  1MR7A                199    0.592  86.611   0.000   0.123   0.006   0.871
E S  1MR7A                200    0.616  72.243   0.000   0.195   0.023   0.782
E I  1MR7A                201    0.370  68.512   0.000   0.278   0.042   0.680
E I  1MR7A                202    0.355  65.747   0.000   0.302   0.105   0.593
E R  1MR7A                203    0.539 123.419   0.000   0.336   0.102   0.563
E E  1MR7A                204    0.604 105.472   0.000   0.335   0.104   0.561
E V  1MR7A                205    0.450  69.216   0.000   0.290   0.099   0.611
E I  1MR7A                206    0.482  89.106   0.000   0.211   0.108   0.681
E W  1MR7A                207    0.592 142.460   0.000   0.123   0.072   0.805
E K  1MR7A                208    0.725 149.033   0.000   0.067   0.034   0.899
E K  1MR7A                209    0.860 176.886   0.000   0.000   0.000   1.000
