# For publication of results, please cite:
# ...
# ... Michael Schantz Klausen, Martin Closter Jespersen, Henrik Nielsen, Kamilla Kjærgaard Jensen, 
# ... Vanessa Isabell Jurtz, Casper Kaae Sønderby, Morten Otto Alexander Sommer, Ole Winther, 
# ... Morten Nielsen, Bent Petersen, and Paolo Marcatili. 
# ... NetSurfP-2.0: Improved prediction of protein structural features by integrated deep learning.
# ... Proteins: Structure, Function, and Bioinformatics (Feb. 2019).
# ... https://doi.org/10.1002/prot.25674
# ...
#
# Column 1: Class assignment - B for buried or E for Exposed - Threshold: 25% exposure, but not based on RSA
# Column 2: Amino acid
# Column 3: Sequence name
# Column 4: Amino acid number
# Column 5: Relative Surface Accessibility - RSA
# Column 6: Absolute Surface Accessibility
# Column 7: Not used
# Column 8: Probability for Alpha-Helix
# Column 9: Probability for Beta-strand
# Column 10: Probability for Coil
E G  1SYHA                  1    0.940  73.976   0.000   0.000   0.000   1.000
E A  1SYHA                  2    0.811  89.382   0.000   0.007   0.001   0.992
E N  1SYHA                  3    0.830 121.485   0.000   0.011   0.009   0.981
E K  1SYHA                  4    0.554 113.972   0.000   0.005   0.109   0.886
E T  1SYHA                  5    0.399  55.333   0.000   0.001   0.757   0.242
B V  1SYHA                  6    0.036   5.480   0.000   0.000   0.968   0.032
B V  1SYHA                  7    0.135  20.802   0.000   0.000   0.994   0.006
B V  1SYHA                  8    0.005   0.710   0.000   0.000   0.998   0.002
B T  1SYHA                  9    0.005   0.684   0.000   0.000   0.994   0.006
B T  1SYHA                 10    0.006   0.850   0.000   0.000   0.947   0.053
B I  1SYHA                 11    0.043   7.934   0.000   0.001   0.468   0.531
B L  1SYHA                 12    0.135  24.682   0.000   0.004   0.076   0.920
B E  1SYHA                 13    0.117  20.357   0.000   0.005   0.130   0.865
B S  1SYHA                 14    0.055   6.451   0.000   0.007   0.016   0.977
B P  1SYHA                 15    0.044   6.196   0.000   0.028   0.006   0.966
B Y  1SYHA                 16    0.054  11.510   0.000   0.089   0.078   0.833
B V  1SYHA                 17    0.043   6.575   0.000   0.045   0.666   0.289
B M  1SYHA                 18    0.065  13.087   0.000   0.016   0.832   0.152
B M  1SYHA                 19    0.131  26.241   0.000   0.006   0.854   0.140
E K  1SYHA                 20    0.315  64.733   0.000   0.010   0.412   0.578
E K  1SYHA                 21    0.610 125.391   0.000   0.035   0.104   0.861
E N  1SYHA                 22    0.692 101.271   0.000   0.046   0.033   0.921
E H  1SYHA                 23    0.368  66.962   0.000   0.114   0.064   0.822
E E  1SYHA                 24    0.632 110.474   0.000   0.183   0.144   0.673
E M  1SYHA                 25    0.269  53.808   0.000   0.221   0.196   0.583
E L  1SYHA                 26    0.341  62.434   0.000   0.199   0.180   0.621
E E  1SYHA                 27    0.669 116.806   0.000   0.112   0.074   0.813
E G  1SYHA                 28    0.659  51.837   0.000   0.045   0.014   0.940
E N  1SYHA                 29    0.540  79.089   0.000   0.059   0.072   0.869
E E  1SYHA                 30    0.549  95.950   0.000   0.084   0.272   0.644
E R  1SYHA                 31    0.467 106.898   0.000   0.046   0.496   0.459
B Y  1SYHA                 32    0.150  31.984   0.000   0.004   0.740   0.257
E E  1SYHA                 33    0.377  65.883   0.000   0.001   0.841   0.158
B G  1SYHA                 34    0.067   5.250   0.000   0.024   0.119   0.857
B Y  1SYHA                 35    0.033   7.100   0.000   0.950   0.011   0.039
B C  1SYHA                 36    0.006   0.895   0.000   0.989   0.003   0.008
B V  1SYHA                 37    0.067  10.326   0.000   0.998   0.001   0.002
E D  1SYHA                 38    0.275  39.614   0.000   0.999   0.000   0.001
B L  1SYHA                 39    0.006   1.057   0.000   0.999   0.000   0.000
B A  1SYHA                 40    0.006   0.705   0.000   0.999   0.000   0.000
E A  1SYHA                 41    0.276  30.362   0.000   0.999   0.000   0.001
B E  1SYHA                 42    0.248  43.316   0.000   0.999   0.000   0.001
B I  1SYHA                 43    0.005   0.959   0.000   0.998   0.000   0.002
B A  1SYHA                 44    0.045   4.978   0.000   0.997   0.000   0.003
E K  1SYHA                 45    0.672 138.188   0.000   0.990   0.000   0.010
E H  1SYHA                 46    0.442  80.391   0.000   0.951   0.000   0.049
B C  1SYHA                 47    0.142  19.892   0.000   0.604   0.000   0.396
E G  1SYHA                 48    0.656  51.607   0.000   0.001   0.000   0.999
B F  1SYHA                 49    0.110  22.146   0.000   0.001   0.026   0.973
E K  1SYHA                 50    0.615 126.549   0.000   0.002   0.597   0.401
B Y  1SYHA                 51    0.146  31.240   0.000   0.000   0.901   0.099
E K  1SYHA                 52    0.530 109.031   0.000   0.000   0.987   0.013
B L  1SYHA                 53    0.222  40.579   0.000   0.000   0.988   0.012
E T  1SYHA                 54    0.331  45.929   0.000   0.000   0.984   0.015
E I  1SYHA                 55    0.317  58.556   0.000   0.000   0.973   0.026
B V  1SYHA                 56    0.115  17.706   0.000   0.010   0.390   0.600
E G  1SYHA                 57    0.476  37.422   0.000   0.044   0.082   0.873
E D  1SYHA                 58    0.625  90.001   0.000   0.043   0.049   0.908
E G  1SYHA                 59    0.371  29.160   0.000   0.052   0.029   0.920
E K  1SYHA                 60    0.537 110.380   0.000   0.060   0.121   0.819
B Y  1SYHA                 61    0.218  46.533   0.000   0.053   0.107   0.840
B G  1SYHA                 62    0.156  12.304   0.000   0.058   0.146   0.797
B A  1SYHA                 63    0.211  23.208   0.000   0.072   0.172   0.756
E R  1SYHA                 64    0.440 100.779   0.000   0.061   0.400   0.539
E D  1SYHA                 65    0.424  61.061   0.000   0.025   0.198   0.776
E A  1SYHA                 66    0.586  64.532   0.000   0.040   0.015   0.945
E D  1SYHA                 67    0.813 117.149   0.000   0.031   0.006   0.962
E T  1SYHA                 68    0.409  56.709   0.000   0.031   0.018   0.951
E K  1SYHA                 69    0.453  93.163   0.000   0.015   0.028   0.956
B I  1SYHA                 70    0.224  41.386   0.000   0.056   0.462   0.482
B W  1SYHA                 71    0.110  26.433   0.000   0.051   0.641   0.308
E N  1SYHA                 72    0.416  60.843   0.000   0.076   0.221   0.703
B G  1SYHA                 73    0.172  13.535   0.000   0.194   0.041   0.764
B M  1SYHA                 74    0.012   2.421   0.000   0.946   0.004   0.050
B V  1SYHA                 75    0.038   5.903   0.000   0.988   0.001   0.011
B G  1SYHA                 76    0.210  16.491   0.000   0.997   0.000   0.003
B E  1SYHA                 77    0.228  39.810   0.000   0.996   0.000   0.004
B L  1SYHA                 78    0.010   1.822   0.000   0.997   0.000   0.003
E V  1SYHA                 79    0.279  42.845   0.000   0.982   0.000   0.018
E Y  1SYHA                 80    0.618 132.156   0.000   0.266   0.000   0.734
E G  1SYHA                 81    0.488  38.422   0.000   0.001   0.000   0.999
E K  1SYHA                 82    0.676 139.017   0.000   0.000   0.000   1.000
B A  1SYHA                 83    0.020   2.239   0.000   0.000   0.001   0.999
E D  1SYHA                 84    0.286  41.269   0.000   0.000   0.000   1.000
B I  1SYHA                 85    0.014   2.587   0.000   0.000   0.981   0.019
B A  1SYHA                 86    0.002   0.250   0.000   0.000   0.996   0.004
B I  1SYHA                 87    0.005   0.945   0.000   0.000   0.941   0.059
B A  1SYHA                 88    0.006   0.668   0.000   0.000   0.475   0.525
B P  1SYHA                 89    0.020   2.824   0.000   0.000   0.367   0.633
B L  1SYHA                 90    0.030   5.564   0.000   0.003   0.266   0.732
B T  1SYHA                 91    0.093  12.875   0.000   0.004   0.411   0.585
B I  1SYHA                 92    0.158  29.291   0.000   0.011   0.154   0.836
B T  1SYHA                 93    0.141  19.488   0.000   0.012   0.046   0.942
E L  1SYHA                 94    0.530  97.051   0.000   0.796   0.003   0.201
E V  1SYHA                 95    0.418  64.224   0.000   0.745   0.001   0.254
B R  1SYHA                 96    0.105  24.037   0.000   0.832   0.003   0.164
E E  1SYHA                 97    0.467  81.661   0.000   0.773   0.007   0.219
E E  1SYHA                 98    0.752 131.358   0.000   0.578   0.004   0.418
B V  1SYHA                 99    0.221  34.038   0.000   0.377   0.018   0.605
B I  1SYHA                100    0.043   8.037   0.000   0.004   0.706   0.290
E D  1SYHA                101    0.275  39.607   0.000   0.001   0.905   0.094
B F  1SYHA                102    0.123  24.779   0.000   0.001   0.800   0.198
B S  1SYHA                103    0.082   9.587   0.000   0.001   0.229   0.769
E K  1SYHA                104    0.487 100.112   0.000   0.001   0.098   0.901
B P  1SYHA                105    0.180  25.569   0.000   0.000   0.066   0.933
B F  1SYHA                106    0.122  24.530   0.000   0.001   0.374   0.625
B M  1SYHA                107    0.065  13.013   0.000   0.000   0.969   0.031
B S  1SYHA                108    0.217  25.382   0.000   0.000   0.993   0.007
B L  1SYHA                109    0.048   8.878   0.000   0.000   0.973   0.027
B G  1SYHA                110    0.105   8.246   0.000   0.000   0.857   0.143
B I  1SYHA                111    0.056  10.305   0.000   0.000   0.926   0.074
B S  1SYHA                112    0.018   2.063   0.000   0.000   0.995   0.005
B I  1SYHA                113    0.009   1.716   0.000   0.000   0.999   0.001
B M  1SYHA                114    0.016   3.115   0.000   0.000   0.998   0.002
B I  1SYHA                115    0.021   3.933   0.000   0.000   0.993   0.007
E K  1SYHA                116    0.276  56.733   0.000   0.000   0.946   0.054
E K  1SYHA                117    0.585 120.364   0.000   0.002   0.005   0.993
E G  1SYHA                118    0.905  71.248   0.000   0.001   0.000   0.999
E T  1SYHA                119    0.250  34.700   0.000   0.000   0.003   0.997
E P  1SYHA                120    0.683  96.885   0.000   0.000   0.003   0.997
B I  1SYHA                121    0.079  14.632   0.000   0.001   0.013   0.986
E E  1SYHA                122    0.722 126.105   0.000   0.001   0.004   0.996
E S  1SYHA                123    0.298  34.978   0.000   0.003   0.041   0.956
B A  1SYHA                124    0.106  11.714   0.000   0.952   0.001   0.047
E E  1SYHA                125    0.653 114.098   0.000   0.964   0.000   0.036
E D  1SYHA                126    0.373  53.750   0.000   0.974   0.000   0.026
B L  1SYHA                127    0.017   3.138   0.000   0.910   0.000   0.090
E S  1SYHA                128    0.388  45.517   0.000   0.482   0.001   0.517
E K  1SYHA                129    0.758 156.012   0.000   0.318   0.001   0.681
E Q  1SYHA                130    0.406  72.445   0.000   0.084   0.006   0.910
E T  1SYHA                131    0.529  73.388   0.000   0.019   0.068   0.913
E E  1SYHA                132    0.607 106.095   0.000   0.006   0.206   0.788
B I  1SYHA                133    0.067  12.450   0.000   0.004   0.621   0.375
B A  1SYHA                134    0.167  18.448   0.000   0.001   0.905   0.094
B Y  1SYHA                135    0.085  18.108   0.000   0.000   0.964   0.036
B G  1SYHA                136    0.031   2.420   0.000   0.000   0.964   0.036
B T  1SYHA                137    0.044   6.147   0.000   0.000   0.897   0.103
B L  1SYHA                138    0.117  21.352   0.000   0.010   0.406   0.584
E D  1SYHA                139    0.444  63.993   0.000   0.042   0.035   0.923
E S  1SYHA                140    0.390  45.658   0.000   0.169   0.014   0.816
B G  1SYHA                141    0.186  14.600   0.000   0.302   0.016   0.682
B S  1SYHA                142    0.116  13.644   0.000   0.823   0.009   0.169
B T  1SYHA                143    0.019   2.647   0.000   0.982   0.000   0.018
E K  1SYHA                144    0.280  57.647   0.000   0.996   0.000   0.004
E E  1SYHA                145    0.410  71.580   0.000   0.997   0.000   0.003
B F  1SYHA                146    0.075  15.005   0.000   0.996   0.000   0.004
B F  1SYHA                147    0.043   8.587   0.000   0.980   0.001   0.019
E R  1SYHA                148    0.575 131.664   0.000   0.948   0.001   0.051
E R  1SYHA                149    0.614 140.501   0.000   0.840   0.000   0.160
B S  1SYHA                150    0.210  24.602   0.000   0.214   0.003   0.783
E K  1SYHA                151    0.723 148.807   0.000   0.033   0.007   0.960
B I  1SYHA                152    0.208  38.422   0.000   0.215   0.022   0.764
E A  1SYHA                153    0.554  61.076   0.000   0.627   0.023   0.350
B V  1SYHA                154    0.237  36.441   0.000   0.595   0.068   0.338
B F  1SYHA                155    0.072  14.467   0.000   0.869   0.017   0.113
E D  1SYHA                156    0.571  82.259   0.000   0.929   0.003   0.067
E K  1SYHA                157    0.546 112.412   0.000   0.955   0.003   0.042
B M  1SYHA                158    0.044   8.790   0.000   0.985   0.001   0.014
B W  1SYHA                159    0.086  20.738   0.000   0.988   0.001   0.011
E T  1SYHA                160    0.515  71.412   0.000   0.984   0.001   0.015
E Y  1SYHA                161    0.314  67.110   0.000   0.983   0.001   0.016
B M  1SYHA                162    0.044   8.819   0.000   0.966   0.001   0.033
E R  1SYHA                163    0.513 117.370   0.000   0.875   0.002   0.124
E S  1SYHA                164    0.726  85.087   0.000   0.609   0.002   0.389
E A  1SYHA                165    0.330  36.333   0.000   0.201   0.003   0.796
E E  1SYHA                166    0.725 126.706   0.000   0.002   0.002   0.996
E P  1SYHA                167    0.407  57.768   0.000   0.012   0.004   0.983
E S  1SYHA                168    0.505  59.168   0.000   0.022   0.206   0.772
B V  1SYHA                169    0.209  32.174   0.000   0.011   0.809   0.180
E F  1SYHA                170    0.380  76.258   0.000   0.000   0.961   0.038
B V  1SYHA                171    0.052   8.007   0.000   0.001   0.823   0.176
E R  1SYHA                172    0.615 140.940   0.000   0.000   0.017   0.982
E T  1SYHA                173    0.336  46.581   0.000   0.001   0.011   0.988
B T  1SYHA                174    0.129  17.861   0.000   0.991   0.000   0.009
E A  1SYHA                175    0.413  45.479   0.000   0.997   0.000   0.003
E E  1SYHA                176    0.472  82.536   0.000   0.993   0.000   0.007
B G  1SYHA                177    0.004   0.278   0.000   0.997   0.000   0.003
B V  1SYHA                178    0.023   3.473   0.000   0.998   0.000   0.002
E A  1SYHA                179    0.351  38.646   0.000   0.998   0.000   0.002
E R  1SYHA                180    0.303  69.443   0.000   0.994   0.000   0.006
B V  1SYHA                181    0.008   1.217   0.000   0.992   0.000   0.008
E R  1SYHA                182    0.362  82.979   0.000   0.944   0.000   0.056
E K  1SYHA                183    0.624 128.398   0.000   0.265   0.000   0.735
E S  1SYHA                184    0.388  45.532   0.000   0.057   0.000   0.943
E K  1SYHA                185    0.631 129.750   0.000   0.001   0.001   0.998
B G  1SYHA                186    0.150  11.805   0.000   0.001   0.021   0.979
E K  1SYHA                187    0.401  82.448   0.000   0.000   0.011   0.989
B Y  1SYHA                188    0.045   9.520   0.000   0.000   0.952   0.048
B A  1SYHA                189    0.002   0.267   0.000   0.000   0.998   0.002
B Y  1SYHA                190    0.008   1.799   0.000   0.000   0.997   0.003
B L  1SYHA                191    0.002   0.312   0.000   0.000   0.988   0.012
B L  1SYHA                192    0.038   7.044   0.000   0.000   0.981   0.019
B E  1SYHA                193    0.180  31.457   0.000   0.944   0.007   0.049
B S  1SYHA                194    0.152  17.764   0.000   0.989   0.000   0.011
B T  1SYHA                195    0.044   6.092   0.000   0.992   0.000   0.008
B M  1SYHA                196    0.008   1.576   0.000   0.994   0.000   0.006
B N  1SYHA                197    0.241  35.240   0.000   0.989   0.000   0.011
E E  1SYHA                198    0.318  55.516   0.000   0.993   0.000   0.007
B Y  1SYHA                199    0.089  18.990   0.000   0.993   0.000   0.007
B I  1SYHA                200    0.092  17.040   0.000   0.964   0.001   0.035
E E  1SYHA                201    0.609 106.411   0.000   0.858   0.001   0.141
E Q  1SYHA                202    0.626 111.884   0.000   0.602   0.000   0.397
E R  1SYHA                203    0.503 115.234   0.000   0.319   0.002   0.680
E K  1SYHA                204    0.584 120.223   0.000   0.007   0.002   0.991
E P  1SYHA                205    0.527  74.810   0.000   0.027   0.002   0.971
B C  1SYHA                206    0.201  28.237   0.000   0.049   0.154   0.797
E D  1SYHA                207    0.578  83.278   0.000   0.046   0.325   0.629
B T  1SYHA                208    0.215  29.840   0.000   0.002   0.828   0.170
E M  1SYHA                209    0.290  57.969   0.000   0.000   0.993   0.007
E K  1SYHA                210    0.468  96.327   0.000   0.000   0.991   0.009
B V  1SYHA                211    0.124  19.076   0.000   0.002   0.687   0.311
E G  1SYHA                212    0.427  33.583   0.000   0.005   0.458   0.538
E G  1SYHA                213    0.422  33.242   0.000   0.005   0.299   0.696
E N  1SYHA                214    0.533  78.076   0.000   0.005   0.360   0.635
B L  1SYHA                215    0.132  24.206   0.000   0.006   0.547   0.447
E D  1SYHA                216    0.326  46.997   0.000   0.010   0.663   0.327
E S  1SYHA                217    0.390  45.676   0.000   0.015   0.510   0.475
E K  1SYHA                218    0.423  86.954   0.000   0.009   0.446   0.545
B G  1SYHA                219    0.124   9.727   0.000   0.004   0.392   0.604
B Y  1SYHA                220    0.062  13.277   0.000   0.000   0.907   0.092
B G  1SYHA                221    0.012   0.972   0.000   0.000   0.990   0.010
B I  1SYHA                222    0.016   3.011   0.000   0.000   0.992   0.007
B A  1SYHA                223    0.020   2.257   0.000   0.000   0.995   0.005
B T  1SYHA                224    0.015   2.101   0.000   0.000   0.974   0.026
B P  1SYHA                225    0.146  20.768   0.000   0.000   0.945   0.055
E K  1SYHA                226    0.611 125.587   0.000   0.002   0.002   0.996
E G  1SYHA                227    0.921  72.457   0.000   0.002   0.000   0.998
B S  1SYHA                228    0.146  17.101   0.000   0.004   0.002   0.994
E S  1SYHA                229    0.730  85.537   0.000   0.458   0.001   0.541
B L  1SYHA                230    0.082  14.960   0.000   0.727   0.001   0.272
B G  1SYHA                231    0.057   4.462   0.000   0.995   0.000   0.005
E N  1SYHA                232    0.634  92.857   0.000   0.996   0.000   0.004
B A  1SYHA                233    0.195  21.481   0.000   0.998   0.000   0.001
B V  1SYHA                234    0.009   1.340   0.000   0.999   0.000   0.001
B N  1SYHA                235    0.187  27.440   0.000   1.000   0.000   0.000
E L  1SYHA                236    0.436  79.771   0.000   0.999   0.000   0.001
B A  1SYHA                237    0.033   3.600   0.000   1.000   0.000   0.000
B V  1SYHA                238    0.029   4.533   0.000   0.999   0.000   0.001
E L  1SYHA                239    0.344  62.963   0.000   0.998   0.000   0.002
E K  1SYHA                240    0.450  92.511   0.000   0.992   0.000   0.008
B L  1SYHA                241    0.039   7.220   0.000   0.992   0.000   0.008
E N  1SYHA                242    0.408  59.738   0.000   0.986   0.000   0.014
E E  1SYHA                243    0.803 140.341   0.000   0.969   0.000   0.031
E Q  1SYHA                244    0.578 103.178   0.000   0.320   0.000   0.680
E G  1SYHA                245    0.441  34.727   0.000   0.011   0.000   0.989
B L  1SYHA                246    0.198  36.249   0.000   0.746   0.001   0.253
B L  1SYHA                247    0.044   8.068   0.000   0.985   0.000   0.014
E D  1SYHA                248    0.550  79.203   0.000   0.998   0.000   0.002
E K  1SYHA                249    0.522 107.373   0.000   0.998   0.000   0.002
B L  1SYHA                250    0.026   4.671   0.000   0.997   0.000   0.003
B K  1SYHA                251    0.224  46.171   0.000   0.994   0.000   0.005
E N  1SYHA                252    0.600  87.913   0.000   0.978   0.000   0.022
E K  1SYHA                253    0.478  98.280   0.000   0.953   0.001   0.046
B W  1SYHA                254    0.133  32.069   0.000   0.891   0.003   0.105
B W  1SYHA                255    0.129  31.137   0.000   0.409   0.077   0.514
E Y  1SYHA                256    0.399  85.189   0.000   0.240   0.043   0.717
E D  1SYHA                257    0.702 101.086   0.000   0.156   0.030   0.814
E K  1SYHA                258    0.615 126.545   0.000   0.195   0.011   0.794
E G  1SYHA                259    0.578  45.486   0.000   0.093   0.006   0.902
E E  1SYHA                260    0.639 111.665   0.000   0.129   0.032   0.838
E C  1SYHA                261    0.354  49.745   0.000   0.067   0.015   0.918
E G  1SYHA                262    0.722  56.826   0.000   0.025   0.009   0.966
E S  1SYHA                263    0.914 107.067   0.000   0.000   0.000   0.999
