# For publication of results, please cite:
# ...
# ... Michael Schantz Klausen, Martin Closter Jespersen, Henrik Nielsen, Kamilla Kjærgaard Jensen, 
# ... Vanessa Isabell Jurtz, Casper Kaae Sønderby, Morten Otto Alexander Sommer, Ole Winther, 
# ... Morten Nielsen, Bent Petersen, and Paolo Marcatili. 
# ... NetSurfP-2.0: Improved prediction of protein structural features by integrated deep learning.
# ... Proteins: Structure, Function, and Bioinformatics (Feb. 2019).
# ... https://doi.org/10.1002/prot.25674
# ...
#
# Column 1: Class assignment - B for buried or E for Exposed - Threshold: 25% exposure, but not based on RSA
# Column 2: Amino acid
# Column 3: Sequence name
# Column 4: Amino acid number
# Column 5: Relative Surface Accessibility - RSA
# Column 6: Absolute Surface Accessibility
# Column 7: Not used
# Column 8: Probability for Alpha-Helix
# Column 9: Probability for Beta-strand
# Column 10: Probability for Coil
E S  4F0DA                  1    0.903 105.813   0.000   0.001   0.000   0.999
E M  4F0DA                  2    0.407  81.537   0.000   0.135   0.015   0.851
E G  4F0DA                  3    0.328  25.846   0.000   0.234   0.004   0.762
E W  4F0DA                  4    0.262  63.081   0.000   0.864   0.002   0.134
E A  4F0DA                  5    0.505  55.613   0.000   0.940   0.000   0.059
E A  4F0DA                  6    0.332  36.628   0.000   0.974   0.001   0.025
B A  4F0DA                  7    0.028   3.108   0.000   0.989   0.000   0.011
E R  4F0DA                  8    0.352  80.624   0.000   0.990   0.000   0.010
E E  4F0DA                  9    0.650 113.486   0.000   0.989   0.000   0.011
B A  4F0DA                 10    0.143  15.743   0.000   0.985   0.000   0.015
B A  4F0DA                 11    0.029   3.200   0.000   0.964   0.000   0.036
E G  4F0DA                 12    0.413  32.489   0.000   0.773   0.000   0.227
E R  4F0DA                 13    0.703 161.002   0.000   0.566   0.000   0.434
E D  4F0DA                 14    0.298  42.889   0.000   0.010   0.001   0.989
B M  4F0DA                 15    0.249  49.849   0.000   0.963   0.001   0.036
B L  4F0DA                 16    0.240  43.939   0.000   0.989   0.000   0.011
B A  4F0DA                 17    0.055   6.082   0.000   0.995   0.000   0.005
B A  4F0DA                 18    0.030   3.274   0.000   0.998   0.000   0.002
B D  4F0DA                 19    0.135  19.439   0.000   0.998   0.000   0.002
B L  4F0DA                 20    0.085  15.502   0.000   0.999   0.000   0.001
B R  4F0DA                 21    0.125  28.516   0.000   0.999   0.000   0.001
B C  4F0DA                 22    0.030   4.176   0.000   0.999   0.000   0.001
B S  4F0DA                 23    0.136  15.988   0.000   0.998   0.000   0.002
B L  4F0DA                 24    0.079  14.392   0.000   0.996   0.000   0.004
B F  4F0DA                 25    0.041   8.258   0.000   0.994   0.000   0.005
B A  4F0DA                 26    0.088   9.677   0.000   0.996   0.000   0.003
B S  4F0DA                 27    0.214  25.103   0.000   0.983   0.000   0.017
B A  4F0DA                 28    0.057   6.298   0.000   0.973   0.000   0.026
B L  4F0DA                 29    0.068  12.398   0.000   0.851   0.002   0.147
E Q  4F0DA                 30    0.423  75.583   0.000   0.481   0.003   0.516
B S  4F0DA                 31    0.189  22.102   0.000   0.141   0.014   0.845
E Y  4F0DA                 32    0.535 114.236   0.000   0.567   0.008   0.425
E K  4F0DA                 33    0.478  98.239   0.000   0.559   0.008   0.433
E R  4F0DA                 34    0.382  87.514   0.000   0.459   0.012   0.529
E D  4F0DA                 35    0.596  85.885   0.000   0.285   0.009   0.706
E S  4F0DA                 36    0.304  35.612   0.000   0.252   0.131   0.617
B V  4F0DA                 37    0.145  22.297   0.000   0.151   0.326   0.523
B L  4F0DA                 38    0.101  18.483   0.000   0.071   0.503   0.426
E R  4F0DA                 39    0.430  98.549   0.000   0.006   0.301   0.693
B P  4F0DA                 40    0.168  23.895   0.000   0.003   0.155   0.842
B F  4F0DA                 41    0.098  19.647   0.000   0.002   0.041   0.957
B P  4F0DA                 42    0.150  21.274   0.000   0.014   0.011   0.975
E A  4F0DA                 43    0.480  52.911   0.000   0.893   0.001   0.106
E S  4F0DA                 44    0.461  54.029   0.000   0.897   0.003   0.100
B Y  4F0DA                 45    0.171  36.444   0.000   0.867   0.008   0.125
E A  4F0DA                 46    0.253  27.910   0.000   0.347   0.087   0.566
E R  4F0DA                 47    0.715 163.703   0.000   0.116   0.040   0.844
E G  4F0DA                 48    0.724  57.015   0.000   0.032   0.003   0.965
E D  4F0DA                 49    0.680  98.036   0.000   0.036   0.021   0.943
E C  4F0DA                 50    0.358  50.325   0.000   0.059   0.093   0.848
E K  4F0DA                 51    0.432  88.887   0.000   0.056   0.057   0.887
E D  4F0DA                 52    0.541  77.905   0.000   0.030   0.007   0.963
B F  4F0DA                 53    0.236  47.306   0.000   0.915   0.000   0.085
E E  4F0DA                 54    0.762 133.052   0.000   0.988   0.000   0.012
E A  4F0DA                 55    0.330  36.379   0.000   0.995   0.000   0.005
B L  4F0DA                 56    0.030   5.577   0.000   0.995   0.000   0.005
E L  4F0DA                 57    0.251  45.895   0.000   0.994   0.000   0.006
E A  4F0DA                 58    0.495  54.515   0.000   0.982   0.000   0.018
B D  4F0DA                 59    0.223  32.063   0.000   0.971   0.000   0.029
B A  4F0DA                 60    0.035   3.909   0.000   0.962   0.000   0.038
E S  4F0DA                 61    0.605  70.869   0.000   0.663   0.000   0.337
E K  4F0DA                 62    0.635 130.575   0.000   0.262   0.000   0.737
B L  4F0DA                 63    0.086  15.777   0.000   0.003   0.001   0.995
E P  4F0DA                 64    0.260  36.829   0.000   0.009   0.003   0.989
E N  4F0DA                 65    0.385  56.335   0.000   0.008   0.326   0.665
B L  4F0DA                 66    0.054   9.934   0.000   0.938   0.000   0.062
E K  4F0DA                 67    0.513 105.433   0.000   0.989   0.000   0.011
E E  4F0DA                 68    0.510  89.020   0.000   0.987   0.000   0.012
B L  4F0DA                 69    0.056  10.240   0.000   0.977   0.000   0.023
B L  4F0DA                 70    0.208  38.076   0.000   0.890   0.001   0.109
E Q  4F0DA                 71    0.758 135.353   0.000   0.705   0.001   0.294
E S  4F0DA                 72    0.410  48.015   0.000   0.388   0.002   0.611
E S  4F0DA                 73    0.426  49.955   0.000   0.236   0.004   0.760
E G  4F0DA                 74    0.527  41.477   0.000   0.116   0.002   0.882
E D  4F0DA                 75    0.703 101.276   0.000   0.196   0.002   0.802
E N  4F0DA                 76    0.642  94.030   0.000   0.218   0.006   0.776
E H  4F0DA                 77    0.330  59.983   0.000   0.346   0.007   0.646
E K  4F0DA                 78    0.563 115.763   0.000   0.862   0.002   0.137
E R  4F0DA                 79    0.413  94.611   0.000   0.895   0.002   0.103
B A  4F0DA                 80    0.018   1.946   0.000   0.981   0.000   0.019
B W  4F0DA                 81    0.157  37.789   0.000   0.992   0.001   0.007
E D  4F0DA                 82    0.377  54.312   0.000   0.995   0.000   0.004
B L  4F0DA                 83    0.019   3.435   0.000   0.999   0.000   0.001
B V  4F0DA                 84    0.009   1.387   0.000   0.999   0.000   0.001
B S  4F0DA                 85    0.197  23.124   0.000   0.998   0.000   0.002
B W  4F0DA                 86    0.118  28.275   0.000   0.999   0.000   0.001
B I  4F0DA                 87    0.007   1.272   0.000   0.999   0.000   0.001
B L  4F0DA                 88    0.048   8.723   0.000   0.980   0.001   0.019
E S  4F0DA                 89    0.328  38.497   0.000   0.818   0.001   0.181
B S  4F0DA                 90    0.173  20.290   0.000   0.300   0.002   0.698
E K  4F0DA                 91    0.473  97.203   0.000   0.009   0.010   0.981
E V  4F0DA                 92    0.333  51.231   0.000   0.004   0.234   0.763
B L  4F0DA                 93    0.099  18.046   0.000   0.002   0.539   0.459
E T  4F0DA                 94    0.270  37.399   0.000   0.001   0.945   0.054
B I  4F0DA                 95    0.135  24.927   0.000   0.001   0.968   0.031
E H  4F0DA                 96    0.341  62.067   0.000   0.000   0.989   0.011
E S  4F0DA                 97    0.494  57.842   0.000   0.002   0.931   0.067
B A  4F0DA                 98    0.099  10.905   0.000   0.008   0.050   0.942
E G  4F0DA                 99    0.373  29.389   0.000   0.019   0.012   0.969
E K  4F0DA                100    0.692 142.298   0.000   0.951   0.000   0.049
E A  4F0DA                101    0.633  69.739   0.000   0.974   0.000   0.026
E E  4F0DA                102    0.258  44.997   0.000   0.985   0.000   0.015
B F  4F0DA                103    0.101  20.230   0.000   0.991   0.000   0.009
E E  4F0DA                104    0.588 102.685   0.000   0.993   0.000   0.007
E K  4F0DA                105    0.454  93.358   0.000   0.991   0.000   0.009
B I  4F0DA                106    0.019   3.589   0.000   0.991   0.000   0.009
E Q  4F0DA                107    0.376  67.194   0.000   0.981   0.000   0.019
E K  4F0DA                108    0.727 149.573   0.000   0.920   0.000   0.079
E L  4F0DA                109    0.292  53.421   0.000   0.847   0.000   0.153
B T  4F0DA                110    0.186  25.734   0.000   0.612   0.007   0.381
E G  4F0DA                111    0.632  49.733   0.000   0.017   0.003   0.981
B A  4F0DA                112    0.218  23.985   0.000   0.002   0.005   0.992
E P  4F0DA                113    0.626  88.837   0.000   0.004   0.004   0.992
E H  4F0DA                114    0.622 113.060   0.000   0.004   0.017   0.979
E T  4F0DA                115    0.417  57.879   0.000   0.002   0.016   0.982
E P  4F0DA                116    0.595  84.400   0.000   0.000   0.009   0.990
E V  4F0DA                117    0.467  71.822   0.000   0.001   0.038   0.962
E P  4F0DA                118    0.319  45.263   0.000   0.001   0.023   0.976
E A  4F0DA                119    0.491  54.082   0.000   0.002   0.105   0.893
B P  4F0DA                120    0.214  30.378   0.000   0.021   0.117   0.862
E D  4F0DA                121    0.551  79.466   0.000   0.025   0.259   0.716
E F  4F0DA                122    0.267  53.635   0.000   0.021   0.815   0.164
B L  4F0DA                123    0.104  19.104   0.000   0.005   0.852   0.143
B F  4F0DA                124    0.059  11.793   0.000   0.001   0.980   0.020
E E  4F0DA                125    0.343  60.001   0.000   0.001   0.984   0.015
B I  4F0DA                126    0.056  10.361   0.000   0.001   0.950   0.050
E E  4F0DA                127    0.437  76.368   0.000   0.003   0.818   0.179
E Y  4F0DA                128    0.408  87.272   0.000   0.002   0.611   0.387
E F  4F0DA                129    0.399  80.131   0.000   0.003   0.080   0.916
E D  4F0DA                130    0.478  68.908   0.000   0.015   0.022   0.963
E P  4F0DA                131    0.712 101.068   0.000   0.676   0.001   0.323
E A  4F0DA                132    0.619  68.219   0.000   0.667   0.001   0.332
E N  4F0DA                133    0.312  45.651   0.000   0.470   0.003   0.527
E A  4F0DA                134    0.363  39.975   0.000   0.541   0.005   0.455
E K  4F0DA                135    0.522 107.334   0.000   0.598   0.065   0.337
B F  4F0DA                136    0.095  19.110   0.000   0.670   0.068   0.262
E Y  4F0DA                137    0.435  92.906   0.000   0.671   0.075   0.253
E E  4F0DA                138    0.707 123.494   0.000   0.655   0.060   0.285
E T  4F0DA                139    0.257  35.671   0.000   0.432   0.038   0.530
E K  4F0DA                140    0.491 100.978   0.000   0.285   0.032   0.683
E G  4F0DA                141    0.639  50.290   0.000   0.183   0.008   0.809
E E  4F0DA                142    0.685 119.664   0.000   0.176   0.016   0.807
E R  4F0DA                143    0.471 107.962   0.000   0.070   0.049   0.881
E D  4F0DA                144    0.477  68.772   0.000   0.036   0.091   0.873
B L  4F0DA                145    0.160  29.234   0.000   0.008   0.769   0.222
B I  4F0DA                146    0.087  16.166   0.000   0.001   0.972   0.027
B Y  4F0DA                147    0.083  17.797   0.000   0.001   0.992   0.008
B A  4F0DA                148    0.007   0.814   0.000   0.000   0.991   0.008
B F  4F0DA                149    0.029   5.818   0.000   0.000   0.986   0.014
B H  4F0DA                150    0.042   7.689   0.000   0.001   0.860   0.139
B G  4F0DA                151    0.074   5.797   0.000   0.002   0.472   0.526
B S  4F0DA                152    0.074   8.646   0.000   0.000   0.445   0.555
E R  4F0DA                153    0.340  77.875   0.000   0.003   0.135   0.862
B L  4F0DA                154    0.180  32.922   0.000   0.798   0.003   0.200
E E  4F0DA                155    0.462  80.679   0.000   0.921   0.001   0.077
B N  4F0DA                156    0.088  12.846   0.000   0.958   0.004   0.038
B F  4F0DA                157    0.012   2.381   0.000   0.987   0.002   0.011
B H  4F0DA                158    0.111  20.235   0.000   0.994   0.001   0.005
B S  4F0DA                159    0.114  13.335   0.000   0.997   0.000   0.003
B I  4F0DA                160    0.023   4.243   0.000   0.998   0.000   0.002
B I  4F0DA                161    0.010   1.774   0.000   0.995   0.001   0.004
E H  4F0DA                162    0.345  62.808   0.000   0.942   0.002   0.055
E N  4F0DA                163    0.398  58.323   0.000   0.663   0.003   0.334
B G  4F0DA                164    0.104   8.178   0.000   0.217   0.027   0.756
B L  4F0DA                165    0.054   9.935   0.000   0.043   0.237   0.721
E H  4F0DA                166    0.413  75.039   0.000   0.020   0.267   0.714
B C  4F0DA                167    0.124  17.370   0.000   0.030   0.236   0.735
E H  4F0DA                168    0.449  81.751   0.000   0.035   0.205   0.760
E L  4F0DA                169    0.357  65.276   0.000   0.066   0.258   0.676
E N  4F0DA                170    0.458  67.047   0.000   0.052   0.185   0.763
E K  4F0DA                171    0.550 113.065   0.000   0.099   0.170   0.731
E T  4F0DA                172    0.430  59.669   0.000   0.112   0.071   0.817
E S  4F0DA                173    0.392  45.991   0.000   0.122   0.079   0.798
E L  4F0DA                174    0.276  50.482   0.000   0.108   0.072   0.820
B F  4F0DA                175    0.177  35.424   0.000   0.144   0.096   0.760
B G  4F0DA                176    0.164  12.868   0.000   0.010   0.209   0.781
E E  4F0DA                177    0.427  74.606   0.000   0.010   0.148   0.841
B G  4F0DA                178    0.040   3.116   0.000   0.008   0.479   0.513
B T  4F0DA                179    0.033   4.599   0.000   0.000   0.977   0.023
B Y  4F0DA                180    0.058  12.400   0.000   0.000   0.998   0.002
B L  4F0DA                181    0.032   5.948   0.000   0.000   0.995   0.005
B T  4F0DA                182    0.026   3.652   0.000   0.002   0.863   0.134
E S  4F0DA                183    0.315  36.877   0.000   0.006   0.023   0.971
E D  4F0DA                184    0.266  38.267   0.000   0.014   0.027   0.959
B L  4F0DA                185    0.083  15.166   0.000   0.932   0.002   0.066
E S  4F0DA                186    0.284  33.278   0.000   0.978   0.000   0.022
B L  4F0DA                187    0.169  30.990   0.000   0.986   0.001   0.014
B A  4F0DA                188    0.009   0.969   0.000   0.975   0.001   0.024
B L  4F0DA                189    0.145  26.596   0.000   0.925   0.002   0.073
E I  4F0DA                190    0.416  76.872   0.000   0.729   0.002   0.269
B Y  4F0DA                191    0.166  35.458   0.000   0.488   0.004   0.508
B S  4F0DA                192    0.039   4.529   0.000   0.007   0.038   0.955
E P  4F0DA                193    0.309  43.870   0.000   0.041   0.030   0.929
E H  4F0DA                194    0.450  81.788   0.000   0.061   0.053   0.886
E G  4F0DA                195    0.334  26.259   0.000   0.130   0.040   0.830
E H  4F0DA                196    0.534  97.141   0.000   0.202   0.044   0.754
E G  4F0DA                197    0.364  28.669   0.000   0.285   0.015   0.700
B W  4F0DA                198    0.222  53.305   0.000   0.395   0.040   0.565
E Q  4F0DA                199    0.648 115.719   0.000   0.290   0.012   0.698
E H  4F0DA                200    0.636 115.707   0.000   0.203   0.025   0.772
B S  4F0DA                201    0.069   8.116   0.000   0.053   0.060   0.887
E L  4F0DA                202    0.372  68.047   0.000   0.193   0.033   0.774
B L  4F0DA                203    0.148  27.087   0.000   0.184   0.025   0.790
B G  4F0DA                204    0.155  12.238   0.000   0.317   0.080   0.603
E P  4F0DA                205    0.256  36.369   0.000   0.358   0.032   0.610
B I  4F0DA                206    0.114  21.101   0.000   0.286   0.133   0.581
B L  4F0DA                207    0.054   9.809   0.000   0.055   0.596   0.349
B S  4F0DA                208    0.053   6.192   0.000   0.018   0.759   0.223
B C  4F0DA                209    0.019   2.701   0.000   0.002   0.981   0.017
B V  4F0DA                210    0.010   1.506   0.000   0.001   0.995   0.005
B A  4F0DA                211    0.004   0.401   0.000   0.000   0.999   0.001
B V  4F0DA                212    0.013   2.001   0.000   0.000   0.998   0.002
B C  4F0DA                213    0.013   1.872   0.000   0.001   0.976   0.023
E E  4F0DA                214    0.312  54.578   0.000   0.000   0.980   0.019
B V  4F0DA                215    0.063   9.748   0.000   0.002   0.917   0.081
B I  4F0DA                216    0.246  45.514   0.000   0.005   0.674   0.321
E D  4F0DA                217    0.614  88.518   0.000   0.008   0.375   0.617
E H  4F0DA                218    0.290  52.672   0.000   0.002   0.182   0.815
E P  4F0DA                219    0.488  69.288   0.000   0.034   0.040   0.926
E D  4F0DA                220    0.614  88.407   0.000   0.052   0.187   0.760
B V  4F0DA                221    0.179  27.470   0.000   0.056   0.528   0.416
E K  4F0DA                222    0.475  97.629   0.000   0.018   0.717   0.265
B C  4F0DA                223    0.179  25.104   0.000   0.017   0.688   0.295
E Q  4F0DA                224    0.470  83.943   0.000   0.018   0.549   0.433
E T  4F0DA                225    0.372  51.600   0.000   0.029   0.262   0.708
E K  4F0DA                226    0.627 129.072   0.000   0.040   0.087   0.873
E K  4F0DA                227    0.603 124.059   0.000   0.063   0.034   0.903
E K  4F0DA                228    0.614 126.391   0.000   0.073   0.027   0.900
E D  4F0DA                229    0.603  86.955   0.000   0.060   0.041   0.900
E S  4F0DA                230    0.413  48.367   0.000   0.139   0.053   0.807
E K  4F0DA                231    0.650 133.648   0.000   0.108   0.069   0.822
E E  4F0DA                232    0.631 110.208   0.000   0.101   0.143   0.755
E I  4F0DA                233    0.286  52.882   0.000   0.041   0.157   0.801
E D  4F0DA                234    0.464  66.815   0.000   0.056   0.074   0.870
E R  4F0DA                235    0.626 143.267   0.000   0.336   0.014   0.649
E R  4F0DA                236    0.618 141.499   0.000   0.318   0.027   0.656
E R  4F0DA                237    0.394  90.269   0.000   0.295   0.070   0.635
B A  4F0DA                238    0.179  19.761   0.000   0.160   0.148   0.692
E R  4F0DA                239    0.300  68.674   0.000   0.066   0.508   0.426
B I  4F0DA                240    0.156  28.937   0.000   0.043   0.719   0.238
E K  4F0DA                241    0.437  89.965   0.000   0.053   0.636   0.312
E H  4F0DA                242    0.357  64.932   0.000   0.029   0.413   0.558
E S  4F0DA                243    0.377  44.183   0.000   0.027   0.201   0.772
E E  4F0DA                244    0.759 132.543   0.000   0.024   0.077   0.899
E G  4F0DA                245    0.680  53.478   0.000   0.033   0.035   0.932
E G  4F0DA                246    0.456  35.902   0.000   0.042   0.066   0.892
E D  4F0DA                247    0.706 101.736   0.000   0.014   0.108   0.877
B I  4F0DA                248    0.211  38.996   0.000   0.001   0.135   0.863
E P  4F0DA                249    0.380  53.859   0.000   0.001   0.009   0.990
E P  4F0DA                250    0.270  38.287   0.000   0.007   0.037   0.955
E K  4F0DA                251    0.362  74.465   0.000   0.011   0.175   0.814
B Y  4F0DA                252    0.112  23.831   0.000   0.002   0.882   0.117
B F  4F0DA                253    0.064  12.773   0.000   0.001   0.984   0.016
B V  4F0DA                254    0.025   3.916   0.000   0.000   0.991   0.009
B V  4F0DA                255    0.017   2.566   0.000   0.000   0.915   0.084
B T  4F0DA                256    0.236  32.778   0.000   0.002   0.152   0.845
E N  4F0DA                257    0.286  41.798   0.000   0.008   0.163   0.829
E N  4F0DA                258    0.399  58.345   0.000   0.699   0.005   0.296
E Q  4F0DA                259    0.484  86.466   0.000   0.758   0.004   0.237
B L  4F0DA                260    0.071  12.992   0.000   0.785   0.044   0.171
B L  4F0DA                261    0.038   6.938   0.000   0.029   0.884   0.087
B R  4F0DA                262    0.220  50.359   0.000   0.006   0.943   0.052
B V  4F0DA                263    0.049   7.529   0.000   0.001   0.982   0.017
B K  4F0DA                264    0.245  50.450   0.000   0.004   0.947   0.049
B Y  4F0DA                265    0.055  11.774   0.000   0.001   0.995   0.004
B L  4F0DA                266    0.033   5.977   0.000   0.001   0.997   0.002
B L  4F0DA                267    0.016   2.952   0.000   0.000   0.999   0.001
B V  4F0DA                268    0.078  12.021   0.000   0.000   0.997   0.003
B Y  4F0DA                269    0.107  22.934   0.000   0.001   0.970   0.029
E S  4F0DA                270    0.286  33.465   0.000   0.003   0.705   0.291
E Q  4F0DA                271    0.511  91.348   0.000   0.003   0.201   0.796
E K  4F0DA                272    0.720 148.030   0.000   0.000   0.011   0.989
E P  4F0DA                273    0.736 104.467   0.000   0.000   0.000   0.999
E P  4F0DA                274    0.814 115.526   0.000   0.001   0.001   0.998
E K  4F0DA                275    0.865 178.025   0.000   0.002   0.001   0.997
E R  4F0DA                276    0.863 197.630   0.000   0.002   0.001   0.997
E A  4F0DA                277    0.962 106.054   0.000   0.000   0.000   1.000
