# For publication of results, please cite:
# ...
# ... Michael Schantz Klausen, Martin Closter Jespersen, Henrik Nielsen, Kamilla Kjærgaard Jensen, 
# ... Vanessa Isabell Jurtz, Casper Kaae Sønderby, Morten Otto Alexander Sommer, Ole Winther, 
# ... Morten Nielsen, Bent Petersen, and Paolo Marcatili. 
# ... NetSurfP-2.0: Improved prediction of protein structural features by integrated deep learning.
# ... Proteins: Structure, Function, and Bioinformatics (Feb. 2019).
# ... https://doi.org/10.1002/prot.25674
# ...
#
# Column 1: Class assignment - B for buried or E for Exposed - Threshold: 25% exposure, but not based on RSA
# Column 2: Amino acid
# Column 3: Sequence name
# Column 4: Amino acid number
# Column 5: Relative Surface Accessibility - RSA
# Column 6: Absolute Surface Accessibility
# Column 7: Not used
# Column 8: Probability for Alpha-Helix
# Column 9: Probability for Beta-strand
# Column 10: Probability for Coil
E D  3VX6A                  1    0.921 132.660   0.000   0.001   0.001   0.998
E L  3VX6A                  2    0.419  76.688   0.000   0.004   0.047   0.949
E K  3VX6A                  3    0.653 134.415   0.000   0.003   0.207   0.791
E F  3VX6A                  4    0.427  85.718   0.000   0.004   0.293   0.703
E A  3VX6A                  5    0.349  38.470   0.000   0.002   0.133   0.865
E P  3VX6A                  6    0.519  73.622   0.000   0.018   0.024   0.958
E S  3VX6A                  7    0.613  71.833   0.000   0.021   0.031   0.948
B F  3VX6A                  8    0.230  46.158   0.000   0.034   0.185   0.781
E Q  3VX6A                  9    0.569 101.594   0.000   0.023   0.467   0.509
B S  3VX6A                 10    0.168  19.670   0.000   0.015   0.532   0.453
E F  3VX6A                 11    0.353  70.895   0.000   0.018   0.537   0.445
B V  3VX6A                 12    0.146  22.469   0.000   0.019   0.447   0.534
E D  3VX6A                 13    0.361  51.974   0.000   0.020   0.148   0.832
E S  3VX6A                 14    0.285  33.374   0.000   0.547   0.019   0.434
E S  3VX6A                 15    0.385  45.124   0.000   0.833   0.004   0.163
B F  3VX6A                 16    0.108  21.725   0.000   0.978   0.001   0.021
B F  3VX6A                 17    0.074  14.763   0.000   0.989   0.001   0.011
E H  3VX6A                 18    0.371  67.401   0.000   0.994   0.000   0.006
E E  3VX6A                 19    0.407  71.139   0.000   0.997   0.000   0.003
B L  3VX6A                 20    0.055  10.011   0.000   0.995   0.000   0.005
B S  3VX6A                 21    0.075   8.774   0.000   0.992   0.000   0.008
E R  3VX6A                 22    0.507 116.000   0.000   0.986   0.000   0.014
B L  3VX6A                 23    0.225  41.215   0.000   0.981   0.000   0.019
B K  3VX6A                 24    0.120  24.773   0.000   0.971   0.001   0.028
B L  3VX6A                 25    0.116  21.329   0.000   0.908   0.004   0.088
E D  3VX6A                 26    0.593  85.431   0.000   0.911   0.003   0.086
E I  3VX6A                 27    0.344  63.594   0.000   0.835   0.012   0.154
B F  3VX6A                 28    0.166  33.250   0.000   0.568   0.015   0.417
E K  3VX6A                 29    0.480  98.742   0.000   0.089   0.056   0.855
B L  3VX6A                 30    0.208  38.072   0.000   0.076   0.059   0.865
E D  3VX6A                 31    0.552  79.600   0.000   0.038   0.043   0.919
E S  3VX6A                 32    0.625  73.229   0.000   0.029   0.032   0.939
E D  3VX6A                 33    0.727 104.738   0.000   0.024   0.066   0.909
E E  3VX6A                 34    0.542  94.635   0.000   0.027   0.230   0.743
E K  3VX6A                 35    0.285  58.636   0.000   0.005   0.872   0.123
E A  3VX6A                 36    0.300  33.051   0.000   0.002   0.897   0.102
B L  3VX6A                 37    0.048   8.741   0.000   0.005   0.833   0.162
E Y  3VX6A                 38    0.293  62.700   0.000   0.001   0.971   0.028
B T  3VX6A                 39    0.065   9.049   0.000   0.000   0.979   0.021
E Q  3VX6A                 40    0.285  50.832   0.000   0.001   0.961   0.038
B L  3VX6A                 41    0.052   9.492   0.000   0.000   0.958   0.042
E D  3VX6A                 42    0.310  44.700   0.000   0.001   0.771   0.228
B L  3VX6A                 43    0.128  23.384   0.000   0.163   0.125   0.712
E N  3VX6A                 44    0.537  78.549   0.000   0.269   0.066   0.665
E Q  3VX6A                 45    0.593 105.980   0.000   0.317   0.093   0.590
E F  3VX6A                 46    0.314  62.925   0.000   0.157   0.091   0.752
E T  3VX6A                 47    0.607  84.151   0.000   0.068   0.067   0.865
E S  3VX6A                 48    0.613  71.851   0.000   0.082   0.040   0.877
E N  3VX6A                 49    0.605  88.555   0.000   0.052   0.064   0.884
E V  3VX6A                 50    0.271  41.626   0.000   0.033   0.328   0.639
B L  3VX6A                 51    0.134  24.538   0.000   0.021   0.534   0.445
B A  3VX6A                 52    0.218  24.039   0.000   0.006   0.830   0.164
B I  3VX6A                 53    0.052   9.653   0.000   0.001   0.967   0.033
E S  3VX6A                 54    0.263  30.839   0.000   0.000   0.983   0.017
B L  3VX6A                 55    0.046   8.433   0.000   0.001   0.909   0.090
E R  3VX6A                 56    0.392  89.654   0.000   0.003   0.292   0.705
E D  3VX6A                 57    0.409  58.935   0.000   0.692   0.014   0.294
E D  3VX6A                 58    0.653  94.126   0.000   0.761   0.005   0.234
B S  3VX6A                 59    0.101  11.823   0.000   0.826   0.004   0.170
B F  3VX6A                 60    0.091  18.297   0.000   0.267   0.108   0.625
E Q  3VX6A                 61    0.648 115.667   0.000   0.090   0.100   0.811
E K  3VX6A                 62    0.479  98.590   0.000   0.007   0.021   0.972
E P  3VX6A                 63    0.433  61.462   0.000   0.096   0.012   0.893
E D  3VX6A                 64    0.819 118.072   0.000   0.159   0.007   0.834
E H  3VX6A                 65    0.499  90.820   0.000   0.164   0.034   0.802
E N  3VX6A                 66    0.355  51.994   0.000   0.039   0.286   0.675
B I  3VX6A                 67    0.109  20.154   0.000   0.009   0.711   0.279
B I  3VX6A                 68    0.245  45.391   0.000   0.001   0.855   0.144
B L  3VX6A                 69    0.030   5.559   0.000   0.000   0.939   0.061
E K  3VX6A                 70    0.393  80.860   0.000   0.000   0.972   0.028
B G  3VX6A                 71    0.052   4.109   0.000   0.000   0.981   0.019
B Y  3VX6A                 72    0.212  45.225   0.000   0.000   0.996   0.004
B L  3VX6A                 73    0.016   2.857   0.000   0.000   0.996   0.004
B L  3VX6A                 74    0.118  21.624   0.000   0.000   0.990   0.010
B N  3VX6A                 75    0.029   4.303   0.000   0.000   0.975   0.025
B F  3VX6A                 76    0.174  34.950   0.000   0.012   0.598   0.390
B N  3VX6A                 77    0.213  31.166   0.000   0.009   0.155   0.836
B T  3VX6A                 78    0.157  21.728   0.000   0.097   0.118   0.785
B I  3VX6A                 79    0.163  30.134   0.000   0.961   0.001   0.039
E E  3VX6A                 80    0.591 103.238   0.000   0.988   0.000   0.012
B L  3VX6A                 81    0.232  42.421   0.000   0.986   0.001   0.013
B F  3VX6A                 82    0.056  11.336   0.000   0.969   0.001   0.029
E K  3VX6A                 83    0.461  94.866   0.000   0.675   0.002   0.323
E N  3VX6A                 84    0.817 119.622   0.000   0.302   0.000   0.698
B C  3VX6A                 85    0.121  17.048   0.000   0.010   0.003   0.987
E N  3VX6A                 86    0.615  90.065   0.000   0.005   0.011   0.985
B K  3VX6A                 87    0.229  47.130   0.000   0.962   0.000   0.037
E I  3VX6A                 88    0.390  72.126   0.000   0.992   0.000   0.008
E Q  3VX6A                 89    0.529  94.475   0.000   0.996   0.000   0.004
B F  3VX6A                 90    0.102  20.546   0.000   0.996   0.000   0.004
B I  3VX6A                 91    0.037   6.798   0.000   0.997   0.000   0.003
E K  3VX6A                 92    0.429  88.195   0.000   0.998   0.000   0.002
E E  3VX6A                 93    0.482  84.240   0.000   0.998   0.000   0.002
B K  3VX6A                 94    0.156  32.022   0.000   0.996   0.000   0.004
B G  3VX6A                 95    0.014   1.123   0.000   0.997   0.000   0.003
E Q  3VX6A                 96    0.485  86.654   0.000   0.998   0.000   0.002
E E  3VX6A                 97    0.453  79.217   0.000   0.997   0.000   0.002
B L  3VX6A                 98    0.035   6.406   0.000   0.994   0.000   0.006
B L  3VX6A                 99    0.111  20.377   0.000   0.978   0.001   0.021
E Q  3VX6A                100    0.553  98.845   0.000   0.945   0.000   0.054
E R  3VX6A                101    0.375  85.853   0.000   0.886   0.001   0.113
B G  3VX6A                102    0.166  13.041   0.000   0.764   0.001   0.234
E L  3VX6A                103    0.317  58.082   0.000   0.555   0.006   0.438
E E  3VX6A                104    0.625 109.269   0.000   0.211   0.008   0.781
E N  3VX6A                105    0.686 100.388   0.000   0.048   0.001   0.952
E D  3VX6A                106    0.462  66.638   0.000   0.021   0.003   0.976
B L  3VX6A                107    0.212  38.733   0.000   0.803   0.004   0.193
E N  3VX6A                108    0.698 102.195   0.000   0.843   0.002   0.155
E E  3VX6A                109    0.370  64.660   0.000   0.837   0.006   0.157
B I  3VX6A                110    0.050   9.294   0.000   0.322   0.222   0.456
B I  3VX6A                111    0.127  23.526   0.000   0.173   0.328   0.499
B S  3VX6A                112    0.188  21.987   0.000   0.054   0.698   0.248
B F  3VX6A                113    0.021   4.281   0.000   0.002   0.966   0.032
B Y  3VX6A                114    0.061  13.026   0.000   0.001   0.996   0.003
B M  3VX6A                115    0.007   1.316   0.000   0.000   0.999   0.000
B I  3VX6A                116    0.008   1.390   0.000   0.000   0.999   0.001
B S  3VX6A                117    0.006   0.737   0.000   0.000   0.998   0.002
B F  3VX6A                118    0.062  12.526   0.000   0.000   0.989   0.011
B A  3VX6A                119    0.022   2.424   0.000   0.001   0.959   0.040
B D  3VX6A                120    0.168  24.276   0.000   0.001   0.874   0.125
B L  3VX6A                121    0.105  19.278   0.000   0.052   0.062   0.886
E K  3VX6A                122    0.472  97.075   0.000   0.053   0.012   0.934
E K  3VX6A                123    0.514 105.773   0.000   0.047   0.010   0.943
B Y  3VX6A                124    0.197  42.000   0.000   0.008   0.141   0.852
E K  3VX6A                125    0.391  80.494   0.000   0.001   0.790   0.209
B F  3VX6A                126    0.073  14.739   0.000   0.000   0.963   0.036
B Y  3VX6A                127    0.142  30.422   0.000   0.000   0.978   0.021
B Y  3VX6A                128    0.055  11.692   0.000   0.000   0.984   0.015
B W  3VX6A                129    0.051  12.193   0.000   0.001   0.989   0.010
B I  3VX6A                130    0.012   2.226   0.000   0.000   0.989   0.011
B C  3VX6A                131    0.005   0.767   0.000   0.000   0.963   0.037
B M  3VX6A                132    0.039   7.754   0.000   0.000   0.770   0.230
B P  3VX6A                133    0.039   5.570   0.000   0.005   0.637   0.358
B S  3VX6A                134    0.060   7.018   0.000   0.003   0.602   0.395
B F  3VX6A                135    0.116  23.342   0.000   0.009   0.565   0.427
E Q  3VX6A                136    0.328  58.524   0.000   0.007   0.509   0.484
E S  3VX6A                137    0.304  35.603   0.000   0.018   0.253   0.729
E D  3VX6A                138    0.767 110.564   0.000   0.017   0.043   0.940
E G  3VX6A                139    0.534  42.046   0.000   0.038   0.049   0.913
E A  3VX6A                140    0.437  48.107   0.000   0.038   0.127   0.835
E T  3VX6A                141    0.346  48.000   0.000   0.038   0.305   0.657
E Y  3VX6A                142    0.287  61.303   0.000   0.034   0.768   0.198
E Q  3VX6A                143    0.471  84.095   0.000   0.029   0.835   0.136
E I  3VX6A                144    0.290  53.671   0.000   0.039   0.738   0.224
E I  3VX6A                145    0.379  70.134   0.000   0.037   0.642   0.320
E S  3VX6A                146    0.500  58.654   0.000   0.033   0.305   0.662
E S  3VX6A                147    0.662  77.633   0.000   0.029   0.136   0.835
E K  3VX6A                148    0.577 118.700   0.000   0.030   0.403   0.567
E V  3VX6A                149    0.361  55.466   0.000   0.017   0.556   0.426
E I  3VX6A                150    0.438  81.060   0.000   0.022   0.471   0.507
B A  3VX6A                151    0.245  26.963   0.000   0.029   0.207   0.764
E S  3VX6A                152    0.476  55.788   0.000   0.025   0.066   0.909
E D  3VX6A                153    0.613  88.380   0.000   0.628   0.006   0.366
E S  3VX6A                154    0.646  75.690   0.000   0.732   0.008   0.261
E D  3VX6A                155    0.513  73.915   0.000   0.744   0.015   0.241
B I  3VX6A                156    0.106  19.534   0.000   0.717   0.029   0.254
E S  3VX6A                157    0.313  36.706   0.000   0.662   0.020   0.317
E V  3VX6A                158    0.438  67.383   0.000   0.842   0.014   0.144
E S  3VX6A                159    0.282  33.023   0.000   0.834   0.014   0.152
B F  3VX6A                160    0.112  22.408   0.000   0.832   0.025   0.143
E I  3VX6A                161    0.326  60.235   0.000   0.716   0.029   0.255
E K  3VX6A                162    0.633 130.175   0.000   0.575   0.020   0.406
E Q  3VX6A                163    0.428  76.415   0.000   0.244   0.022   0.735
E N  3VX6A                164    0.393  57.537   0.000   0.042   0.060   0.898
B V  3VX6A                165    0.061   9.382   0.000   0.004   0.683   0.313
B I  3VX6A                166    0.040   7.484   0.000   0.001   0.959   0.040
B I  3VX6A                167    0.056  10.308   0.000   0.001   0.987   0.012
B A  3VX6A                168    0.026   2.853   0.000   0.002   0.976   0.022
B C  3VX6A                169    0.077  10.795   0.000   0.001   0.965   0.034
B V  3VX6A                170    0.205  31.563   0.000   0.003   0.888   0.109
B I  3VX6A                171    0.218  40.313   0.000   0.009   0.495   0.495
E S  3VX6A                172    0.669  78.414   0.000   0.016   0.250   0.734
E G  3VX6A                173    0.422  33.192   0.000   0.041   0.166   0.793
E V  3VX6A                174    0.358  55.026   0.000   0.053   0.479   0.468
B I  3VX6A                175    0.069  12.682   0.000   0.629   0.152   0.219
E Q  3VX6A                176    0.472  84.336   0.000   0.725   0.118   0.156
E K  3VX6A                177    0.636 130.817   0.000   0.660   0.120   0.219
B A  3VX6A                178    0.125  13.821   0.000   0.092   0.034   0.875
E T  3VX6A                179    0.433  60.052   0.000   0.008   0.016   0.976
E P  3VX6A                180    0.517  73.328   0.000   0.311   0.007   0.682
E D  3VX6A                181    0.840 120.988   0.000   0.270   0.003   0.726
E N  3VX6A                182    0.502  73.465   0.000   0.200   0.010   0.789
E L  3VX6A                183    0.258  47.318   0.000   0.372   0.031   0.597
E K  3VX6A                184    0.626 128.704   0.000   0.337   0.044   0.619
E V  3VX6A                185    0.426  65.547   0.000   0.287   0.091   0.622
B C  3VX6A                186    0.118  16.624   0.000   0.062   0.286   0.652
E E  3VX6A                187    0.354  61.817   0.000   0.012   0.478   0.510
B K  3VX6A                188    0.180  36.939   0.000   0.001   0.973   0.026
B V  3VX6A                189    0.008   1.193   0.000   0.000   0.999   0.001
B V  3VX6A                190    0.004   0.613   0.000   0.000   0.999   0.001
B F  3VX6A                191    0.009   1.745   0.000   0.000   0.990   0.010
B K  3VX6A                192    0.053  10.908   0.000   0.000   0.886   0.114
B D  3VX6A                193    0.077  11.083   0.000   0.000   0.255   0.744
B F  3VX6A                194    0.109  21.889   0.000   0.002   0.047   0.951
B S  3VX6A                195    0.055   6.388   0.000   0.003   0.063   0.934
E H  3VX6A                196    0.516  93.923   0.000   0.003   0.004   0.993
E L  3VX6A                197    0.307  56.215   0.000   0.014   0.017   0.970
E K  3VX6A                198    0.658 135.394   0.000   0.025   0.001   0.974
E D  3VX6A                199    0.625  90.077   0.000   0.024   0.002   0.974
B I  3VX6A                200    0.181  33.447   0.000   0.007   0.016   0.977
B P  3VX6A                201    0.089  12.609   0.000   0.033   0.038   0.929
B S  3VX6A                202    0.097  11.346   0.000   0.150   0.026   0.824
B A  3VX6A                203    0.136  15.006   0.000   0.955   0.001   0.045
B V  3VX6A                204    0.035   5.451   0.000   0.981   0.002   0.017
B T  3VX6A                205    0.008   1.055   0.000   0.997   0.000   0.003
B K  3VX6A                206    0.085  17.544   0.000   0.999   0.000   0.001
B N  3VX6A                207    0.015   2.197   0.000   0.999   0.000   0.001
B I  3VX6A                208    0.004   0.794   0.000   0.999   0.000   0.001
B L  3VX6A                209    0.005   0.937   0.000   1.000   0.000   0.000
B T  3VX6A                210    0.019   2.615   0.000   0.999   0.000   0.001
B V  3VX6A                211    0.011   1.691   0.000   0.999   0.000   0.001
B W  3VX6A                212    0.011   2.676   0.000   0.997   0.000   0.003
B S  3VX6A                213    0.100  11.680   0.000   0.972   0.000   0.028
E K  3VX6A                214    0.374  76.872   0.000   0.930   0.000   0.070
E L  3VX6A                215    0.268  49.152   0.000   0.894   0.000   0.106
B S  3VX6A                216    0.154  18.020   0.000   0.004   0.004   0.991
E P  3VX6A                217    0.550  78.028   0.000   0.014   0.003   0.983
E R  3VX6A                218    0.594 136.057   0.000   0.017   0.011   0.972
E E  3VX6A                219    0.503  87.902   0.000   0.012   0.033   0.955
E T  3VX6A                220    0.380  52.688   0.000   0.005   0.701   0.293
B Y  3VX6A                221    0.044   9.411   0.000   0.000   0.962   0.038
B T  3VX6A                222    0.174  24.086   0.000   0.000   0.996   0.004
B I  3VX6A                223    0.009   1.703   0.000   0.000   0.999   0.001
B C  3VX6A                224    0.015   2.131   0.000   0.000   0.999   0.001
B F  3VX6A                225    0.014   2.825   0.000   0.000   0.995   0.005
B L  3VX6A                226    0.051   9.347   0.000   0.000   0.980   0.020
B R  3VX6A                227    0.213  48.831   0.000   0.001   0.826   0.172
E S  3VX6A                228    0.276  32.360   0.000   0.006   0.374   0.620
E D  3VX6A                229    0.591  85.139   0.000   0.021   0.067   0.912
E E  3VX6A                230    0.693 120.996   0.000   0.019   0.017   0.964
E S  3VX6A                231    0.478  55.983   0.000   0.019   0.063   0.918
B S  3VX6A                232    0.083   9.782   0.000   0.002   0.612   0.386
B F  3VX6A                233    0.096  19.240   0.000   0.003   0.911   0.086
E E  3VX6A                234    0.282  49.338   0.000   0.002   0.962   0.036
B A  3VX6A                235    0.033   3.613   0.000   0.001   0.988   0.011
E E  3VX6A                236    0.364  63.660   0.000   0.001   0.982   0.017
B I  3VX6A                237    0.022   4.076   0.000   0.001   0.979   0.020
B I  3VX6A                238    0.224  41.478   0.000   0.002   0.955   0.043
B I  3VX6A                239    0.101  18.760   0.000   0.004   0.820   0.176
E N  3VX6A                240    0.458  67.116   0.000   0.034   0.243   0.722
E N  3VX6A                241    0.676  99.025   0.000   0.056   0.047   0.897
E G  3VX6A                242    0.609  47.934   0.000   0.039   0.023   0.938
E N  3VX6A                243    0.720 105.366   0.000   0.018   0.037   0.945
E N  3VX6A                244    0.494  72.352   0.000   0.007   0.055   0.939
E P  3VX6A                245    0.524  74.375   0.000   0.077   0.038   0.885
E S  3VX6A                246    0.624  73.090   0.000   0.115   0.108   0.777
B L  3VX6A                247    0.192  35.226   0.000   0.032   0.252   0.716
E K  3VX6A                248    0.507 104.375   0.000   0.009   0.480   0.512
B V  3VX6A                249    0.171  26.317   0.000   0.004   0.831   0.165
E S  3VX6A                250    0.264  30.975   0.000   0.004   0.834   0.162
B G  3VX6A                251    0.136  10.739   0.000   0.026   0.761   0.213
B W  3VX6A                252    0.214  51.560   0.000   0.171   0.582   0.246
E E  3VX6A                253    0.335  58.488   0.000   0.181   0.494   0.324
E K  3VX6A                254    0.543 111.688   0.000   0.188   0.316   0.496
E L  3VX6A                255    0.309  56.589   0.000   0.070   0.195   0.734
E A  3VX6A                256    0.475  52.328   0.000   0.003   0.188   0.809
E P  3VX6A                257    0.382  54.254   0.000   0.003   0.120   0.877
E K  3VX6A                258    0.485  99.863   0.000   0.004   0.689   0.307
E S  3VX6A                259    0.526  61.674   0.000   0.003   0.847   0.150
B I  3VX6A                260    0.208  38.433   0.000   0.001   0.856   0.143
E D  3VX6A                261    0.546  78.716   0.000   0.002   0.714   0.284
B L  3VX6A                262    0.132  24.162   0.000   0.147   0.004   0.849
E S  3VX6A                263    0.612  71.714   0.000   0.368   0.006   0.625
E S  3VX6A                264    0.722  84.616   0.000   0.247   0.011   0.741
E L  3VX6A                265    0.553 101.206   0.000   0.004   0.000   0.996
