# For publication of results, please cite:
# ...
# ... Michael Schantz Klausen, Martin Closter Jespersen, Henrik Nielsen, Kamilla Kjærgaard Jensen, 
# ... Vanessa Isabell Jurtz, Casper Kaae Sønderby, Morten Otto Alexander Sommer, Ole Winther, 
# ... Morten Nielsen, Bent Petersen, and Paolo Marcatili. 
# ... NetSurfP-2.0: Improved prediction of protein structural features by integrated deep learning.
# ... Proteins: Structure, Function, and Bioinformatics (Feb. 2019).
# ... https://doi.org/10.1002/prot.25674
# ...
#
# Column 1: Class assignment - B for buried or E for Exposed - Threshold: 25% exposure, but not based on RSA
# Column 2: Amino acid
# Column 3: Sequence name
# Column 4: Amino acid number
# Column 5: Relative Surface Accessibility - RSA
# Column 6: Absolute Surface Accessibility
# Column 7: Not used
# Column 8: Probability for Alpha-Helix
# Column 9: Probability for Beta-strand
# Column 10: Probability for Coil
E M  2F0RA                  1    0.887 177.511   0.000   0.000   0.000   1.000
E R  2F0RA                  2    0.845 193.613   0.000   0.000   0.000   1.000
E G  2F0RA                  3    0.818  64.379   0.000   0.000   0.000   1.000
E S  2F0RA                  4    0.811  95.030   0.000   0.001   0.000   0.999
E H  2F0RA                  5    0.766 139.396   0.000   0.001   0.000   0.999
E H  2F0RA                  6    0.735 133.615   0.000   0.001   0.000   0.998
E H  2F0RA                  7    0.725 131.895   0.000   0.002   0.001   0.998
E H  2F0RA                  8    0.720 130.879   0.000   0.002   0.001   0.997
E H  2F0RA                  9    0.711 129.313   0.000   0.003   0.002   0.996
E H  2F0RA                 10    0.733 133.308   0.000   0.003   0.001   0.996
E G  2F0RA                 11    0.720  56.634   0.000   0.003   0.002   0.995
E M  2F0RA                 12    0.668 133.638   0.000   0.004   0.003   0.993
E A  2F0RA                 13    0.650  71.577   0.000   0.009   0.011   0.980
E S  2F0RA                 14    0.737  86.433   0.000   0.008   0.027   0.965
E M  2F0RA                 15    0.490  97.982   0.000   0.012   0.064   0.924
E A  2F0RA                 16    0.606  66.791   0.000   0.013   0.118   0.869
B V  2F0RA                 17    0.186  28.629   0.000   0.014   0.146   0.840
E S  2F0RA                 18    0.436  51.130   0.000   0.024   0.045   0.930
E E  2F0RA                 19    0.505  88.303   0.000   0.876   0.001   0.123
E S  2F0RA                 20    0.624  73.120   0.000   0.916   0.000   0.084
E Q  2F0RA                 21    0.414  73.980   0.000   0.962   0.001   0.037
B L  2F0RA                 22    0.050   9.217   0.000   0.976   0.000   0.024
E K  2F0RA                 23    0.486  99.894   0.000   0.976   0.000   0.024
E K  2F0RA                 24    0.631 129.740   0.000   0.954   0.000   0.045
B M  2F0RA                 25    0.149  29.832   0.000   0.933   0.001   0.066
B V  2F0RA                 26    0.110  16.875   0.000   0.839   0.002   0.159
E S  2F0RA                 27    0.618  72.378   0.000   0.468   0.002   0.530
E K  2F0RA                 28    0.662 136.231   0.000   0.272   0.001   0.726
B Y  2F0RA                 29    0.215  45.920   0.000   0.025   0.018   0.957
E K  2F0RA                 30    0.703 144.691   0.000   0.037   0.006   0.957
E Y  2F0RA                 31    0.401  85.789   0.000   0.024   0.005   0.971
E R  2F0RA                 32    0.370  84.805   0.000   0.945   0.001   0.054
E D  2F0RA                 33    0.697 100.480   0.000   0.981   0.000   0.019
E L  2F0RA                 34    0.257  47.148   0.000   0.984   0.000   0.016
B T  2F0RA                 35    0.011   1.545   0.000   0.991   0.001   0.009
B V  2F0RA                 36    0.150  23.098   0.000   0.997   0.000   0.002
E R  2F0RA                 37    0.560 128.151   0.000   0.998   0.000   0.002
B E  2F0RA                 38    0.110  19.216   0.000   0.999   0.000   0.001
B T  2F0RA                 39    0.010   1.341   0.000   0.999   0.000   0.001
B V  2F0RA                 40    0.234  35.989   0.000   0.999   0.000   0.001
E N  2F0RA                 41    0.461  67.563   0.000   0.994   0.000   0.006
B V  2F0RA                 42    0.021   3.154   0.000   0.996   0.000   0.004
B I  2F0RA                 43    0.060  11.161   0.000   0.988   0.000   0.012
E T  2F0RA                 44    0.530  73.444   0.000   0.824   0.000   0.176
E L  2F0RA                 45    0.394  72.168   0.000   0.769   0.000   0.231
B Y  2F0RA                 46    0.136  29.019   0.000   0.018   0.025   0.957
E K  2F0RA                 47    0.665 136.733   0.000   0.010   0.033   0.957
E D  2F0RA                 48    0.596  85.904   0.000   0.010   0.055   0.935
B L  2F0RA                 49    0.052   9.569   0.000   0.012   0.233   0.755
E K  2F0RA                 50    0.566 116.521   0.000   0.000   0.793   0.206
B P  2F0RA                 51    0.152  21.624   0.000   0.000   0.741   0.259
E V  2F0RA                 52    0.398  61.134   0.000   0.000   0.968   0.031
E L  2F0RA                 53    0.443  81.147   0.000   0.000   0.973   0.027
E D  2F0RA                 54    0.492  70.855   0.000   0.000   0.979   0.020
E S  2F0RA                 55    0.492  57.700   0.000   0.000   0.980   0.020
E Y  2F0RA                 56    0.362  77.346   0.000   0.000   0.970   0.029
E V  2F0RA                 57    0.492  75.633   0.000   0.000   0.928   0.072
E F  2F0RA                 58    0.362  72.648   0.000   0.001   0.174   0.825
E N  2F0RA                 59    0.847 124.053   0.000   0.002   0.002   0.996
E D  2F0RA                 60    0.771 111.059   0.000   0.005   0.000   0.995
E G  2F0RA                 61    0.653  51.414   0.000   0.006   0.002   0.992
E S  2F0RA                 62    0.408  47.768   0.000   0.000   0.029   0.971
E S  2F0RA                 63    0.615  72.061   0.000   0.000   0.961   0.039
E R  2F0RA                 64    0.415  95.013   0.000   0.000   0.982   0.018
E E  2F0RA                 65    0.484  84.606   0.000   0.000   0.987   0.013
B L  2F0RA                 66    0.106  19.402   0.000   0.000   0.956   0.044
B M  2F0RA                 67    0.034   6.798   0.000   0.000   0.997   0.003
E N  2F0RA                 68    0.268  39.174   0.000   0.000   0.997   0.003
B L  2F0RA                 69    0.022   4.047   0.000   0.000   0.999   0.001
E T  2F0RA                 70    0.300  41.638   0.000   0.000   0.998   0.002
B G  2F0RA                 71    0.094   7.405   0.000   0.000   0.996   0.004
E T  2F0RA                 72    0.307  42.605   0.000   0.000   0.995   0.005
B I  2F0RA                 73    0.031   5.706   0.000   0.000   0.993   0.007
E P  2F0RA                 74    0.369  52.301   0.000   0.000   0.984   0.016
B V  2F0RA                 75    0.040   6.124   0.000   0.000   0.889   0.110
E P  2F0RA                 76    0.444  62.984   0.000   0.005   0.856   0.140
E Y  2F0RA                 77    0.251  53.720   0.000   0.008   0.880   0.112
E R  2F0RA                 78    0.751 172.033   0.000   0.006   0.005   0.989
E G  2F0RA                 79    0.890  70.074   0.000   0.005   0.001   0.995
E N  2F0RA                 80    0.527  77.097   0.000   0.001   0.880   0.119
E T  2F0RA                 81    0.612  84.863   0.000   0.000   0.970   0.030
B Y  2F0RA                 82    0.222  47.376   0.000   0.000   0.960   0.040
E N  2F0RA                 83    0.556  81.403   0.000   0.000   0.977   0.023
B I  2F0RA                 84    0.028   5.176   0.000   0.000   0.972   0.028
B P  2F0RA                 85    0.239  33.893   0.000   0.000   0.975   0.025
B I  2F0RA                 86    0.012   2.171   0.000   0.000   0.985   0.014
B C  2F0RA                 87    0.086  12.134   0.000   0.000   0.993   0.007
B L  2F0RA                 88    0.021   3.775   0.000   0.000   0.991   0.009
B W  2F0RA                 89    0.192  46.256   0.000   0.000   0.983   0.017
B L  2F0RA                 90    0.033   6.110   0.000   0.001   0.769   0.230
B L  2F0RA                 91    0.151  27.683   0.000   0.003   0.358   0.638
E D  2F0RA                 92    0.603  86.948   0.000   0.023   0.004   0.973
E T  2F0RA                 93    0.592  82.166   0.000   0.028   0.004   0.968
B Y  2F0RA                 94    0.238  50.872   0.000   0.007   0.053   0.940
E P  2F0RA                 95    0.284  40.326   0.000   0.001   0.012   0.986
E Y  2F0RA                 96    0.592 126.577   0.000   0.002   0.012   0.986
E N  2F0RA                 97    0.568  83.183   0.000   0.000   0.024   0.975
B P  2F0RA                 98    0.224  31.760   0.000   0.000   0.005   0.995
B P  2F0RA                 99    0.078  11.070   0.000   0.000   0.060   0.940
B I  2F0RA                100    0.167  30.853   0.000   0.000   0.942   0.058
B C  2F0RA                101    0.022   3.109   0.000   0.000   0.992   0.008
B F  2F0RA                102    0.249  50.031   0.000   0.000   0.996   0.004
B V  2F0RA                103    0.015   2.346   0.000   0.000   0.992   0.008
E K  2F0RA                104    0.431  88.627   0.000   0.000   0.738   0.262
B P  2F0RA                105    0.060   8.521   0.000   0.000   0.538   0.462
E T  2F0RA                106    0.322  44.715   0.000   0.000   0.234   0.766
E S  2F0RA                107    0.753  88.241   0.000   0.002   0.001   0.997
E S  2F0RA                108    0.707  82.889   0.000   0.004   0.001   0.995
B M  2F0RA                109    0.162  32.366   0.000   0.010   0.054   0.936
E T  2F0RA                110    0.414  57.378   0.000   0.003   0.599   0.398
B I  2F0RA                111    0.070  12.964   0.000   0.001   0.795   0.203
E K  2F0RA                112    0.458  94.245   0.000   0.001   0.578   0.420
E T  2F0RA                113    0.583  80.807   0.000   0.006   0.386   0.608
E G  2F0RA                114    0.416  32.755   0.000   0.020   0.077   0.903
E K  2F0RA                115    0.798 164.114   0.000   0.028   0.022   0.950
B H  2F0RA                116    0.192  34.906   0.000   0.027   0.038   0.935
B V  2F0RA                117    0.072  11.025   0.000   0.000   0.972   0.028
E D  2F0RA                118    0.330  47.569   0.000   0.000   0.026   0.974
E A  2F0RA                119    0.637  70.183   0.000   0.001   0.005   0.994
E N  2F0RA                120    0.757 110.876   0.000   0.001   0.003   0.996
B G  2F0RA                121    0.101   7.942   0.000   0.001   0.002   0.997
E K  2F0RA                122    0.410  84.295   0.000   0.000   0.267   0.732
B I  2F0RA                123    0.051   9.372   0.000   0.000   0.977   0.023
E Y  2F0RA                124    0.419  89.641   0.000   0.003   0.530   0.467
B L  2F0RA                125    0.113  20.754   0.000   0.038   0.045   0.917
E P  2F0RA                126    0.419  59.397   0.000   0.869   0.009   0.122
B Y  2F0RA                127    0.249  53.290   0.000   0.931   0.003   0.066
B L  2F0RA                128    0.067  12.327   0.000   0.971   0.001   0.028
E H  2F0RA                129    0.598 108.862   0.000   0.842   0.001   0.157
E E  2F0RA                130    0.684 119.452   0.000   0.533   0.001   0.465
B W  2F0RA                131    0.140  33.582   0.000   0.050   0.011   0.939
E K  2F0RA                132    0.689 141.827   0.000   0.015   0.024   0.961
E H  2F0RA                133    0.357  64.871   0.000   0.039   0.014   0.947
E P  2F0RA                134    0.628  89.088   0.000   0.070   0.002   0.928
E Q  2F0RA                135    0.653 116.571   0.000   0.064   0.024   0.912
B S  2F0RA                136    0.102  11.946   0.000   0.033   0.103   0.864
E D  2F0RA                137    0.389  55.987   0.000   0.038   0.161   0.801
B L  2F0RA                138    0.072  13.252   0.000   0.973   0.001   0.026
B L  2F0RA                139    0.235  43.085   0.000   0.997   0.000   0.002
B G  2F0RA                140    0.183  14.433   0.000   0.999   0.000   0.001
B L  2F0RA                141    0.028   5.056   0.000   0.999   0.000   0.001
B I  2F0RA                142    0.046   8.432   0.000   0.999   0.000   0.001
E Q  2F0RA                143    0.506  90.393   0.000   0.999   0.000   0.001
B V  2F0RA                144    0.213  32.758   0.000   0.998   0.000   0.002
B M  2F0RA                145    0.024   4.810   0.000   0.998   0.000   0.002
B I  2F0RA                146    0.188  34.811   0.000   0.997   0.000   0.003
E V  2F0RA                147    0.576  88.524   0.000   0.994   0.000   0.005
B V  2F0RA                148    0.235  36.134   0.000   0.979   0.000   0.020
B F  2F0RA                149    0.083  16.588   0.000   0.871   0.002   0.128
E G  2F0RA                150    0.293  23.038   0.000   0.268   0.013   0.719
E D  2F0RA                151    0.775 111.723   0.000   0.286   0.003   0.711
E E  2F0RA                152    0.590 103.004   0.000   0.006   0.014   0.980
E P  2F0RA                153    0.286  40.542   0.000   0.008   0.004   0.988
B P  2F0RA                154    0.246  34.913   0.000   0.050   0.032   0.919
E V  2F0RA                155    0.267  41.018   0.000   0.108   0.162   0.730
E F  2F0RA                156    0.433  86.900   0.000   0.111   0.221   0.668
E S  2F0RA                157    0.564  66.048   0.000   0.036   0.155   0.809
E R  2F0RA                158    0.692 158.399   0.000   0.001   0.051   0.948
E P  2F0RA                159    0.911 129.315   0.000   0.000   0.000   0.999
