# For publication of results, please cite:
# ...
# ... Michael Schantz Klausen, Martin Closter Jespersen, Henrik Nielsen, Kamilla Kjærgaard Jensen, 
# ... Vanessa Isabell Jurtz, Casper Kaae Sønderby, Morten Otto Alexander Sommer, Ole Winther, 
# ... Morten Nielsen, Bent Petersen, and Paolo Marcatili. 
# ... NetSurfP-2.0: Improved prediction of protein structural features by integrated deep learning.
# ... Proteins: Structure, Function, and Bioinformatics (Feb. 2019).
# ... https://doi.org/10.1002/prot.25674
# ...
#
# Column 1: Class assignment - B for buried or E for Exposed - Threshold: 25% exposure, but not based on RSA
# Column 2: Amino acid
# Column 3: Sequence name
# Column 4: Amino acid number
# Column 5: Relative Surface Accessibility - RSA
# Column 6: Absolute Surface Accessibility
# Column 7: Not used
# Column 8: Probability for Alpha-Helix
# Column 9: Probability for Beta-strand
# Column 10: Probability for Coil
E F  1ZJ0A                  1    0.895 179.706   0.000   0.000   0.000   0.999
E M  1ZJ0A                  2    0.745 149.020   0.000   0.003   0.021   0.977
E V  1ZJ0A                  3    0.554  85.131   0.000   0.002   0.048   0.950
E S  1ZJ0A                  4    0.811  95.067   0.000   0.001   0.028   0.971
E L  1ZJ0A                  5    0.416  76.230   0.000   0.006   0.028   0.966
E P  1ZJ0A                  6    0.601  85.246   0.000   0.008   0.012   0.980
E R  1ZJ0A                  7    0.672 153.938   0.000   0.021   0.063   0.916
E M  1ZJ0A                  8    0.384  76.766   0.000   0.015   0.102   0.883
E V  1ZJ0A                  9    0.580  89.109   0.000   0.004   0.120   0.876
E Y  1ZJ0A                 10    0.387  82.678   0.000   0.002   0.072   0.926
E P  1ZJ0A                 11    0.574  81.395   0.000   0.001   0.041   0.958
E Q  1ZJ0A                 12    0.582 103.895   0.000   0.003   0.026   0.972
E P  1ZJ0A                 13    0.369  52.291   0.000   0.059   0.032   0.909
E K  1ZJ0A                 14    0.668 137.418   0.000   0.069   0.113   0.817
E V  1ZJ0A                 15    0.440  67.589   0.000   0.090   0.177   0.732
E L  1ZJ0A                 16    0.348  63.639   0.000   0.032   0.071   0.897
E T  1ZJ0A                 17    0.610  84.628   0.000   0.005   0.033   0.962
E P  1ZJ0A                 18    0.518  73.539   0.000   0.017   0.053   0.930
E C  1ZJ0A                 19    0.429  60.208   0.000   0.014   0.024   0.962
E R  1ZJ0A                 20    0.419  96.000   0.000   0.036   0.048   0.917
E K  1ZJ0A                 21    0.750 154.212   0.000   0.022   0.016   0.962
E D  1ZJ0A                 22    0.637  91.741   0.000   0.022   0.045   0.933
B V  1ZJ0A                 23    0.129  19.773   0.000   0.005   0.361   0.634
E L  1ZJ0A                 24    0.294  53.904   0.000   0.008   0.607   0.386
B V  1ZJ0A                 25    0.143  22.038   0.000   0.005   0.759   0.236
B V  1ZJ0A                 26    0.161  24.804   0.000   0.004   0.803   0.193
B T  1ZJ0A                 27    0.080  11.038   0.000   0.005   0.369   0.625
B P  1ZJ0A                 28    0.217  30.726   0.000   0.024   0.156   0.820
E W  1ZJ0A                 29    0.287  69.117   0.000   0.089   0.027   0.884
B L  1ZJ0A                 30    0.236  43.214   0.000   0.101   0.072   0.827
B A  1ZJ0A                 31    0.049   5.384   0.000   0.031   0.117   0.852
B P  1ZJ0A                 32    0.121  17.132   0.000   0.038   0.229   0.733
B I  1ZJ0A                 33    0.079  14.590   0.000   0.058   0.755   0.187
B V  1ZJ0A                 34    0.108  16.555   0.000   0.066   0.772   0.162
B W  1ZJ0A                 35    0.179  43.022   0.000   0.075   0.570   0.355
E E  1ZJ0A                 36    0.420  73.419   0.000   0.076   0.240   0.684
E G  1ZJ0A                 37    0.374  29.450   0.000   0.041   0.075   0.883
B T  1ZJ0A                 38    0.222  30.807   0.000   0.084   0.077   0.839
B F  1ZJ0A                 39    0.203  40.715   0.000   0.037   0.064   0.899
E N  1ZJ0A                 40    0.383  56.118   0.000   0.011   0.009   0.980
E I  1ZJ0A                 41    0.265  48.970   0.000   0.929   0.002   0.069
E D  1ZJ0A                 42    0.697 100.470   0.000   0.981   0.000   0.018
B I  1ZJ0A                 43    0.219  40.596   0.000   0.986   0.001   0.013
B L  1ZJ0A                 44    0.061  11.239   0.000   0.974   0.001   0.026
E N  1ZJ0A                 45    0.282  41.350   0.000   0.975   0.000   0.025
E E  1ZJ0A                 46    0.540  94.281   0.000   0.985   0.000   0.015
E Q  1ZJ0A                 47    0.275  49.134   0.000   0.984   0.000   0.015
B F  1ZJ0A                 48    0.055  11.093   0.000   0.958   0.001   0.042
E R  1ZJ0A                 49    0.536 122.638   0.000   0.935   0.001   0.064
E L  1ZJ0A                 50    0.589 107.866   0.000   0.892   0.001   0.107
E Q  1ZJ0A                 51    0.360  64.376   0.000   0.216   0.001   0.782
E N  1ZJ0A                 52    0.799 117.036   0.000   0.002   0.002   0.997
B T  1ZJ0A                 53    0.082  11.415   0.000   0.001   0.090   0.909
B T  1ZJ0A                 54    0.208  28.856   0.000   0.000   0.867   0.133
B I  1ZJ0A                 55    0.014   2.591   0.000   0.000   0.994   0.006
B G  1ZJ0A                 56    0.007   0.578   0.000   0.000   1.000   0.000
B L  1ZJ0A                 57    0.005   0.948   0.000   0.000   0.999   0.001
B T  1ZJ0A                 58    0.010   1.329   0.000   0.000   0.997   0.003
B V  1ZJ0A                 59    0.011   1.733   0.000   0.000   0.995   0.005
B F  1ZJ0A                 60    0.040   8.040   0.000   0.000   0.981   0.019
B A  1ZJ0A                 61    0.025   2.701   0.000   0.000   0.878   0.122
B I  1ZJ0A                 62    0.170  31.494   0.000   0.005   0.363   0.632
E K  1ZJ0A                 63    0.540 111.059   0.000   0.611   0.009   0.380
E K  1ZJ0A                 64    0.487 100.275   0.000   0.725   0.006   0.270
B Y  1ZJ0A                 65    0.119  25.493   0.000   0.825   0.012   0.164
B V  1ZJ0A                 66    0.212  32.553   0.000   0.945   0.003   0.052
E A  1ZJ0A                 67    0.452  49.861   0.000   0.935   0.004   0.061
B F  1ZJ0A                 68    0.140  28.016   0.000   0.936   0.002   0.062
B L  1ZJ0A                 69    0.039   7.069   0.000   0.983   0.001   0.016
E K  1ZJ0A                 70    0.478  98.267   0.000   0.995   0.000   0.005
E L  1ZJ0A                 71    0.311  57.010   0.000   0.996   0.000   0.004
B F  1ZJ0A                 72    0.026   5.187   0.000   0.998   0.000   0.002
B L  1ZJ0A                 73    0.095  17.412   0.000   0.998   0.000   0.002
E E  1ZJ0A                 74    0.519  90.636   0.000   0.997   0.000   0.003
B T  1ZJ0A                 75    0.083  11.539   0.000   0.990   0.000   0.010
B A  1ZJ0A                 76    0.009   0.970   0.000   0.995   0.000   0.005
E E  1ZJ0A                 77    0.412  72.027   0.000   0.989   0.000   0.011
E K  1ZJ0A                 78    0.573 117.866   0.000   0.960   0.000   0.040
E H  1ZJ0A                 79    0.330  59.941   0.000   0.858   0.001   0.141
B F  1ZJ0A                 80    0.131  26.380   0.000   0.293   0.050   0.657
B M  1ZJ0A                 81    0.099  19.894   0.000   0.028   0.024   0.948
E V  1ZJ0A                 82    0.481  73.933   0.000   0.007   0.015   0.978
E G  1ZJ0A                 83    0.639  50.286   0.000   0.006   0.003   0.991
B H  1ZJ0A                 84    0.180  32.831   0.000   0.003   0.056   0.941
E R  1ZJ0A                 85    0.512 117.146   0.000   0.001   0.850   0.149
B V  1ZJ0A                 86    0.084  12.890   0.000   0.000   0.943   0.056
B H  1ZJ0A                 87    0.208  37.818   0.000   0.000   0.992   0.008
B Y  1ZJ0A                 88    0.051  10.896   0.000   0.000   0.997   0.003
B Y  1ZJ0A                 89    0.076  16.154   0.000   0.000   0.999   0.001
B V  1ZJ0A                 90    0.009   1.339   0.000   0.000   0.998   0.002
B F  1ZJ0A                 91    0.050   9.946   0.000   0.000   0.985   0.015
B T  1ZJ0A                 92    0.028   3.857   0.000   0.000   0.798   0.202
E D  1ZJ0A                 93    0.380  54.701   0.000   0.000   0.013   0.987
E Q  1ZJ0A                 94    0.455  81.234   0.000   0.000   0.002   0.997
E P  1ZJ0A                 95    0.418  59.329   0.000   0.816   0.000   0.183
E A  1ZJ0A                 96    0.808  89.088   0.000   0.786   0.000   0.214
E A  1ZJ0A                 97    0.443  48.823   0.000   0.796   0.001   0.203
B V  1ZJ0A                 98    0.101  15.589   0.000   0.010   0.009   0.980
E P  1ZJ0A                 99    0.443  62.800   0.000   0.013   0.003   0.984
E R  1ZJ0A                100    0.706 161.583   0.000   0.013   0.129   0.859
B V  1ZJ0A                101    0.136  20.937   0.000   0.006   0.348   0.646
E T  1ZJ0A                102    0.680  94.297   0.000   0.003   0.447   0.550
E L  1ZJ0A                103    0.316  57.856   0.000   0.011   0.258   0.731
E G  1ZJ0A                104    0.378  29.720   0.000   0.017   0.058   0.925
E T  1ZJ0A                105    0.776 107.665   0.000   0.022   0.023   0.955
E G  1ZJ0A                106    0.551  43.367   0.000   0.050   0.017   0.933
E R  1ZJ0A                107    0.290  66.342   0.000   0.011   0.220   0.769
E Q  1ZJ0A                108    0.531  94.796   0.000   0.002   0.784   0.214
B L  1ZJ0A                109    0.150  27.490   0.000   0.000   0.894   0.105
E S  1ZJ0A                110    0.271  31.759   0.000   0.000   0.987   0.013
B V  1ZJ0A                111    0.226  34.692   0.000   0.000   0.992   0.008
B L  1ZJ0A                112    0.147  26.880   0.000   0.000   0.975   0.025
E E  1ZJ0A                113    0.544  94.988   0.000   0.000   0.903   0.096
B V  1ZJ0A                114    0.083  12.732   0.000   0.036   0.239   0.725
E G  1ZJ0A                115    0.483  37.994   0.000   0.076   0.078   0.847
E A  1ZJ0A                116    0.652  71.821   0.000   0.085   0.021   0.894
E Y  1ZJ0A                117    0.398  84.966   0.000   0.071   0.042   0.887
E K  1ZJ0A                118    0.642 132.122   0.000   0.095   0.019   0.885
E R  1ZJ0A                119    0.544 124.639   0.000   0.106   0.016   0.879
E W  1ZJ0A                120    0.368  88.392   0.000   0.427   0.028   0.545
E Q  1ZJ0A                121    0.330  58.942   0.000   0.788   0.008   0.204
E D  1ZJ0A                122    0.381  54.923   0.000   0.930   0.002   0.067
B V  1ZJ0A                123    0.117  17.985   0.000   0.978   0.001   0.021
B S  1ZJ0A                124    0.089  10.489   0.000   0.986   0.001   0.013
B M  1ZJ0A                125    0.243  48.594   0.000   0.993   0.000   0.007
E R  1ZJ0A                126    0.322  73.839   0.000   0.994   0.000   0.005
B R  1ZJ0A                127    0.135  30.861   0.000   0.995   0.000   0.004
B M  1ZJ0A                128    0.085  16.997   0.000   0.993   0.001   0.006
E E  1ZJ0A                129    0.430  75.184   0.000   0.997   0.000   0.003
B M  1ZJ0A                130    0.196  39.282   0.000   0.995   0.000   0.004
B I  1ZJ0A                131    0.051   9.394   0.000   0.990   0.000   0.009
B S  1ZJ0A                132    0.158  18.521   0.000   0.990   0.000   0.010
E D  1ZJ0A                133    0.451  64.932   0.000   0.982   0.000   0.018
B F  1ZJ0A                134    0.133  26.655   0.000   0.986   0.000   0.014
B C  1ZJ0A                135    0.053   7.435   0.000   0.975   0.000   0.025
E E  1ZJ0A                136    0.443  77.324   0.000   0.977   0.000   0.023
E R  1ZJ0A                137    0.611 139.861   0.000   0.967   0.000   0.033
E R  1ZJ0A                138    0.442 101.193   0.000   0.949   0.001   0.051
B F  1ZJ0A                139    0.084  16.797   0.000   0.882   0.001   0.116
B L  1ZJ0A                140    0.219  40.065   0.000   0.921   0.001   0.077
E S  1ZJ0A                141    0.632  74.098   0.000   0.767   0.001   0.231
E E  1ZJ0A                142    0.466  81.489   0.000   0.718   0.002   0.280
B V  1ZJ0A                143    0.044   6.748   0.000   0.002   0.036   0.961
E D  1ZJ0A                144    0.351  50.570   0.000   0.000   0.025   0.975
B Y  1ZJ0A                145    0.090  19.317   0.000   0.000   0.982   0.018
B L  1ZJ0A                146    0.011   1.956   0.000   0.000   0.998   0.001
B V  1ZJ0A                147    0.011   1.752   0.000   0.000   0.999   0.001
B C  1ZJ0A                148    0.010   1.399   0.000   0.000   0.996   0.004
B V  1ZJ0A                149    0.017   2.560   0.000   0.000   0.939   0.061
B D  1ZJ0A                150    0.133  19.176   0.000   0.000   0.687   0.313
B V  1ZJ0A                151    0.046   7.059   0.000   0.002   0.141   0.858
B D  1ZJ0A                152    0.227  32.723   0.000   0.003   0.177   0.819
B M  1ZJ0A                153    0.045   9.087   0.000   0.002   0.858   0.140
E E  1ZJ0A                154    0.351  61.269   0.000   0.001   0.981   0.019
B F  1ZJ0A                155    0.101  20.310   0.000   0.001   0.947   0.052
E R  1ZJ0A                156    0.477 109.231   0.000   0.004   0.506   0.490
E D  1ZJ0A                157    0.467  67.259   0.000   0.010   0.403   0.587
E H  1ZJ0A                158    0.464  84.315   0.000   0.011   0.398   0.591
B V  1ZJ0A                159    0.128  19.598   0.000   0.017   0.558   0.425
B G  1ZJ0A                160    0.154  12.124   0.000   0.128   0.197   0.675
E V  1ZJ0A                161    0.280  43.079   0.000   0.723   0.063   0.214
E E  1ZJ0A                162    0.432  75.463   0.000   0.798   0.054   0.147
B I  1ZJ0A                163    0.234  43.364   0.000   0.817   0.039   0.144
B L  1ZJ0A                164    0.112  20.576   0.000   0.464   0.046   0.490
E T  1ZJ0A                165    0.272  37.772   0.000   0.185   0.026   0.790
E P  1ZJ0A                166    0.483  68.483   0.000   0.079   0.008   0.913
B L  1ZJ0A                167    0.150  27.493   0.000   0.140   0.189   0.671
B F  1ZJ0A                168    0.092  18.504   0.000   0.017   0.766   0.217
B G  1ZJ0A                169    0.048   3.749   0.000   0.007   0.936   0.056
B T  1ZJ0A                170    0.085  11.837   0.000   0.004   0.964   0.032
B L  1ZJ0A                171    0.090  16.447   0.000   0.011   0.852   0.137
B H  1ZJ0A                172    0.122  22.212   0.000   0.008   0.070   0.923
B P  1ZJ0A                173    0.144  20.405   0.000   0.796   0.006   0.197
E S  1ZJ0A                174    0.493  57.723   0.000   0.807   0.005   0.188
E F  1ZJ0A                175    0.271  54.389   0.000   0.828   0.011   0.161
E Y  1ZJ0A                176    0.302  64.455   0.000   0.405   0.015   0.580
E G  1ZJ0A                177    0.751  59.104   0.000   0.016   0.001   0.983
E S  1ZJ0A                178    0.313  36.699   0.000   0.004   0.012   0.984
E S  1ZJ0A                179    0.496  58.122   0.000   0.005   0.023   0.972
E R  1ZJ0A                180    0.372  85.106   0.000   0.749   0.001   0.250
E E  1ZJ0A                181    0.808 141.139   0.000   0.782   0.000   0.218
E A  1ZJ0A                182    0.543  59.891   0.000   0.746   0.001   0.253
B F  1ZJ0A                183    0.183  36.761   0.000   0.035   0.013   0.952
E T  1ZJ0A                184    0.310  42.995   0.000   0.092   0.031   0.877
B Y  1ZJ0A                185    0.223  47.646   0.000   0.675   0.008   0.317
E E  1ZJ0A                186    0.335  58.598   0.000   0.529   0.024   0.447
E R  1ZJ0A                187    0.481 110.160   0.000   0.336   0.017   0.647
E R  1ZJ0A                188    0.308  70.443   0.000   0.014   0.011   0.975
E P  1ZJ0A                189    0.597  84.702   0.000   0.235   0.002   0.763
E Q  1ZJ0A                190    0.675 120.513   0.000   0.165   0.007   0.828
B S  1ZJ0A                191    0.028   3.247   0.000   0.085   0.026   0.889
E Q  1ZJ0A                192    0.485  86.617   0.000   0.026   0.087   0.886
B A  1ZJ0A                193    0.039   4.294   0.000   0.054   0.101   0.846
E Y  1ZJ0A                194    0.254  54.360   0.000   0.027   0.461   0.512
B I  1ZJ0A                195    0.070  13.011   0.000   0.001   0.276   0.723
E P  1ZJ0A                196    0.271  38.412   0.000   0.002   0.114   0.883
E K  1ZJ0A                197    0.585 120.361   0.000   0.044   0.006   0.950
E D  1ZJ0A                198    0.744 107.255   0.000   0.055   0.004   0.941
E E  1ZJ0A                199    0.416  72.614   0.000   0.085   0.059   0.856
B G  1ZJ0A                200    0.232  18.235   0.000   0.050   0.130   0.820
E D  1ZJ0A                201    0.492  70.963   0.000   0.024   0.046   0.931
B F  1ZJ0A                202    0.196  39.411   0.000   0.010   0.425   0.565
B Y  1ZJ0A                203    0.106  22.744   0.000   0.008   0.774   0.219
B Y  1ZJ0A                204    0.091  19.472   0.000   0.006   0.837   0.157
B M  1ZJ0A                205    0.046   9.193   0.000   0.006   0.837   0.157
B G  1ZJ0A                206    0.054   4.228   0.000   0.015   0.822   0.163
B A  1ZJ0A                207    0.052   5.764   0.000   0.008   0.874   0.118
B F  1ZJ0A                208    0.064  12.894   0.000   0.008   0.873   0.119
B F  1ZJ0A                209    0.151  30.206   0.000   0.009   0.799   0.192
B G  1ZJ0A                210    0.082   6.458   0.000   0.004   0.636   0.360
B G  1ZJ0A                211    0.154  12.088   0.000   0.002   0.538   0.460
E S  1ZJ0A                212    0.291  34.065   0.000   0.002   0.281   0.717
B V  1ZJ0A                213    0.184  28.240   0.000   0.990   0.000   0.010
E Q  1ZJ0A                214    0.625 111.708   0.000   0.997   0.000   0.003
E E  1ZJ0A                215    0.286  50.048   0.000   0.999   0.000   0.001
B V  1ZJ0A                216    0.020   3.109   0.000   0.999   0.000   0.001
E Q  1ZJ0A                217    0.312  55.757   0.000   1.000   0.000   0.000
E R  1ZJ0A                218    0.509 116.504   0.000   0.999   0.000   0.001
B L  1ZJ0A                219    0.049   8.913   0.000   0.999   0.000   0.001
B T  1ZJ0A                220    0.030   4.110   0.000   0.999   0.000   0.001
E R  1ZJ0A                221    0.514 117.803   0.000   1.000   0.000   0.000
B A  1ZJ0A                222    0.146  16.116   0.000   1.000   0.000   0.000
B C  1ZJ0A                223    0.013   1.851   0.000   0.999   0.000   0.001
E H  1ZJ0A                224    0.324  58.920   0.000   0.999   0.000   0.001
E Q  1ZJ0A                225    0.585 104.454   0.000   0.998   0.000   0.002
B A  1ZJ0A                226    0.085   9.415   0.000   0.994   0.000   0.006
B M  1ZJ0A                227    0.074  14.780   0.000   0.994   0.000   0.006
E M  1ZJ0A                228    0.466  93.241   0.000   0.998   0.000   0.002
E V  1ZJ0A                229    0.423  64.992   0.000   0.995   0.000   0.004
B D  1ZJ0A                230    0.043   6.155   0.000   0.998   0.000   0.002
E Q  1ZJ0A                231    0.507  90.588   0.000   0.997   0.000   0.003
E A  1ZJ0A                232    0.765  84.296   0.000   0.970   0.000   0.030
E N  1ZJ0A                233    0.489  71.599   0.000   0.226   0.000   0.774
E G  1ZJ0A                234    0.666  52.443   0.000   0.001   0.000   0.999
B I  1ZJ0A                235    0.090  16.610   0.000   0.001   0.114   0.885
E E  1ZJ0A                236    0.482  84.238   0.000   0.001   0.545   0.454
B A  1ZJ0A                237    0.124  13.625   0.000   0.004   0.539   0.457
E V  1ZJ0A                238    0.309  47.514   0.000   0.004   0.501   0.495
E W  1ZJ0A                239    0.315  75.787   0.000   0.008   0.424   0.568
B H  1ZJ0A                240    0.237  43.143   0.000   0.016   0.142   0.842
B D  1ZJ0A                241    0.231  33.310   0.000   0.065   0.090   0.846
B E  1ZJ0A                242    0.157  27.389   0.000   0.699   0.010   0.291
B S  1ZJ0A                243    0.234  27.368   0.000   0.908   0.005   0.087
B H  1ZJ0A                244    0.170  30.988   0.000   0.985   0.002   0.014
B L  1ZJ0A                245    0.022   4.094   0.000   0.993   0.001   0.006
B N  1ZJ0A                246    0.054   7.948   0.000   0.991   0.001   0.008
E K  1ZJ0A                247    0.268  55.131   0.000   0.992   0.000   0.008
B Y  1ZJ0A                248    0.130  27.881   0.000   0.994   0.000   0.005
B L  1ZJ0A                249    0.030   5.527   0.000   0.990   0.001   0.009
B L  1ZJ0A                250    0.206  37.789   0.000   0.953   0.002   0.046
E R  1ZJ0A                251    0.540 123.770   0.000   0.790   0.001   0.208
E H  1ZJ0A                252    0.474  86.198   0.000   0.265   0.003   0.732
E K  1ZJ0A                253    0.497 102.245   0.000   0.001   0.004   0.995
E P  1ZJ0A                254    0.345  48.959   0.000   0.001   0.006   0.993
B T  1ZJ0A                255    0.103  14.295   0.000   0.003   0.525   0.473
B K  1ZJ0A                256    0.211  43.360   0.000   0.001   0.931   0.069
B V  1ZJ0A                257    0.070  10.766   0.000   0.000   0.959   0.041
B L  1ZJ0A                258    0.040   7.393   0.000   0.000   0.506   0.494
B S  1ZJ0A                259    0.075   8.793   0.000   0.001   0.020   0.979
B P  1ZJ0A                260    0.090  12.833   0.000   0.927   0.001   0.072
E E  1ZJ0A                261    0.253  44.145   0.000   0.960   0.001   0.039
B Y  1ZJ0A                262    0.113  24.190   0.000   0.962   0.002   0.036
B L  1ZJ0A                263    0.074  13.632   0.000   0.614   0.058   0.327
B W  1ZJ0A                264    0.165  39.686   0.000   0.057   0.091   0.852
E D  1ZJ0A                265    0.338  48.689   0.000   0.014   0.028   0.958
E Q  1ZJ0A                266    0.566 101.073   0.000   0.680   0.002   0.318
E Q  1ZJ0A                267    0.758 135.401   0.000   0.691   0.003   0.307
E L  1ZJ0A                268    0.320  58.550   0.000   0.707   0.009   0.284
E L  1ZJ0A                269    0.316  57.769   0.000   0.475   0.018   0.507
E G  1ZJ0A                270    0.641  50.472   0.000   0.058   0.013   0.928
E W  1ZJ0A                271    0.399  96.054   0.000   0.011   0.010   0.979
E P  1ZJ0A                272    0.439  62.302   0.000   0.021   0.016   0.963
E A  1ZJ0A                273    0.514  56.641   0.000   0.220   0.033   0.748
E V  1ZJ0A                274    0.361  55.428   0.000   0.279   0.150   0.571
B L  1ZJ0A                275    0.083  15.169   0.000   0.151   0.297   0.552
E R  1ZJ0A                276    0.412  94.270   0.000   0.114   0.378   0.509
E K  1ZJ0A                277    0.375  77.131   0.000   0.065   0.671   0.265
B L  1ZJ0A                278    0.141  25.839   0.000   0.019   0.767   0.214
E R  1ZJ0A                279    0.303  69.296   0.000   0.014   0.873   0.112
B F  1ZJ0A                280    0.208  41.765   0.000   0.015   0.862   0.124
B T  1ZJ0A                281    0.174  24.118   0.000   0.013   0.858   0.129
E A  1ZJ0A                282    0.291  32.037   0.000   0.009   0.768   0.223
B V  1ZJ0A                283    0.210  32.313   0.000   0.004   0.452   0.544
E P  1ZJ0A                284    0.437  62.057   0.000   0.013   0.304   0.684
E K  1ZJ0A                285    0.562 115.592   0.000   0.090   0.020   0.889
E N  1ZJ0A                286    0.631  92.421   0.000   0.067   0.008   0.925
E H  1ZJ0A                287    0.364  66.190   0.000   0.262   0.005   0.733
E Q  1ZJ0A                288    0.733 130.951   0.000   0.278   0.006   0.716
E A  1ZJ0A                289    0.512  56.467   0.000   0.300   0.014   0.686
E V  1ZJ0A                290    0.352  54.085   0.000   0.172   0.030   0.798
E R  1ZJ0A                291    0.547 125.199   0.000   0.042   0.026   0.932
E N  1ZJ0A                292    0.796 116.553   0.000   0.001   0.004   0.995
E P  1ZJ0A                293    0.870 123.486   0.000   0.001   0.000   0.999
