# For publication of results, please cite:
# ...
# ... Michael Schantz Klausen, Martin Closter Jespersen, Henrik Nielsen, Kamilla Kjærgaard Jensen, 
# ... Vanessa Isabell Jurtz, Casper Kaae Sønderby, Morten Otto Alexander Sommer, Ole Winther, 
# ... Morten Nielsen, Bent Petersen, and Paolo Marcatili. 
# ... NetSurfP-2.0: Improved prediction of protein structural features by integrated deep learning.
# ... Proteins: Structure, Function, and Bioinformatics (Feb. 2019).
# ... https://doi.org/10.1002/prot.25674
# ...
#
# Column 1: Class assignment - B for buried or E for Exposed - Threshold: 25% exposure, but not based on RSA
# Column 2: Amino acid
# Column 3: Sequence name
# Column 4: Amino acid number
# Column 5: Relative Surface Accessibility - RSA
# Column 6: Absolute Surface Accessibility
# Column 7: Not used
# Column 8: Probability for Alpha-Helix
# Column 9: Probability for Beta-strand
# Column 10: Probability for Coil
E M  2HGHA                  1    0.603 120.669   0.000   0.000   0.025   0.974
E Y  2HGHA                  2    0.300  64.074   0.000   0.001   0.871   0.128
E V  2HGHA                  3    0.434  66.768   0.000   0.000   0.965   0.035
B C  2HGHA                  4    0.039   5.511   0.000   0.000   0.784   0.216
E H  2HGHA                  5    0.580 105.444   0.000   0.000   0.800   0.200
B F  2HGHA                  6    0.112  22.512   0.000   0.003   0.094   0.903
E E  2HGHA                  7    0.802 140.029   0.000   0.008   0.002   0.989
E N  2HGHA                  8    0.652  95.481   0.000   0.008   0.001   0.991
B C  2HGHA                  9    0.213  29.964   0.000   0.021   0.004   0.976
E G  2HGHA                 10    0.528  41.533   0.000   0.001   0.004   0.994
E K  2HGHA                 11    0.430  88.495   0.000   0.000   0.037   0.962
E A  2HGHA                 12    0.341  37.524   0.000   0.000   0.993   0.007
B F  2HGHA                 13    0.035   7.122   0.000   0.000   0.926   0.073
E K  2HGHA                 14    0.599 123.177   0.000   0.002   0.034   0.964
E K  2HGHA                 15    0.489 100.565   0.000   0.015   0.051   0.934
E H  2HGHA                 16    0.466  84.856   0.000   0.979   0.000   0.020
E N  2HGHA                 17    0.742 108.593   0.000   0.987   0.000   0.013
E Q  2HGHA                 18    0.339  60.500   0.000   0.994   0.000   0.006
B L  2HGHA                 19    0.035   6.373   0.000   0.978   0.003   0.019
E K  2HGHA                 20    0.471  96.886   0.000   0.989   0.001   0.010
E V  2HGHA                 21    0.404  62.162   0.000   0.991   0.001   0.008
B H  2HGHA                 22    0.074  13.383   0.000   0.989   0.001   0.010
B Q  2HGHA                 23    0.203  36.272   0.000   0.980   0.002   0.017
E F  2HGHA                 24    0.513 102.923   0.000   0.963   0.002   0.034
E S  2HGHA                 25    0.374  43.830   0.000   0.932   0.003   0.066
B H  2HGHA                 26    0.219  39.758   0.000   0.756   0.007   0.236
E T  2HGHA                 27    0.333  46.206   0.000   0.540   0.012   0.448
E Q  2HGHA                 28    0.735 131.275   0.000   0.020   0.001   0.979
E Q  2HGHA                 29    0.684 122.173   0.000   0.009   0.004   0.986
E L  2HGHA                 30    0.559 102.392   0.000   0.001   0.014   0.985
E P  2HGHA                 31    0.475  67.447   0.000   0.002   0.018   0.980
B Y  2HGHA                 32    0.225  48.078   0.000   0.002   0.809   0.190
E E  2HGHA                 33    0.632 110.437   0.000   0.001   0.873   0.126
B C  2HGHA                 34    0.058   8.081   0.000   0.000   0.174   0.826
E P  2HGHA                 35    0.491  69.631   0.000   0.007   0.075   0.918
E H  2HGHA                 36    0.279  50.697   0.000   0.014   0.061   0.926
E E  2HGHA                 37    0.833 145.452   0.000   0.022   0.009   0.969
E G  2HGHA                 38    0.744  58.579   0.000   0.018   0.002   0.980
B C  2HGHA                 39    0.187  26.254   0.000   0.013   0.010   0.977
E D  2HGHA                 40    0.785 113.074   0.000   0.004   0.008   0.989
E K  2HGHA                 41    0.385  79.244   0.000   0.004   0.182   0.814
E R  2HGHA                 42    0.529 121.059   0.000   0.001   0.957   0.042
B F  2HGHA                 43    0.050   9.956   0.000   0.003   0.796   0.202
E S  2HGHA                 44    0.537  62.970   0.000   0.004   0.053   0.943
E L  2HGHA                 45    0.330  60.410   0.000   0.011   0.005   0.984
E P  2HGHA                 46    0.434  61.619   0.000   0.951   0.000   0.049
E S  2HGHA                 47    0.612  71.717   0.000   0.979   0.000   0.021
E R  2HGHA                 48    0.358  82.093   0.000   0.992   0.000   0.008
B L  2HGHA                 49    0.040   7.380   0.000   0.984   0.002   0.015
E K  2HGHA                 50    0.499 102.592   0.000   0.990   0.001   0.009
E R  2HGHA                 51    0.514 117.617   0.000   0.988   0.001   0.011
B H  2HGHA                 52    0.061  11.107   0.000   0.989   0.001   0.010
B E  2HGHA                 53    0.226  39.518   0.000   0.988   0.001   0.011
E K  2HGHA                 54    0.594 122.264   0.000   0.980   0.001   0.019
E V  2HGHA                 55    0.374  57.546   0.000   0.965   0.002   0.033
B H  2HGHA                 56    0.185  33.680   0.000   0.849   0.005   0.146
E A  2HGHA                 57    0.438  48.237   0.000   0.478   0.008   0.514
E G  2HGHA                 58    0.744  58.556   0.000   0.012   0.001   0.987
E Y  2HGHA                 59    0.509 108.783   0.000   0.002   0.004   0.994
E P  2HGHA                 60    0.676  95.951   0.000   0.009   0.006   0.985
E C  2HGHA                 61    0.340  47.691   0.000   0.028   0.034   0.939
E K  2HGHA                 62    0.584 120.171   0.000   0.053   0.093   0.854
E K  2HGHA                 63    0.614 126.259   0.000   0.073   0.063   0.863
E D  2HGHA                 64    0.496  71.522   0.000   0.068   0.040   0.892
E D  2HGHA                 65    0.495  71.401   0.000   0.086   0.037   0.876
E S  2HGHA                 66    0.563  66.036   0.000   0.042   0.284   0.674
B C  2HGHA                 67    0.086  12.009   0.000   0.011   0.012   0.977
E S  2HGHA                 68    0.808  94.721   0.000   0.055   0.001   0.944
E F  2HGHA                 69    0.315  63.233   0.000   0.078   0.006   0.916
B V  2HGHA                 70    0.248  38.145   0.000   0.019   0.008   0.973
E G  2HGHA                 71    0.579  45.573   0.000   0.007   0.003   0.990
E K  2HGHA                 72    0.392  80.659   0.000   0.003   0.007   0.990
E T  2HGHA                 73    0.396  54.961   0.000   0.005   0.699   0.295
B W  2HGHA                 74    0.205  49.423   0.000   0.813   0.015   0.173
E T  2HGHA                 75    0.577  80.091   0.000   0.947   0.002   0.051
E L  2HGHA                 76    0.323  59.152   0.000   0.980   0.001   0.019
B Y  2HGHA                 77    0.108  22.980   0.000   0.983   0.001   0.016
E L  2HGHA                 78    0.344  63.031   0.000   0.987   0.000   0.012
E K  2HGHA                 79    0.566 116.366   0.000   0.983   0.000   0.016
B H  2HGHA                 80    0.111  20.234   0.000   0.980   0.001   0.019
B V  2HGHA                 81    0.136  20.860   0.000   0.978   0.002   0.020
E A  2HGHA                 82    0.508  55.932   0.000   0.966   0.001   0.033
E E  2HGHA                 83    0.643 112.300   0.000   0.923   0.001   0.075
E C  2HGHA                 84    0.314  44.030   0.000   0.765   0.002   0.233
E H  2HGHA                 85    0.396  71.978   0.000   0.311   0.006   0.683
E Q  2HGHA                 86    0.850 151.748   0.000   0.046   0.004   0.950
E D  2HGHA                 87    0.953 137.265   0.000   0.001   0.000   0.999
