# For publication of results, please cite:
# ...
# ... Michael Schantz Klausen, Martin Closter Jespersen, Henrik Nielsen, Kamilla Kjærgaard Jensen, 
# ... Vanessa Isabell Jurtz, Casper Kaae Sønderby, Morten Otto Alexander Sommer, Ole Winther, 
# ... Morten Nielsen, Bent Petersen, and Paolo Marcatili. 
# ... NetSurfP-2.0: Improved prediction of protein structural features by integrated deep learning.
# ... Proteins: Structure, Function, and Bioinformatics (Feb. 2019).
# ... https://doi.org/10.1002/prot.25674
# ...
#
# Column 1: Class assignment - B for buried or E for Exposed - Threshold: 25% exposure, but not based on RSA
# Column 2: Amino acid
# Column 3: Sequence name
# Column 4: Amino acid number
# Column 5: Relative Surface Accessibility - RSA
# Column 6: Absolute Surface Accessibility
# Column 7: Not used
# Column 8: Probability for Alpha-Helix
# Column 9: Probability for Beta-strand
# Column 10: Probability for Coil
E M  1VJNA                  1    0.911 182.245   0.000   0.000   0.000   1.000
E G  1VJNA                  2    0.904  71.171   0.000   0.000   0.000   1.000
E S  1VJNA                  3    0.866 101.554   0.000   0.001   0.000   0.999
E D  1VJNA                  4    0.837 120.613   0.000   0.002   0.000   0.997
E K  1VJNA                  5    0.747 153.654   0.000   0.005   0.002   0.993
E I  1VJNA                  6    0.712 131.645   0.000   0.004   0.002   0.994
E H  1VJNA                  7    0.754 137.092   0.000   0.004   0.003   0.993
E H  1VJNA                  8    0.749 136.266   0.000   0.007   0.003   0.989
E H  1VJNA                  9    0.748 136.043   0.000   0.009   0.004   0.987
E H  1VJNA                 10    0.744 135.399   0.000   0.011   0.008   0.981
E H  1VJNA                 11    0.734 133.459   0.000   0.011   0.014   0.975
E H  1VJNA                 12    0.724 131.636   0.000   0.012   0.067   0.921
E M  1VJNA                 13    0.360  72.010   0.000   0.005   0.250   0.745
E K  1VJNA                 14    0.446  91.661   0.000   0.004   0.695   0.300
B I  1VJNA                 15    0.111  20.615   0.000   0.001   0.916   0.084
B T  1VJNA                 16    0.211  29.317   0.000   0.002   0.949   0.049
B W  1VJNA                 17    0.140  33.624   0.000   0.002   0.940   0.057
B F  1VJNA                 18    0.245  49.105   0.000   0.008   0.712   0.280
E G  1VJNA                 19    0.326  25.665   0.000   0.009   0.295   0.697
E H  1VJNA                 20    0.288  52.359   0.000   0.009   0.390   0.600
B A  1VJNA                 21    0.112  12.310   0.000   0.009   0.525   0.466
B C  1VJNA                 22    0.028   3.882   0.000   0.000   0.843   0.156
B F  1VJNA                 23    0.040   7.984   0.000   0.001   0.992   0.007
B A  1VJNA                 24    0.057   6.283   0.000   0.000   0.999   0.001
B L  1VJNA                 25    0.013   2.337   0.000   0.000   0.999   0.001
E E  1VJNA                 26    0.380  66.410   0.000   0.000   0.998   0.002
B M  1VJNA                 27    0.049   9.762   0.000   0.000   0.983   0.017
E E  1VJNA                 28    0.787 137.566   0.000   0.001   0.002   0.997
E G  1VJNA                 29    0.877  69.057   0.000   0.001   0.000   0.999
E K  1VJNA                 30    0.357  73.356   0.000   0.000   0.965   0.035
B T  1VJNA                 31    0.157  21.780   0.000   0.000   0.996   0.004
B I  1VJNA                 32    0.015   2.807   0.000   0.000   0.999   0.001
B V  1VJNA                 33    0.015   2.286   0.000   0.000   0.998   0.002
B T  1VJNA                 34    0.013   1.809   0.000   0.000   0.924   0.076
B D  1VJNA                 35    0.051   7.373   0.000   0.000   0.037   0.963
B P  1VJNA                 36    0.007   0.966   0.000   0.012   0.013   0.975
B F  1VJNA                 37    0.064  12.777   0.000   0.018   0.088   0.894
B D  1VJNA                 38    0.214  30.813   0.000   0.143   0.048   0.809
E E  1VJNA                 39    0.473  82.662   0.000   0.403   0.017   0.581
E S  1VJNA                 40    0.401  46.981   0.000   0.455   0.024   0.521
E V  1VJNA                 41    0.341  52.442   0.000   0.256   0.030   0.713
E G  1VJNA                 42    0.599  47.163   0.000   0.020   0.016   0.963
B Y  1VJNA                 43    0.240  51.333   0.000   0.003   0.083   0.914
E P  1VJNA                 44    0.568  80.563   0.000   0.001   0.059   0.940
B I  1VJNA                 45    0.114  21.170   0.000   0.013   0.031   0.956
E P  1VJNA                 46    0.410  58.240   0.000   0.027   0.007   0.965
E N  1VJNA                 47    0.883 129.270   0.000   0.034   0.006   0.960
B V  1VJNA                 48    0.139  21.373   0.000   0.011   0.052   0.937
E T  1VJNA                 49    0.648  89.940   0.000   0.003   0.042   0.955
B A  1VJNA                 50    0.061   6.765   0.000   0.001   0.096   0.903
E D  1VJNA                 51    0.438  63.147   0.000   0.000   0.036   0.964
B V  1VJNA                 52    0.033   5.085   0.000   0.000   0.984   0.016
B V  1VJNA                 53    0.006   0.854   0.000   0.000   0.999   0.001
B T  1VJNA                 54    0.007   0.926   0.000   0.000   0.965   0.035
B E  1VJNA                 55    0.009   1.505   0.000   0.000   0.177   0.823
B S  1VJNA                 56    0.031   3.591   0.000   0.000   0.003   0.997
B H  1VJNA                 57    0.064  11.721   0.000   0.000   0.011   0.989
B Q  1VJNA                 58    0.212  37.858   0.000   0.000   0.000   1.000
B H  1VJNA                 59    0.178  32.422   0.000   0.006   0.011   0.983
E F  1VJNA                 60    0.341  68.468   0.000   0.875   0.001   0.125
B D  1VJNA                 61    0.215  30.944   0.000   0.799   0.001   0.200
B H  1VJNA                 62    0.075  13.567   0.000   0.767   0.014   0.219
B N  1VJNA                 63    0.065   9.480   0.000   0.310   0.068   0.622
B A  1VJNA                 64    0.112  12.380   0.000   0.097   0.038   0.866
E H  1VJNA                 65    0.333  60.605   0.000   0.406   0.014   0.580
E H  1VJNA                 66    0.550 100.050   0.000   0.513   0.018   0.469
B L  1VJNA                 67    0.156  28.640   0.000   0.558   0.047   0.394
B V  1VJNA                 68    0.052   7.965   0.000   0.101   0.425   0.474
E K  1VJNA                 69    0.541 111.186   0.000   0.061   0.347   0.592
E G  1VJNA                 70    0.509  40.064   0.000   0.013   0.250   0.737
E N  1VJNA                 71    0.616  90.155   0.000   0.011   0.237   0.752
B F  1VJNA                 72    0.175  35.113   0.000   0.001   0.505   0.493
E R  1VJNA                 73    0.463 106.115   0.000   0.000   0.984   0.016
E V  1VJNA                 74    0.350  53.795   0.000   0.000   0.989   0.011
B I  1VJNA                 75    0.085  15.723   0.000   0.000   0.688   0.311
E D  1VJNA                 76    0.637  91.732   0.000   0.002   0.209   0.788
E R  1VJNA                 77    0.470 107.638   0.000   0.001   0.085   0.914
E P  1VJNA                 78    0.459  65.175   0.000   0.000   0.030   0.969
E G  1VJNA                 79    0.322  25.328   0.000   0.000   0.909   0.091
E A  1VJNA                 80    0.481  53.006   0.000   0.000   0.933   0.067
B Y  1VJNA                 81    0.173  37.058   0.000   0.000   0.998   0.002
E T  1VJNA                 82    0.700  97.022   0.000   0.000   0.998   0.002
B V  1VJNA                 83    0.033   5.139   0.000   0.000   0.993   0.007
E N  1VJNA                 84    0.688 100.691   0.000   0.003   0.005   0.992
E G  1VJNA                 85    0.698  54.955   0.000   0.002   0.002   0.997
B V  1VJNA                 86    0.067  10.335   0.000   0.000   0.974   0.026
E K  1VJNA                 87    0.470  96.760   0.000   0.000   0.997   0.003
B I  1VJNA                 88    0.041   7.512   0.000   0.000   0.999   0.001
E K  1VJNA                 89    0.300  61.612   0.000   0.000   0.999   0.001
B G  1VJNA                 90    0.091   7.180   0.000   0.000   0.991   0.009
B V  1VJNA                 91    0.070  10.733   0.000   0.000   0.982   0.018
E E  1VJNA                 92    0.376  65.633   0.000   0.000   0.916   0.084
B T  1VJNA                 93    0.032   4.409   0.000   0.003   0.423   0.574
B F  1VJNA                 94    0.248  49.711   0.000   0.005   0.515   0.480
B H  1VJNA                 95    0.128  23.225   0.000   0.005   0.397   0.598
E D  1VJNA                 96    0.275  39.637   0.000   0.004   0.217   0.778
E P  1VJNA                 97    0.410  58.110   0.000   0.232   0.020   0.748
E S  1VJNA                 98    0.631  73.935   0.000   0.220   0.029   0.751
E H  1VJNA                 99    0.564 102.579   0.000   0.186   0.011   0.803
E G  1VJNA                100    0.551  43.372   0.000   0.086   0.019   0.896
E R  1VJNA                101    0.529 121.225   0.000   0.085   0.250   0.665
E E  1VJNA                102    0.461  80.512   0.000   0.050   0.581   0.370
E R  1VJNA                103    0.351  80.303   0.000   0.040   0.519   0.441
B G  1VJNA                104    0.129  10.134   0.000   0.018   0.284   0.698
E K  1VJNA                105    0.334  68.622   0.000   0.013   0.247   0.740
B N  1VJNA                106    0.038   5.634   0.000   0.002   0.626   0.372
B I  1VJNA                107    0.025   4.598   0.000   0.001   0.888   0.110
B V  1VJNA                108    0.010   1.478   0.000   0.000   0.974   0.026
B F  1VJNA                109    0.013   2.566   0.000   0.000   0.998   0.002
B V  1VJNA                110    0.048   7.334   0.000   0.000   1.000   0.000
B F  1VJNA                111    0.013   2.670   0.000   0.000   0.998   0.002
E E  1VJNA                112    0.394  68.898   0.000   0.000   0.992   0.008
B G  1VJNA                113    0.075   5.888   0.000   0.001   0.923   0.076
E E  1VJNA                114    0.730 127.532   0.000   0.004   0.005   0.990
E G  1VJNA                115    0.821  64.582   0.000   0.005   0.001   0.994
B I  1VJNA                116    0.129  23.865   0.000   0.000   0.883   0.117
E K  1VJNA                117    0.334  68.731   0.000   0.000   0.988   0.012
B V  1VJNA                118    0.013   1.928   0.000   0.000   0.999   0.001
B C  1VJNA                119    0.010   1.357   0.000   0.000   0.999   0.001
B H  1VJNA                120    0.031   5.658   0.000   0.000   0.985   0.015
B L  1VJNA                121    0.015   2.731   0.000   0.002   0.238   0.761
B G  1VJNA                122    0.028   2.220   0.000   0.005   0.042   0.953
B D  1VJNA                123    0.085  12.225   0.000   0.003   0.029   0.969
B L  1VJNA                124    0.014   2.590   0.000   0.028   0.023   0.948
B G  1VJNA                125    0.086   6.778   0.000   0.041   0.015   0.944
B H  1VJNA                126    0.219  39.778   0.000   0.049   0.026   0.925
B V  1VJNA                127    0.185  28.384   0.000   0.048   0.045   0.907
B L  1VJNA                128    0.066  12.149   0.000   0.003   0.016   0.980
E T  1VJNA                129    0.357  49.474   0.000   0.002   0.001   0.998
E P  1VJNA                130    0.470  66.679   0.000   0.960   0.000   0.040
E A  1VJNA                131    0.525  57.848   0.000   0.979   0.000   0.020
B Q  1VJNA                132    0.199  35.476   0.000   0.989   0.000   0.011
B V  1VJNA                133    0.052   8.041   0.000   0.989   0.000   0.011
E E  1VJNA                134    0.679 118.690   0.000   0.980   0.000   0.020
E E  1VJNA                135    0.573 100.026   0.000   0.965   0.000   0.035
B I  1VJNA                136    0.056  10.326   0.000   0.909   0.000   0.090
E G  1VJNA                137    0.430  33.850   0.000   0.180   0.005   0.815
E E  1VJNA                138    0.690 120.531   0.000   0.173   0.003   0.824
B I  1VJNA                139    0.029   5.310   0.000   0.001   0.008   0.991
E D  1VJNA                140    0.333  47.963   0.000   0.000   0.006   0.994
B V  1VJNA                141    0.014   2.226   0.000   0.000   0.992   0.008
B L  1VJNA                142    0.004   0.768   0.000   0.000   0.999   0.001
B L  1VJNA                143    0.007   1.221   0.000   0.000   0.998   0.002
B V  1VJNA                144    0.003   0.402   0.000   0.000   0.938   0.062
B P  1VJNA                145    0.027   3.851   0.000   0.000   0.791   0.209
B V  1VJNA                146    0.020   2.999   0.000   0.002   0.136   0.862
B G  1VJNA                147    0.123   9.642   0.000   0.013   0.066   0.922
E G  1VJNA                148    0.260  20.484   0.000   0.040   0.026   0.934
E T  1VJNA                149    0.387  53.708   0.000   0.042   0.016   0.941
E Y  1VJNA                150    0.304  65.050   0.000   0.041   0.017   0.942
B T  1VJNA                151    0.115  15.894   0.000   0.030   0.094   0.876
B I  1VJNA                152    0.028   5.088   0.000   0.009   0.119   0.872
B G  1VJNA                153    0.127  10.020   0.000   0.009   0.004   0.987
B P  1VJNA                154    0.173  24.569   0.000   0.976   0.000   0.023
E K  1VJNA                155    0.621 127.660   0.000   0.991   0.000   0.009
E E  1VJNA                156    0.277  48.330   0.000   0.993   0.000   0.007
B A  1VJNA                157    0.002   0.228   0.000   0.997   0.000   0.003
E K  1VJNA                158    0.307  63.242   0.000   0.998   0.000   0.002
E E  1VJNA                159    0.506  88.419   0.000   0.998   0.000   0.002
B V  1VJNA                160    0.019   2.903   0.000   0.998   0.000   0.002
B A  1VJNA                161    0.010   1.075   0.000   0.998   0.000   0.002
E D  1VJNA                162    0.617  88.923   0.000   0.994   0.000   0.006
E L  1VJNA                163    0.366  66.929   0.000   0.980   0.000   0.020
B L  1VJNA                164    0.055  10.008   0.000   0.565   0.000   0.435
E N  1VJNA                165    0.782 114.518   0.000   0.002   0.000   0.998
B A  1VJNA                166    0.030   3.273   0.000   0.000   0.002   0.997
E K  1VJNA                167    0.504 103.612   0.000   0.000   0.006   0.993
B V  1VJNA                168    0.078  11.969   0.000   0.000   0.962   0.038
B I  1VJNA                169    0.007   1.307   0.000   0.000   0.999   0.001
B I  1VJNA                170    0.005   0.845   0.000   0.000   0.994   0.006
B P  1VJNA                171    0.002   0.339   0.000   0.000   0.966   0.034
B M  1VJNA                172    0.007   1.481   0.000   0.000   0.727   0.273
B H  1VJNA                173    0.059  10.649   0.000   0.003   0.180   0.818
B Y  1VJNA                174    0.056  11.904   0.000   0.014   0.203   0.782
B K  1VJNA                175    0.223  45.891   0.000   0.071   0.136   0.793
B T  1VJNA                176    0.241  33.478   0.000   0.658   0.025   0.317
E K  1VJNA                177    0.430  88.397   0.000   0.731   0.021   0.248
B Y  1VJNA                178    0.238  50.872   0.000   0.750   0.026   0.225
E L  1VJNA                179    0.283  51.814   0.000   0.521   0.032   0.447
E K  1VJNA                180    0.685 140.871   0.000   0.349   0.018   0.633
E F  1VJNA                181    0.347  69.646   0.000   0.145   0.026   0.829
E N  1VJNA                182    0.662  96.952   0.000   0.032   0.036   0.931
B L  1VJNA                183    0.223  40.799   0.000   0.044   0.107   0.849
B L  1VJNA                184    0.173  31.673   0.000   0.012   0.085   0.902
E P  1VJNA                185    0.383  54.377   0.000   0.018   0.034   0.948
B V  1VJNA                186    0.141  21.598   0.000   0.937   0.001   0.062
E D  1VJNA                187    0.673  97.011   0.000   0.980   0.000   0.020
E D  1VJNA                188    0.421  60.659   0.000   0.983   0.000   0.017
B F  1VJNA                189    0.012   2.371   0.000   0.988   0.000   0.011
B L  1VJNA                190    0.201  36.718   0.000   0.961   0.002   0.037
E K  1VJNA                191    0.703 144.645   0.000   0.822   0.002   0.177
B L  1VJNA                192    0.229  41.999   0.000   0.718   0.001   0.281
B F  1VJNA                193    0.062  12.437   0.000   0.191   0.109   0.700
E D  1VJNA                194    0.683  98.356   0.000   0.172   0.153   0.675
E S  1VJNA                195    0.595  69.776   0.000   0.126   0.161   0.713
E Y  1VJNA                196    0.269  57.515   0.000   0.015   0.347   0.638
E E  1VJNA                197    0.615 107.515   0.000   0.003   0.887   0.110
E R  1VJNA                198    0.469 107.294   0.000   0.000   0.978   0.022
E V  1VJNA                199    0.350  53.850   0.000   0.000   0.962   0.037
E G  1VJNA                200    0.462  36.335   0.000   0.004   0.428   0.568
E N  1VJNA                201    0.597  87.413   0.000   0.003   0.292   0.705
E I  1VJNA                202    0.344  63.685   0.000   0.002   0.878   0.120
B L  1VJNA                203    0.116  21.303   0.000   0.001   0.932   0.067
E E  1VJNA                204    0.499  87.109   0.000   0.001   0.982   0.017
B L  1VJNA                205    0.137  25.077   0.000   0.004   0.932   0.064
E F  1VJNA                206    0.326  65.432   0.000   0.007   0.534   0.459
E E  1VJNA                207    0.664 116.024   0.000   0.012   0.253   0.734
E K  1VJNA                208    0.469  96.454   0.000   0.004   0.046   0.950
E P  1VJNA                209    0.287  40.655   0.000   0.034   0.036   0.930
E K  1VJNA                210    0.667 137.144   0.000   0.042   0.026   0.931
E E  1VJNA                211    0.617 107.767   0.000   0.046   0.085   0.869
E R  1VJNA                212    0.350  80.151   0.000   0.006   0.266   0.728
E K  1VJNA                213    0.376  77.343   0.000   0.003   0.789   0.208
B V  1VJNA                214    0.083  12.819   0.000   0.000   0.960   0.040
B V  1VJNA                215    0.057   8.807   0.000   0.000   0.991   0.009
B V  1VJNA                216    0.055   8.444   0.000   0.000   0.992   0.008
B M  1VJNA                217    0.046   9.141   0.000   0.001   0.942   0.057
E E  1VJNA                218    0.347  60.566   0.000   0.002   0.806   0.192
E V  1VJNA                219    0.254  39.032   0.000   0.005   0.475   0.521
E Q  1VJNA                220    0.813 145.221   0.000   0.000   0.001   0.999
