# For publication of results, please cite:
# ...
# ... Michael Schantz Klausen, Martin Closter Jespersen, Henrik Nielsen, Kamilla Kjærgaard Jensen, 
# ... Vanessa Isabell Jurtz, Casper Kaae Sønderby, Morten Otto Alexander Sommer, Ole Winther, 
# ... Morten Nielsen, Bent Petersen, and Paolo Marcatili. 
# ... NetSurfP-2.0: Improved prediction of protein structural features by integrated deep learning.
# ... Proteins: Structure, Function, and Bioinformatics (Feb. 2019).
# ... https://doi.org/10.1002/prot.25674
# ...
#
# Column 1: Class assignment - B for buried or E for Exposed - Threshold: 25% exposure, but not based on RSA
# Column 2: Amino acid
# Column 3: Sequence name
# Column 4: Amino acid number
# Column 5: Relative Surface Accessibility - RSA
# Column 6: Absolute Surface Accessibility
# Column 7: Not used
# Column 8: Probability for Alpha-Helix
# Column 9: Probability for Beta-strand
# Column 10: Probability for Coil
E M  2WNYA                  1    0.839 167.953   0.000   0.001   0.000   0.999
E R  2WNYA                  2    0.774 177.339   0.000   0.004   0.016   0.980
E D  2WNYA                  3    0.629  90.681   0.000   0.011   0.073   0.916
E M  2WNYA                  4    0.382  76.386   0.000   0.005   0.147   0.849
B I  2WNYA                  5    0.125  23.212   0.000   0.001   0.587   0.412
E H  2WNYA                  6    0.285  51.761   0.000   0.002   0.659   0.339
E N  2WNYA                  7    0.356  52.105   0.000   0.000   0.978   0.021
B I  2WNYA                  8    0.038   6.971   0.000   0.000   0.994   0.006
B S  2WNYA                  9    0.201  23.549   0.000   0.000   0.998   0.002
B Y  2WNYA                 10    0.041   8.707   0.000   0.000   0.999   0.001
B C  2WNYA                 11    0.158  22.154   0.000   0.000   0.998   0.002
B L  2WNYA                 12    0.025   4.645   0.000   0.000   0.996   0.004
B M  2WNYA                 13    0.216  43.160   0.000   0.000   0.990   0.010
B V  2WNYA                 14    0.013   1.989   0.000   0.000   0.973   0.027
E Y  2WNYA                 15    0.268  57.336   0.000   0.000   0.606   0.394
E G  2WNYA                 16    0.285  22.416   0.000   0.011   0.013   0.976
E T  2WNYA                 17    0.467  64.720   0.000   0.025   0.012   0.963
E E  2WNYA                 18    0.296  51.712   0.000   0.016   0.007   0.977
E D  2WNYA                 19    0.518  74.607   0.000   0.002   0.001   0.997
E E  2WNYA                 20    0.450  78.628   0.000   0.986   0.000   0.014
E E  2WNYA                 21    0.743 129.719   0.000   0.996   0.000   0.004
E K  2WNYA                 22    0.412  84.814   0.000   0.998   0.000   0.002
B V  2WNYA                 23    0.009   1.386   0.000   0.999   0.000   0.001
B I  2WNYA                 24    0.124  22.863   0.000   1.000   0.000   0.000
E E  2WNYA                 25    0.532  92.902   0.000   0.999   0.000   0.001
B A  2WNYA                 26    0.054   5.961   0.000   1.000   0.000   0.000
B L  2WNYA                 27    0.015   2.796   0.000   0.997   0.000   0.003
E R  2WNYA                 28    0.485 111.138   0.000   0.943   0.000   0.057
E N  2WNYA                 29    0.563  82.486   0.000   0.810   0.000   0.190
B V  2WNYA                 30    0.133  20.506   0.000   0.725   0.001   0.274
B I  2WNYA                 31    0.049   9.098   0.000   0.004   0.003   0.993
E P  2WNYA                 32    0.559  79.344   0.000   0.002   0.003   0.995
E G  2WNYA                 33    0.839  66.000   0.000   0.003   0.002   0.996
B A  2WNYA                 34    0.135  14.848   0.000   0.004   0.038   0.959
E T  2WNYA                 35    0.734 101.771   0.000   0.001   0.282   0.717
B P  2WNYA                 36    0.241  34.128   0.000   0.001   0.379   0.620
E E  2WNYA                 37    0.623 108.827   0.000   0.000   0.982   0.018
E R  2WNYA                 38    0.528 120.888   0.000   0.000   0.994   0.006
E E  2WNYA                 39    0.532  92.899   0.000   0.000   0.992   0.007
E S  2WNYA                 40    0.638  74.822   0.000   0.000   0.988   0.012
E A  2WNYA                 41    0.260  28.652   0.000   0.001   0.924   0.075
E E  2WNYA                 42    0.730 127.554   0.000   0.001   0.931   0.068
E G  2WNYA                 43    0.377  29.681   0.000   0.006   0.301   0.693
E Y  2WNYA                 44    0.771 164.715   0.000   0.036   0.153   0.811
E H  2WNYA                 45    0.786 142.981   0.000   0.044   0.016   0.940
E G  2WNYA                 46    0.704  55.395   0.000   0.024   0.014   0.963
E N  2WNYA                 47    0.466  68.219   0.000   0.003   0.075   0.921
E P  2WNYA                 48    0.378  53.653   0.000   0.003   0.244   0.753
B I  2WNYA                 49    0.225  41.681   0.000   0.001   0.756   0.243
B T  2WNYA                 50    0.135  18.775   0.000   0.000   0.986   0.013
B V  2WNYA                 51    0.125  19.225   0.000   0.000   0.996   0.004
B L  2WNYA                 52    0.072  13.197   0.000   0.000   0.999   0.001
E R  2WNYA                 53    0.362  82.866   0.000   0.000   0.999   0.001
B G  2WNYA                 54    0.065   5.083   0.000   0.000   0.999   0.001
E R  2WNYA                 55    0.457 104.702   0.000   0.000   0.995   0.005
B L  2WNYA                 56    0.058  10.621   0.000   0.003   0.885   0.112
E D  2WNYA                 57    0.545  78.566   0.000   0.009   0.260   0.730
E R  2WNYA                 58    0.470 107.518   0.000   0.142   0.093   0.765
E R  2WNYA                 59    0.531 121.613   0.000   0.957   0.006   0.037
E R  2WNYA                 60    0.603 138.102   0.000   0.968   0.003   0.030
B A  2WNYA                 61    0.085   9.393   0.000   0.992   0.000   0.007
B L  2WNYA                 62    0.070  12.889   0.000   0.992   0.000   0.007
E R  2WNYA                 63    0.504 115.525   0.000   0.998   0.000   0.002
E E  2WNYA                 64    0.479  83.663   0.000   0.998   0.000   0.002
B F  2WNYA                 65    0.054  10.879   0.000   0.998   0.000   0.002
B M  2WNYA                 66    0.132  26.339   0.000   0.999   0.000   0.001
E E  2WNYA                 67    0.575 100.469   0.000   0.998   0.000   0.002
E K  2WNYA                 68    0.390  80.205   0.000   0.996   0.000   0.004
B F  2WNYA                 69    0.045   9.126   0.000   0.990   0.000   0.010
E T  2WNYA                 70    0.279  38.664   0.000   0.981   0.000   0.019
E E  2WNYA                 71    0.708 123.773   0.000   0.971   0.000   0.029
E V  2WNYA                 72    0.345  53.097   0.000   0.925   0.000   0.074
B F  2WNYA                 73    0.120  24.147   0.000   0.881   0.001   0.118
E R  2WNYA                 74    0.596 136.410   0.000   0.877   0.001   0.122
E G  2WNYA                 75    0.589  46.357   0.000   0.829   0.001   0.170
E R  2WNYA                 76    0.370  84.843   0.000   0.833   0.003   0.164
B M  2WNYA                 77    0.153  30.608   0.000   0.966   0.001   0.033
E D  2WNYA                 78    0.605  87.245   0.000   0.975   0.000   0.025
E E  2WNYA                 79    0.466  81.473   0.000   0.976   0.000   0.024
B L  2WNYA                 80    0.055  10.041   0.000   0.975   0.000   0.025
E E  2WNYA                 81    0.477  83.269   0.000   0.964   0.001   0.035
E D  2WNYA                 82    0.747 107.704   0.000   0.838   0.001   0.161
E R  2WNYA                 83    0.356  81.578   0.000   0.664   0.003   0.333
B F  2WNYA                 84    0.141  28.307   0.000   0.018   0.769   0.213
E D  2WNYA                 85    0.343  49.379   0.000   0.005   0.014   0.981
E E  2WNYA                 86    0.888 155.112   0.000   0.023   0.012   0.964
E N  2WNYA                 87    0.742 108.590   0.000   0.024   0.003   0.973
B G  2WNYA                 88    0.178  13.974   0.000   0.004   0.005   0.991
B N  2WNYA                 89    0.226  33.028   0.000   0.000   0.243   0.757
B L  2WNYA                 90    0.037   6.732   0.000   0.000   0.974   0.026
B F  2WNYA                 91    0.238  47.776   0.000   0.000   0.976   0.024
B L  2WNYA                 92    0.038   6.887   0.000   0.000   0.992   0.008
E R  2WNYA                 93    0.320  73.217   0.000   0.000   0.992   0.008
B L  2WNYA                 94    0.040   7.251   0.000   0.000   0.937   0.062
E D  2WNYA                 95    0.264  38.062   0.000   0.000   0.797   0.203
B K  2WNYA                 96    0.226  46.422   0.000   0.977   0.001   0.022
E Q  2WNYA                 97    0.457  81.661   0.000   0.993   0.000   0.006
E K  2WNYA                 98    0.273  56.074   0.000   0.998   0.000   0.002
B A  2WNYA                 99    0.026   2.836   0.000   0.998   0.000   0.002
B L  2WNYA                100    0.229  41.911   0.000   0.966   0.002   0.032
E E  2WNYA                101    0.593 103.584   0.000   0.353   0.005   0.642
E G  2WNYA                102    0.426  33.549   0.000   0.002   0.003   0.995
E V  2WNYA                103    0.416  63.932   0.000   0.001   0.072   0.927
B W  2WNYA                104    0.097  23.213   0.000   0.001   0.264   0.735
E E  2WNYA                105    0.596 104.133   0.000   0.000   0.658   0.342
E P  2WNYA                106    0.277  39.269   0.000   0.004   0.552   0.444
B V  2WNYA                107    0.229  35.227   0.000   0.002   0.546   0.452
E R  2WNYA                108    0.672 153.788   0.000   0.005   0.635   0.359
E H  2WNYA                109    0.649 118.096   0.000   0.014   0.477   0.508
E G  2WNYA                110    0.666  52.408   0.000   0.012   0.013   0.975
E D  2WNYA                111    0.603  86.887   0.000   0.008   0.020   0.972
B A  2WNYA                112    0.105  11.615   0.000   0.001   0.600   0.399
B I  2WNYA                113    0.028   5.210   0.000   0.000   0.957   0.043
E H  2WNYA                114    0.293  53.210   0.000   0.000   0.993   0.007
B L  2WNYA                115    0.015   2.700   0.000   0.000   0.998   0.002
E K  2WNYA                116    0.308  63.346   0.000   0.000   0.998   0.002
B I  2WNYA                117    0.020   3.658   0.000   0.000   0.996   0.003
E K  2WNYA                118    0.371  76.249   0.000   0.000   0.992   0.008
B V  2WNYA                119    0.044   6.741   0.000   0.002   0.951   0.048
E E  2WNYA                120    0.518  90.408   0.000   0.019   0.607   0.374
B A  2WNYA                121    0.159  17.506   0.000   0.010   0.472   0.518
E Y  2WNYA                122    0.362  77.396   0.000   0.007   0.184   0.810
E P  2WNYA                123    0.486  68.984   0.000   0.559   0.033   0.409
E A  2WNYA                124    0.586  64.583   0.000   0.418   0.004   0.578
E K  2WNYA                125    0.460  94.706   0.000   0.341   0.002   0.657
E R  2WNYA                126    0.428  98.102   0.000   0.917   0.000   0.082
E E  2WNYA                127    0.731 127.735   0.000   0.930   0.000   0.070
E V  2WNYA                128    0.341  52.338   0.000   0.953   0.001   0.046
B A  2WNYA                129    0.022   2.470   0.000   0.979   0.000   0.020
B V  2WNYA                130    0.187  28.725   0.000   0.988   0.000   0.011
E E  2WNYA                131    0.579 101.121   0.000   0.983   0.000   0.016
B N  2WNYA                132    0.202  29.548   0.000   0.965   0.001   0.034
B I  2WNYA                133    0.031   5.650   0.000   0.979   0.000   0.021
E R  2WNYA                134    0.545 124.884   0.000   0.935   0.001   0.064
E K  2WNYA                135    0.704 144.885   0.000   0.812   0.001   0.187
B I  2WNYA                136    0.220  40.616   0.000   0.565   0.002   0.433
E L  2WNYA                137    0.421  77.006   0.000   0.009   0.000   0.991
