# For publication of results, please cite:
# ...
# ... Michael Schantz Klausen, Martin Closter Jespersen, Henrik Nielsen, Kamilla Kjærgaard Jensen, 
# ... Vanessa Isabell Jurtz, Casper Kaae Sønderby, Morten Otto Alexander Sommer, Ole Winther, 
# ... Morten Nielsen, Bent Petersen, and Paolo Marcatili. 
# ... NetSurfP-2.0: Improved prediction of protein structural features by integrated deep learning.
# ... Proteins: Structure, Function, and Bioinformatics (Feb. 2019).
# ... https://doi.org/10.1002/prot.25674
# ...
#
# Column 1: Class assignment - B for buried or E for Exposed - Threshold: 25% exposure, but not based on RSA
# Column 2: Amino acid
# Column 3: Sequence name
# Column 4: Amino acid number
# Column 5: Relative Surface Accessibility - RSA
# Column 6: Absolute Surface Accessibility
# Column 7: Not used
# Column 8: Probability for Alpha-Helix
# Column 9: Probability for Beta-strand
# Column 10: Probability for Coil
E M  3QE7A                  1    0.796 159.219   0.000   0.001   0.000   0.999
E T  3QE7A                  2    0.768 106.514   0.000   0.010   0.018   0.972
E R  3QE7A                  3    0.673 154.111   0.000   0.018   0.080   0.902
E R  3QE7A                  4    0.603 138.075   0.000   0.011   0.166   0.823
E A  3QE7A                  5    0.453  49.902   0.000   0.016   0.260   0.724
B I  3QE7A                  6    0.213  39.320   0.000   0.012   0.373   0.615
E G  3QE7A                  7    0.284  22.341   0.000   0.004   0.084   0.912
E V  3QE7A                  8    0.295  45.296   0.000   0.291   0.018   0.690
E S  3QE7A                  9    0.763  89.374   0.000   0.420   0.009   0.572
E E  3QE7A                 10    0.563  98.294   0.000   0.523   0.009   0.467
E R  3QE7A                 11    0.408  93.368   0.000   0.002   0.008   0.990
B P  3QE7A                 12    0.192  27.265   0.000   0.002   0.001   0.998
E P  3QE7A                 13    0.472  66.935   0.000   0.017   0.012   0.971
E L  3QE7A                 14    0.506  92.703   0.000   0.895   0.001   0.104
E L  3QE7A                 15    0.629 115.096   0.000   0.900   0.001   0.099
E Q  3QE7A                 16    0.373  66.633   0.000   0.901   0.001   0.098
B T  3QE7A                 17    0.030   4.187   0.000   0.917   0.000   0.083
E I  3QE7A                 18    0.267  49.479   0.000   0.954   0.000   0.046
E P  3QE7A                 19    0.257  36.417   0.000   0.930   0.001   0.070
B L  3QE7A                 20    0.057  10.394   0.000   0.977   0.000   0.022
B S  3QE7A                 21    0.043   5.058   0.000   0.994   0.000   0.006
B L  3QE7A                 22    0.230  42.084   0.000   0.996   0.000   0.004
B Q  3QE7A                 23    0.067  11.931   0.000   0.997   0.000   0.003
B H  3QE7A                 24    0.022   3.986   0.000   0.999   0.000   0.001
B L  3QE7A                 25    0.130  23.890   0.000   0.997   0.000   0.003
B F  3QE7A                 26    0.224  45.029   0.000   0.988   0.000   0.012
B A  3QE7A                 27    0.021   2.346   0.000   0.973   0.000   0.027
B M  3QE7A                 28    0.019   3.713   0.000   0.946   0.000   0.054
B F  3QE7A                 29    0.186  37.407   0.000   0.911   0.000   0.089
B G  3QE7A                 30    0.061   4.808   0.000   0.969   0.000   0.031
B A  3QE7A                 31    0.015   1.692   0.000   0.991   0.000   0.009
B T  3QE7A                 32    0.060   8.383   0.000   0.963   0.000   0.037
B V  3QE7A                 33    0.177  27.216   0.000   0.926   0.000   0.074
B L  3QE7A                 34    0.108  19.842   0.000   0.969   0.000   0.031
B V  3QE7A                 35    0.036   5.471   0.000   0.998   0.000   0.002
B P  3QE7A                 36    0.066   9.318   0.000   0.999   0.000   0.001
E V  3QE7A                 37    0.441  67.753   0.000   0.995   0.000   0.005
E L  3QE7A                 38    0.353  64.668   0.000   0.956   0.000   0.044
B F  3QE7A                 39    0.200  40.150   0.000   0.322   0.000   0.678
E H  3QE7A                 40    0.786 142.982   0.000   0.037   0.000   0.963
B I  3QE7A                 41    0.165  30.537   0.000   0.001   0.003   0.996
E N  3QE7A                 42    0.515  75.328   0.000   0.001   0.000   0.999
E P  3QE7A                 43    0.347  49.199   0.000   0.967   0.000   0.033
E A  3QE7A                 44    0.316  34.853   0.000   0.993   0.000   0.007
B T  3QE7A                 45    0.157  21.719   0.000   0.997   0.000   0.003
B V  3QE7A                 46    0.012   1.792   0.000   0.999   0.000   0.001
B L  3QE7A                 47    0.121  22.228   0.000   0.999   0.000   0.001
E L  3QE7A                 48    0.323  59.215   0.000   0.998   0.000   0.002
B F  3QE7A                 49    0.063  12.694   0.000   0.996   0.000   0.004
B N  3QE7A                 50    0.009   1.318   0.000   0.998   0.000   0.002
B G  3QE7A                 51    0.121   9.515   0.000   0.999   0.000   0.001
E I  3QE7A                 52    0.362  67.026   0.000   0.999   0.000   0.001
B G  3QE7A                 53    0.013   1.052   0.000   0.999   0.000   0.001
B T  3QE7A                 54    0.008   1.166   0.000   0.999   0.000   0.001
E L  3QE7A                 55    0.289  52.970   0.000   0.999   0.000   0.001
E L  3QE7A                 56    0.340  62.290   0.000   0.999   0.000   0.001
B Y  3QE7A                 57    0.033   7.084   0.000   0.997   0.000   0.003
B L  3QE7A                 58    0.040   7.293   0.000   0.985   0.000   0.015
E F  3QE7A                 59    0.554 111.217   0.000   0.936   0.000   0.064
E I  3QE7A                 60    0.464  85.896   0.000   0.796   0.000   0.204
B C  3QE7A                 61    0.145  20.304   0.000   0.317   0.003   0.680
E K  3QE7A                 62    0.633 130.127   0.000   0.068   0.006   0.926
E G  3QE7A                 63    0.268  21.068   0.000   0.023   0.007   0.969
E K  3QE7A                 64    0.672 138.238   0.000   0.001   0.004   0.995
B I  3QE7A                 65    0.215  39.802   0.000   0.001   0.024   0.975
E P  3QE7A                 66    0.256  36.353   0.000   0.001   0.020   0.979
B A  3QE7A                 67    0.069   7.572   0.000   0.011   0.352   0.637
B Y  3QE7A                 68    0.120  25.704   0.000   0.008   0.546   0.445
B L  3QE7A                 69    0.072  13.106   0.000   0.011   0.546   0.443
B G  3QE7A                 70    0.032   2.482   0.000   0.062   0.188   0.751
B S  3QE7A                 71    0.062   7.323   0.000   0.171   0.187   0.642
B S  3QE7A                 72    0.041   4.759   0.000   0.451   0.047   0.502
B F  3QE7A                 73    0.145  29.081   0.000   0.783   0.003   0.214
B A  3QE7A                 74    0.083   9.102   0.000   0.800   0.001   0.199
B F  3QE7A                 75    0.035   6.927   0.000   0.828   0.001   0.171
B I  3QE7A                 76    0.038   7.121   0.000   0.965   0.000   0.035
B S  3QE7A                 77    0.095  11.140   0.000   0.996   0.000   0.004
B P  3QE7A                 78    0.042   5.949   0.000   0.999   0.000   0.001
B V  3QE7A                 79    0.040   6.159   0.000   0.997   0.000   0.002
B L  3QE7A                 80    0.144  26.390   0.000   0.982   0.000   0.018
E L  3QE7A                 81    0.256  46.802   0.000   0.829   0.001   0.170
B L  3QE7A                 82    0.217  39.757   0.000   0.627   0.000   0.373
E L  3QE7A                 83    0.258  47.161   0.000   0.293   0.002   0.705
E P  3QE7A                 84    0.668  94.735   0.000   0.322   0.001   0.677
E L  3QE7A                 85    0.369  67.532   0.000   0.506   0.008   0.486
E G  3QE7A                 86    0.264  20.780   0.000   0.266   0.006   0.728
E Y  3QE7A                 87    0.330  70.487   0.000   0.962   0.001   0.037
E E  3QE7A                 88    0.517  90.340   0.000   0.995   0.000   0.005
B V  3QE7A                 89    0.116  17.838   0.000   0.998   0.000   0.002
B A  3QE7A                 90    0.020   2.233   0.000   0.999   0.000   0.001
B L  3QE7A                 91    0.130  23.764   0.000   0.999   0.000   0.001
B G  3QE7A                 92    0.139  10.946   0.000   0.999   0.000   0.001
B G  3QE7A                 93    0.025   1.964   0.000   0.999   0.000   0.001
B F  3QE7A                 94    0.017   3.349   0.000   0.999   0.000   0.001
B I  3QE7A                 95    0.187  34.632   0.000   0.999   0.000   0.001
E M  3QE7A                 96    0.281  56.320   0.000   0.999   0.000   0.001
B C  3QE7A                 97    0.009   1.200   0.000   0.999   0.000   0.001
B G  3QE7A                 98    0.010   0.819   0.000   1.000   0.000   0.000
E V  3QE7A                 99    0.349  53.697   0.000   0.999   0.000   0.001
E L  3QE7A                100    0.261  47.724   0.000   1.000   0.000   0.000
B F  3QE7A                101    0.013   2.622   0.000   0.999   0.000   0.001
B C  3QE7A                102    0.108  15.191   0.000   0.998   0.000   0.002
E L  3QE7A                103    0.441  80.804   0.000   0.992   0.000   0.008
B V  3QE7A                104    0.127  19.461   0.000   0.979   0.000   0.021
B S  3QE7A                105    0.028   3.255   0.000   0.982   0.000   0.018
E F  3QE7A                106    0.352  70.592   0.000   0.953   0.001   0.047
E I  3QE7A                107    0.307  56.785   0.000   0.922   0.001   0.077
B V  3QE7A                108    0.184  28.255   0.000   0.929   0.001   0.069
E K  3QE7A                109    0.569 117.139   0.000   0.923   0.002   0.076
E K  3QE7A                110    0.761 156.499   0.000   0.880   0.002   0.118
E A  3QE7A                111    0.581  64.053   0.000   0.522   0.001   0.476
E G  3QE7A                112    0.629  49.531   0.000   0.025   0.001   0.974
E T  3QE7A                113    0.388  53.865   0.000   0.060   0.008   0.932
E G  3QE7A                114    0.366  28.844   0.000   0.243   0.008   0.749
E W  3QE7A                115    0.385  92.695   0.000   0.687   0.005   0.308
B L  3QE7A                116    0.139  25.423   0.000   0.899   0.002   0.099
E D  3QE7A                117    0.342  49.265   0.000   0.947   0.002   0.051
E V  3QE7A                118    0.419  64.433   0.000   0.891   0.004   0.105
E L  3QE7A                119    0.276  50.584   0.000   0.731   0.003   0.265
B F  3QE7A                120    0.153  30.789   0.000   0.014   0.005   0.981
B P  3QE7A                121    0.222  31.432   0.000   0.018   0.000   0.981
B P  3QE7A                122    0.233  33.081   0.000   0.982   0.000   0.018
B A  3QE7A                123    0.154  16.950   0.000   0.992   0.000   0.008
B A  3QE7A                124    0.120  13.269   0.000   0.995   0.000   0.005
B M  3QE7A                125    0.055  11.065   0.000   0.991   0.000   0.009
B G  3QE7A                126    0.028   2.194   0.000   0.998   0.000   0.002
B A  3QE7A                127    0.128  14.098   0.000   0.999   0.000   0.001
B I  3QE7A                128    0.135  25.011   0.000   0.999   0.000   0.001
B V  3QE7A                129    0.057   8.751   0.000   0.999   0.000   0.001
B A  3QE7A                130    0.081   8.873   0.000   0.999   0.000   0.001
E V  3QE7A                131    0.276  42.442   0.000   0.999   0.000   0.001
B I  3QE7A                132    0.124  22.894   0.000   0.999   0.000   0.001
B G  3QE7A                133    0.022   1.742   0.000   0.999   0.000   0.001
E L  3QE7A                134    0.275  50.398   0.000   0.992   0.000   0.008
E E  3QE7A                135    0.373  65.129   0.000   0.965   0.000   0.034
B L  3QE7A                136    0.170  31.036   0.000   0.930   0.000   0.069
B A  3QE7A                137    0.121  13.293   0.000   0.927   0.001   0.073
E G  3QE7A                138    0.256  20.131   0.000   0.958   0.000   0.041
E V  3QE7A                139    0.313  48.151   0.000   0.957   0.001   0.042
B A  3QE7A                140    0.180  19.866   0.000   0.928   0.001   0.071
B A  3QE7A                141    0.196  21.647   0.000   0.897   0.001   0.102
E G  3QE7A                142    0.362  28.514   0.000   0.869   0.001   0.130
E M  3QE7A                143    0.338  67.728   0.000   0.807   0.002   0.191
E A  3QE7A                144    0.299  32.928   0.000   0.460   0.014   0.526
E G  3QE7A                145    0.473  37.224   0.000   0.122   0.015   0.862
E L  3QE7A                146    0.376  68.904   0.000   0.049   0.046   0.905
E L  3QE7A                147    0.316  57.870   0.000   0.011   0.109   0.880
E P  3QE7A                148    0.450  63.915   0.000   0.015   0.053   0.931
E A  3QE7A                149    0.539  59.381   0.000   0.039   0.091   0.869
E E  3QE7A                150    0.812 141.779   0.000   0.025   0.030   0.945
E G  3QE7A                151    0.780  61.424   0.000   0.017   0.011   0.971
E Q  3QE7A                152    0.613 109.414   0.000   0.009   0.032   0.959
E T  3QE7A                153    0.636  88.265   0.000   0.002   0.052   0.947
B P  3QE7A                154    0.236  33.538   0.000   0.007   0.077   0.916
E D  3QE7A                155    0.405  58.294   0.000   0.017   0.011   0.971
E S  3QE7A                156    0.683  80.057   0.000   0.949   0.000   0.051
E K  3QE7A                157    0.464  95.403   0.000   0.984   0.000   0.016
B T  3QE7A                158    0.033   4.568   0.000   0.996   0.000   0.004
B I  3QE7A                159    0.244  45.068   0.000   0.999   0.000   0.001
E I  3QE7A                160    0.510  94.410   0.000   0.999   0.000   0.001
B I  3QE7A                161    0.062  11.552   0.000   0.999   0.000   0.001
B S  3QE7A                162    0.014   1.618   0.000   1.000   0.000   0.000
E I  3QE7A                163    0.421  77.891   0.000   1.000   0.000   0.000
E T  3QE7A                164    0.348  48.334   0.000   1.000   0.000   0.000
B T  3QE7A                165    0.008   1.060   0.000   0.999   0.000   0.001
B L  3QE7A                166    0.191  35.026   0.000   0.999   0.000   0.001
E A  3QE7A                167    0.471  51.942   0.000   0.999   0.000   0.001
B V  3QE7A                168    0.202  31.003   0.000   0.998   0.000   0.002
B T  3QE7A                169    0.029   4.069   0.000   0.995   0.000   0.005
E V  3QE7A                170    0.338  51.941   0.000   0.992   0.000   0.008
E L  3QE7A                171    0.520  95.237   0.000   0.972   0.000   0.028
B G  3QE7A                172    0.100   7.879   0.000   0.950   0.000   0.050
B S  3QE7A                173    0.185  21.661   0.000   0.929   0.001   0.071
E V  3QE7A                174    0.608  93.492   0.000   0.890   0.001   0.109
E L  3QE7A                175    0.631 115.557   0.000   0.779   0.001   0.221
E F  3QE7A                176    0.357  71.593   0.000   0.220   0.002   0.778
E R  3QE7A                177    0.682 156.291   0.000   0.142   0.009   0.850
E G  3QE7A                178    0.556  43.726   0.000   0.160   0.003   0.837
E F  3QE7A                179    0.572 114.720   0.000   0.454   0.009   0.536
E L  3QE7A                180    0.470  86.067   0.000   0.554   0.013   0.432
E A  3QE7A                181    0.326  35.972   0.000   0.570   0.006   0.425
E I  3QE7A                182    0.309  57.193   0.000   0.584   0.003   0.414
E I  3QE7A                183    0.451  83.462   0.000   0.729   0.002   0.269
B P  3QE7A                184    0.176  24.920   0.000   0.862   0.001   0.137
B I  3QE7A                185    0.067  12.454   0.000   0.991   0.000   0.009
E L  3QE7A                186    0.264  48.303   0.000   0.999   0.000   0.001
E I  3QE7A                187    0.412  76.135   0.000   0.998   0.000   0.002
B G  3QE7A                188    0.021   1.632   0.000   0.999   0.000   0.001
B V  3QE7A                189    0.046   6.996   0.000   1.000   0.000   0.000
E L  3QE7A                190    0.405  74.234   0.000   1.000   0.000   0.000
E V  3QE7A                191    0.399  61.276   0.000   0.999   0.000   0.001
B G  3QE7A                192    0.006   0.436   0.000   0.999   0.000   0.000
B Y  3QE7A                193    0.092  19.687   0.000   0.999   0.000   0.001
E A  3QE7A                194    0.473  52.079   0.000   0.999   0.000   0.001
E L  3QE7A                195    0.351  64.198   0.000   0.998   0.000   0.002
B S  3QE7A                196    0.006   0.669   0.000   0.997   0.000   0.003
E F  3QE7A                197    0.367  73.656   0.000   0.993   0.000   0.007
E A  3QE7A                198    0.681  75.043   0.000   0.936   0.000   0.064
E M  3QE7A                199    0.399  79.752   0.000   0.227   0.000   0.773
E G  3QE7A                200    0.660  51.933   0.000   0.006   0.000   0.994
E I  3QE7A                201    0.377  69.708   0.000   0.021   0.003   0.977
B V  3QE7A                202    0.216  33.133   0.000   0.012   0.028   0.960
E D  3QE7A                203    0.708 102.050   0.000   0.006   0.011   0.983
E T  3QE7A                204    0.349  48.420   0.000   0.124   0.022   0.854
E T  3QE7A                205    0.491  68.054   0.000   0.550   0.035   0.415
E P  3QE7A                206    0.436  61.806   0.000   0.731   0.023   0.245
B I  3QE7A                207    0.166  30.686   0.000   0.761   0.033   0.205
E I  3QE7A                208    0.283  52.359   0.000   0.522   0.057   0.421
E N  3QE7A                209    0.651  95.249   0.000   0.358   0.019   0.623
E A  3QE7A                210    0.320  35.302   0.000   0.230   0.027   0.743
E H  3QE7A                211    0.560 101.912   0.000   0.264   0.048   0.689
E W  3QE7A                212    0.574 137.961   0.000   0.303   0.034   0.663
E F  3QE7A                213    0.474  95.075   0.000   0.202   0.046   0.752
E A  3QE7A                214    0.304  33.521   0.000   0.140   0.058   0.803
E L  3QE7A                215    0.269  49.185   0.000   0.013   0.033   0.954
E P  3QE7A                216    0.258  36.675   0.000   0.008   0.027   0.966
E T  3QE7A                217    0.496  68.751   0.000   0.014   0.103   0.883
E L  3QE7A                218    0.394  72.134   0.000   0.010   0.182   0.808
E Y  3QE7A                219    0.523 111.727   0.000   0.007   0.160   0.833
E T  3QE7A                220    0.461  63.981   0.000   0.003   0.041   0.956
E P  3QE7A                221    0.261  37.066   0.000   0.007   0.026   0.967
E R  3QE7A                222    0.707 161.814   0.000   0.010   0.033   0.957
E F  3QE7A                223    0.404  81.140   0.000   0.019   0.049   0.932
E E  3QE7A                224    0.528  92.314   0.000   0.021   0.006   0.973
E W  3QE7A                225    0.726 174.663   0.000   0.869   0.001   0.130
E F  3QE7A                226    0.472  94.701   0.000   0.913   0.001   0.086
B A  3QE7A                227    0.072   7.972   0.000   0.969   0.000   0.031
E I  3QE7A                228    0.284  52.554   0.000   0.973   0.000   0.027
E L  3QE7A                229    0.442  80.919   0.000   0.921   0.001   0.078
B T  3QE7A                230    0.102  14.081   0.000   0.893   0.000   0.107
B I  3QE7A                231    0.070  13.021   0.000   0.900   0.000   0.100
E L  3QE7A                232    0.435  79.740   0.000   0.988   0.000   0.012
B P  3QE7A                233    0.142  20.153   0.000   0.993   0.000   0.007
B A  3QE7A                234    0.021   2.295   0.000   0.998   0.000   0.002
B A  3QE7A                235    0.079   8.678   0.000   0.999   0.000   0.001
E L  3QE7A                236    0.369  67.515   0.000   0.999   0.000   0.001
B V  3QE7A                237    0.091  13.911   0.000   0.999   0.000   0.001
B V  3QE7A                238    0.015   2.353   0.000   0.998   0.000   0.002
B I  3QE7A                239    0.196  36.227   0.000   0.998   0.000   0.002
E A  3QE7A                240    0.290  31.919   0.000   0.997   0.000   0.003
B E  3QE7A                241    0.044   7.637   0.000   0.991   0.000   0.009
B H  3QE7A                242    0.022   3.955   0.000   0.986   0.000   0.014
B V  3QE7A                243    0.219  33.718   0.000   0.989   0.000   0.010
B G  3QE7A                244    0.098   7.728   0.000   0.994   0.000   0.005
B H  3QE7A                245    0.032   5.820   0.000   0.994   0.000   0.006
B L  3QE7A                246    0.067  12.251   0.000   0.996   0.000   0.004
E V  3QE7A                247    0.295  45.366   0.000   0.994   0.000   0.005
B V  3QE7A                248    0.131  20.104   0.000   0.992   0.000   0.008
B T  3QE7A                249    0.039   5.374   0.000   0.976   0.000   0.024
B A  3QE7A                250    0.063   6.979   0.000   0.979   0.000   0.021
E N  3QE7A                251    0.522  76.476   0.000   0.942   0.001   0.057
E I  3QE7A                252    0.260  48.070   0.000   0.938   0.001   0.061
B V  3QE7A                253    0.173  26.666   0.000   0.656   0.003   0.341
E K  3QE7A                254    0.503 103.450   0.000   0.398   0.004   0.598
E K  3QE7A                255    0.544 111.982   0.000   0.590   0.005   0.405
E D  3QE7A                256    0.728 104.859   0.000   0.618   0.002   0.379
E L  3QE7A                257    0.269  49.255   0.000   0.564   0.006   0.430
E L  3QE7A                258    0.367  67.227   0.000   0.227   0.014   0.759
E R  3QE7A                259    0.599 137.151   0.000   0.127   0.013   0.860
E D  3QE7A                260    0.538  77.533   0.000   0.006   0.005   0.988
E P  3QE7A                261    0.368  52.244   0.000   0.227   0.012   0.761
E G  3QE7A                262    0.270  21.256   0.000   0.356   0.005   0.639
B L  3QE7A                263    0.161  29.559   0.000   0.894   0.001   0.105
E H  3QE7A                264    0.331  60.166   0.000   0.929   0.001   0.070
E R  3QE7A                265    0.310  70.956   0.000   0.988   0.000   0.012
B S  3QE7A                266    0.039   4.526   0.000   0.998   0.000   0.002
B M  3QE7A                267    0.063  12.676   0.000   0.999   0.000   0.001
E F  3QE7A                268    0.292  58.686   0.000   0.998   0.000   0.002
B A  3QE7A                269    0.067   7.375   0.000   0.998   0.000   0.002
B N  3QE7A                270    0.032   4.627   0.000   0.998   0.000   0.002
B G  3QE7A                271    0.034   2.699   0.000   0.999   0.000   0.001
E L  3QE7A                272    0.302  55.338   0.000   0.999   0.000   0.001
B S  3QE7A                273    0.017   1.978   0.000   0.999   0.000   0.001
B T  3QE7A                274    0.006   0.851   0.000   0.999   0.000   0.001
B V  3QE7A                275    0.163  25.045   0.000   0.999   0.000   0.001
E I  3QE7A                276    0.289  53.426   0.000   0.996   0.000   0.004
B S  3QE7A                277    0.007   0.837   0.000   0.995   0.000   0.005
B G  3QE7A                278    0.022   1.746   0.000   0.987   0.000   0.013
E F  3QE7A                279    0.374  75.083   0.000   0.888   0.001   0.112
E F  3QE7A                280    0.253  50.688   0.000   0.435   0.001   0.565
B G  3QE7A                281    0.075   5.937   0.000   0.038   0.001   0.961
B S  3QE7A                282    0.034   4.040   0.000   0.020   0.064   0.916
B T  3QE7A                283    0.082  11.363   0.000   0.017   0.147   0.835
B P  3QE7A                284    0.074  10.483   0.000   0.032   0.215   0.753
B N  3QE7A                285    0.067   9.881   0.000   0.025   0.241   0.734
B T  3QE7A                286    0.025   3.427   0.000   0.031   0.346   0.623
B T  3QE7A                287    0.089  12.312   0.000   0.045   0.127   0.828
B Y  3QE7A                288    0.115  24.474   0.000   0.205   0.117   0.677
B G  3QE7A                289    0.128  10.051   0.000   0.894   0.014   0.093
B E  3QE7A                290    0.110  19.281   0.000   0.930   0.007   0.062
B N  3QE7A                291    0.045   6.660   0.000   0.946   0.003   0.051
B I  3QE7A                292    0.105  19.503   0.000   0.973   0.001   0.026
B G  3QE7A                293    0.160  12.610   0.000   0.982   0.001   0.018
B V  3QE7A                294    0.057   8.726   0.000   0.985   0.001   0.014
B M  3QE7A                295    0.038   7.631   0.000   0.989   0.000   0.011
E A  3QE7A                296    0.266  29.270   0.000   0.947   0.002   0.051
E I  3QE7A                297    0.386  71.372   0.000   0.892   0.003   0.105
B T  3QE7A                298    0.143  19.805   0.000   0.571   0.005   0.423
E R  3QE7A                299    0.559 128.051   0.000   0.032   0.003   0.964
E V  3QE7A                300    0.283  43.456   0.000   0.078   0.035   0.887
E Y  3QE7A                301    0.286  61.128   0.000   0.201   0.065   0.734
B S  3QE7A                302    0.077   8.983   0.000   0.471   0.029   0.499
B T  3QE7A                303    0.191  26.529   0.000   0.966   0.002   0.033
E W  3QE7A                304    0.457 109.914   0.000   0.983   0.001   0.017
B V  3QE7A                305    0.138  21.196   0.000   0.994   0.000   0.005
B I  3QE7A                306    0.050   9.250   0.000   0.997   0.000   0.003
B G  3QE7A                307    0.093   7.292   0.000   0.998   0.000   0.002
B G  3QE7A                308    0.170  13.347   0.000   0.998   0.000   0.002
B A  3QE7A                309    0.073   8.027   0.000   0.998   0.000   0.001
B A  3QE7A                310    0.062   6.802   0.000   0.999   0.000   0.001
B I  3QE7A                311    0.228  42.223   0.000   0.999   0.000   0.001
E F  3QE7A                312    0.328  65.784   0.000   0.999   0.000   0.001
B A  3QE7A                313    0.101  11.100   0.000   0.998   0.000   0.002
B I  3QE7A                314    0.143  26.502   0.000   0.997   0.000   0.003
E L  3QE7A                315    0.347  63.444   0.000   0.991   0.000   0.009
E L  3QE7A                316    0.296  54.213   0.000   0.981   0.000   0.019
B S  3QE7A                317    0.078   9.185   0.000   0.953   0.000   0.047
B C  3QE7A                318    0.240  33.653   0.000   0.845   0.001   0.155
E V  3QE7A                319    0.360  55.350   0.000   0.749   0.001   0.250
E G  3QE7A                320    0.282  22.216   0.000   0.725   0.001   0.274
E K  3QE7A                321    0.533 109.661   0.000   0.708   0.003   0.289
E L  3QE7A                322    0.370  67.746   0.000   0.685   0.003   0.312
B A  3QE7A                323    0.140  15.413   0.000   0.906   0.001   0.093
B A  3QE7A                324    0.244  26.920   0.000   0.942   0.001   0.057
E A  3QE7A                325    0.355  39.129   0.000   0.898   0.001   0.101
E I  3QE7A                326    0.257  47.481   0.000   0.929   0.000   0.071
E Q  3QE7A                327    0.308  54.954   0.000   0.705   0.001   0.293
E M  3QE7A                328    0.329  65.764   0.000   0.483   0.001   0.516
B I  3QE7A                329    0.216  40.018   0.000   0.019   0.004   0.978
E P  3QE7A                330    0.293  41.552   0.000   0.057   0.007   0.937
E L  3QE7A                331    0.263  48.159   0.000   0.966   0.000   0.034
B P  3QE7A                332    0.053   7.547   0.000   0.992   0.000   0.008
B V  3QE7A                333    0.135  20.802   0.000   0.996   0.000   0.004
B M  3QE7A                334    0.146  29.277   0.000   0.993   0.000   0.007
B G  3QE7A                335    0.017   1.353   0.000   0.998   0.000   0.002
B G  3QE7A                336    0.039   3.050   0.000   0.999   0.000   0.001
E V  3QE7A                337    0.255  39.200   0.000   0.999   0.000   0.001
B S  3QE7A                338    0.144  16.934   0.000   0.999   0.000   0.001
B L  3QE7A                339    0.069  12.681   0.000   0.997   0.000   0.003
E L  3QE7A                340    0.254  46.503   0.000   0.989   0.000   0.011
E L  3QE7A                341    0.302  55.273   0.000   0.986   0.000   0.014
B Y  3QE7A                342    0.178  37.944   0.000   0.986   0.000   0.014
B G  3QE7A                343    0.066   5.189   0.000   0.991   0.000   0.009
B V  3QE7A                344    0.241  37.048   0.000   0.965   0.001   0.034
B I  3QE7A                345    0.219  40.465   0.000   0.966   0.001   0.034
B G  3QE7A                346    0.071   5.562   0.000   0.978   0.000   0.022
B A  3QE7A                347    0.158  17.393   0.000   0.980   0.001   0.020
B S  3QE7A                348    0.207  24.236   0.000   0.978   0.001   0.021
B G  3QE7A                349    0.048   3.759   0.000   0.988   0.000   0.012
B I  3QE7A                350    0.140  25.809   0.000   0.995   0.000   0.005
E R  3QE7A                351    0.334  76.600   0.000   0.993   0.000   0.007
B V  3QE7A                352    0.189  28.979   0.000   0.992   0.000   0.008
B L  3QE7A                353    0.205  37.604   0.000   0.981   0.000   0.019
E I  3QE7A                354    0.330  60.975   0.000   0.939   0.000   0.060
E E  3QE7A                355    0.587 102.504   0.000   0.800   0.001   0.199
E S  3QE7A                356    0.454  53.215   0.000   0.155   0.002   0.843
E K  3QE7A                357    0.753 154.947   0.000   0.034   0.002   0.964
B V  3QE7A                358    0.215  33.025   0.000   0.008   0.011   0.981
E D  3QE7A                359    0.602  86.800   0.000   0.007   0.005   0.989
E Y  3QE7A                360    0.341  72.780   0.000   0.078   0.003   0.918
E N  3QE7A                361    0.736 107.795   0.000   0.073   0.001   0.927
E K  3QE7A                362    0.425  87.495   0.000   0.264   0.003   0.733
E A  3QE7A                363    0.515  56.701   0.000   0.965   0.000   0.035
E Q  3QE7A                364    0.446  79.623   0.000   0.976   0.000   0.024
B N  3QE7A                365    0.043   6.292   0.000   0.993   0.000   0.007
B L  3QE7A                366    0.190  34.752   0.000   0.997   0.000   0.003
E I  3QE7A                367    0.469  86.853   0.000   0.997   0.000   0.003
B L  3QE7A                368    0.099  18.082   0.000   0.999   0.000   0.001
B T  3QE7A                369    0.018   2.565   0.000   0.999   0.000   0.001
E S  3QE7A                370    0.340  39.834   0.000   0.999   0.000   0.001
E V  3QE7A                371    0.382  58.752   0.000   0.998   0.000   0.002
B I  3QE7A                372    0.036   6.642   0.000   0.999   0.000   0.001
B L  3QE7A                373    0.123  22.530   0.000   0.998   0.000   0.001
E I  3QE7A                374    0.390  72.134   0.000   0.996   0.000   0.004
B I  3QE7A                375    0.221  40.889   0.000   0.990   0.000   0.010
B G  3QE7A                376    0.022   1.741   0.000   0.991   0.000   0.008
E V  3QE7A                377    0.250  38.444   0.000   0.932   0.001   0.067
E S  3QE7A                378    0.308  36.096   0.000   0.632   0.003   0.365
E G  3QE7A                379    0.292  22.947   0.000   0.501   0.004   0.495
E A  3QE7A                380    0.419  46.214   0.000   0.399   0.018   0.583
E K  3QE7A                381    0.638 131.303   0.000   0.360   0.063   0.577
E V  3QE7A                382    0.353  54.258   0.000   0.132   0.181   0.686
E N  3QE7A                383    0.714 104.540   0.000   0.032   0.057   0.911
E I  3QE7A                384    0.424  78.387   0.000   0.144   0.106   0.749
E G  3QE7A                385    0.372  29.306   0.000   0.185   0.125   0.690
B A  3QE7A                386    0.189  20.784   0.000   0.414   0.215   0.370
B A  3QE7A                387    0.134  14.803   0.000   0.407   0.353   0.240
E E  3QE7A                388    0.312  54.460   0.000   0.347   0.441   0.212
B L  3QE7A                389    0.176  32.166   0.000   0.222   0.501   0.278
E K  3QE7A                390    0.356  73.292   0.000   0.318   0.326   0.355
B G  3QE7A                391    0.095   7.444   0.000   0.443   0.038   0.520
B M  3QE7A                392    0.121  24.123   0.000   0.965   0.001   0.034
B A  3QE7A                393    0.220  24.192   0.000   0.996   0.000   0.004
E L  3QE7A                394    0.251  46.021   0.000   0.997   0.000   0.003
B A  3QE7A                395    0.010   1.115   0.000   0.999   0.000   0.001
B T  3QE7A                396    0.114  15.748   0.000   0.999   0.000   0.001
E I  3QE7A                397    0.393  72.758   0.000   1.000   0.000   0.000
B V  3QE7A                398    0.249  38.268   0.000   1.000   0.000   0.000
B G  3QE7A                399    0.008   0.603   0.000   1.000   0.000   0.000
B I  3QE7A                400    0.182  33.623   0.000   1.000   0.000   0.000
E G  3QE7A                401    0.383  30.118   0.000   0.999   0.000   0.001
B L  3QE7A                402    0.242  44.314   0.000   0.999   0.000   0.001
B S  3QE7A                403    0.034   4.024   0.000   0.997   0.000   0.003
E L  3QE7A                404    0.307  56.169   0.000   0.993   0.000   0.007
E I  3QE7A                405    0.504  93.225   0.000   0.992   0.000   0.008
B F  3QE7A                406    0.229  45.991   0.000   0.988   0.000   0.012
E K  3QE7A                407    0.307  63.082   0.000   0.971   0.000   0.029
E L  3QE7A                408    0.539  98.662   0.000   0.937   0.001   0.062
E I  3QE7A                409    0.491  90.872   0.000   0.907   0.000   0.093
E S  3QE7A                410    0.375  43.992   0.000   0.836   0.001   0.162
E V  3QE7A                411    0.539  82.838   0.000   0.756   0.002   0.242
E L  3QE7A                412    0.595 108.954   0.000   0.545   0.002   0.452
E R  3QE7A                413    0.597 136.622   0.000   0.007   0.004   0.989
E P  3QE7A                414    0.552  78.267   0.000   0.030   0.004   0.966
E E  3QE7A                415    0.701 122.429   0.000   0.028   0.020   0.951
E E  3QE7A                416    0.645 112.713   0.000   0.050   0.032   0.918
E V  3QE7A                417    0.484  74.438   0.000   0.029   0.060   0.911
E V  3QE7A                418    0.612  94.107   0.000   0.014   0.062   0.924
E L  3QE7A                419    0.598 109.545   0.000   0.011   0.023   0.966
E D  3QE7A                420    0.711 102.403   0.000   0.009   0.008   0.983
E A  3QE7A                421    0.669  73.722   0.000   0.023   0.004   0.973
E E  3QE7A                422    0.787 137.492   0.000   0.013   0.002   0.985
E D  3QE7A                423    0.716 103.190   0.000   0.015   0.001   0.984
E A  3QE7A                424    0.622  68.550   0.000   0.008   0.001   0.991
E D  3QE7A                425    0.718 103.491   0.000   0.006   0.005   0.989
E I  3QE7A                426    0.613 113.470   0.000   0.004   0.007   0.989
E T  3QE7A                427    0.706  97.855   0.000   0.004   0.008   0.987
E D  3QE7A                428    0.811 116.796   0.000   0.003   0.003   0.994
E K  3QE7A                429    0.851 175.001   0.000   0.000   0.000   1.000
