# For publication of results, please cite:
# ...
# ... Michael Schantz Klausen, Martin Closter Jespersen, Henrik Nielsen, Kamilla Kjærgaard Jensen, 
# ... Vanessa Isabell Jurtz, Casper Kaae Sønderby, Morten Otto Alexander Sommer, Ole Winther, 
# ... Morten Nielsen, Bent Petersen, and Paolo Marcatili. 
# ... NetSurfP-2.0: Improved prediction of protein structural features by integrated deep learning.
# ... Proteins: Structure, Function, and Bioinformatics (Feb. 2019).
# ... https://doi.org/10.1002/prot.25674
# ...
#
# Column 1: Class assignment - B for buried or E for Exposed - Threshold: 25% exposure, but not based on RSA
# Column 2: Amino acid
# Column 3: Sequence name
# Column 4: Amino acid number
# Column 5: Relative Surface Accessibility - RSA
# Column 6: Absolute Surface Accessibility
# Column 7: Not used
# Column 8: Probability for Alpha-Helix
# Column 9: Probability for Beta-strand
# Column 10: Probability for Coil
E G  4HBRC                  1    0.859  67.629   0.000   0.000   0.000   0.999
E Y  4HBRC                  2    0.697 148.843   0.000   0.016   0.085   0.898
B A  4HBRC                  3    0.150  16.538   0.000   0.011   0.013   0.975
B P  4HBRC                  4    0.191  27.077   0.000   0.015   0.004   0.981
E D  4HBRC                  5    0.768 110.729   0.000   0.975   0.000   0.025
E S  4HBRC                  6    0.367  42.976   0.000   0.981   0.000   0.019
B V  4HBRC                  7    0.014   2.105   0.000   0.994   0.000   0.006
E Q  4HBRC                  8    0.374  66.789   0.000   0.994   0.000   0.006
E I  4HBRC                  9    0.457  84.463   0.000   0.985   0.000   0.015
B A  4HBRC                 10    0.069   7.612   0.000   0.987   0.000   0.013
B L  4HBRC                 11    0.068  12.532   0.000   0.963   0.000   0.036
E K  4HBRC                 12    0.665 136.813   0.000   0.769   0.000   0.230
E K  4HBRC                 13    0.558 114.701   0.000   0.665   0.000   0.335
B Y  4HBRC                 14    0.168  35.985   0.000   0.003   0.001   0.996
E P  4HBRC                 15    0.575  81.540   0.000   0.011   0.001   0.988
E T  4HBRC                 16    0.709  98.304   0.000   0.010   0.002   0.988
B A  4HBRC                 17    0.060   6.623   0.000   0.018   0.053   0.929
E A  4HBRC                 18    0.567  62.458   0.000   0.006   0.428   0.566
E G  4HBRC                 19    0.531  41.779   0.000   0.007   0.464   0.529
B I  4HBRC                 20    0.157  29.018   0.000   0.001   0.799   0.200
E A  4HBRC                 21    0.411  45.279   0.000   0.000   0.978   0.021
B W  4HBRC                 22    0.241  58.055   0.000   0.000   0.986   0.014
E S  4HBRC                 23    0.425  49.778   0.000   0.000   0.997   0.003
E Q  4HBRC                 24    0.505  90.149   0.000   0.000   0.984   0.016
E D  4HBRC                 25    0.537  77.325   0.000   0.001   0.711   0.288
E K  4HBRC                 26    0.814 167.509   0.000   0.007   0.007   0.986
E A  4HBRC                 27    0.523  57.598   0.000   0.001   0.002   0.997
E Y  4HBRC                 28    0.314  67.018   0.000   0.000   0.920   0.080
B Y  4HBRC                 29    0.051  11.000   0.000   0.000   0.997   0.003
B V  4HBRC                 30    0.114  17.571   0.000   0.000   0.999   0.001
B A  4HBRC                 31    0.007   0.825   0.000   0.000   0.998   0.002
E D  4HBRC                 32    0.302  43.536   0.000   0.000   0.996   0.004
B F  4HBRC                 33    0.047   9.493   0.000   0.000   0.979   0.021
B V  4HBRC                 34    0.221  33.967   0.000   0.005   0.932   0.063
E N  4HBRC                 35    0.608  89.027   0.000   0.006   0.010   0.983
E G  4HBRC                 36    0.637  50.106   0.000   0.011   0.003   0.987
E F  4HBRC                 37    0.288  57.743   0.000   0.001   0.915   0.085
E D  4HBRC                 38    0.472  67.956   0.000   0.001   0.970   0.029
B T  4HBRC                 39    0.102  14.123   0.000   0.000   0.985   0.015
E R  4HBRC                 40    0.356  81.590   0.000   0.000   0.991   0.009
B V  4HBRC                 41    0.010   1.595   0.000   0.000   0.998   0.002
B W  4HBRC                 42    0.186  44.654   0.000   0.000   0.994   0.006
B F  4HBRC                 43    0.026   5.158   0.000   0.000   0.992   0.008
B T  4HBRC                 44    0.223  30.902   0.000   0.000   0.012   0.988
E P  4HBRC                 45    0.401  56.957   0.000   0.001   0.001   0.998
E D  4HBRC                 46    0.739 106.517   0.000   0.001   0.000   0.999
B A  4HBRC                 47    0.070   7.662   0.000   0.001   0.001   0.998
E E  4HBRC                 48    0.595 103.993   0.000   0.001   0.089   0.910
B W  4HBRC                 49    0.229  54.964   0.000   0.000   0.993   0.007
E V  4HBRC                 50    0.439  67.406   0.000   0.000   0.971   0.029
E K  4HBRC                 51    0.439  90.326   0.000   0.000   0.988   0.012
E Q  4HBRC                 52    0.361  64.405   0.000   0.000   0.989   0.011
E T  4HBRC                 53    0.357  49.531   0.000   0.000   0.987   0.013
E D  4HBRC                 54    0.494  71.130   0.000   0.000   0.980   0.020
E W  4HBRC                 55    0.330  79.299   0.000   0.003   0.909   0.088
E E  4HBRC                 56    0.281  49.134   0.000   0.002   0.887   0.110
E T  4HBRC                 57    0.418  57.909   0.000   0.004   0.670   0.325
B L  4HBRC                 58    0.206  37.732   0.000   0.906   0.001   0.093
E D  4HBRC                 59    0.846 121.960   0.000   0.864   0.002   0.134
E E  4HBRC                 60    0.574 100.353   0.000   0.790   0.004   0.207
B V  4HBRC                 61    0.026   3.936   0.000   0.001   0.006   0.993
B P  4HBRC                 62    0.164  23.309   0.000   0.001   0.013   0.985
E A  4HBRC                 63    0.561  61.834   0.000   0.997   0.000   0.003
E A  4HBRC                 64    0.346  38.142   0.000   0.999   0.000   0.001
B V  4HBRC                 65    0.008   1.287   0.000   0.999   0.000   0.001
E F  4HBRC                 66    0.269  54.017   0.000   0.998   0.000   0.002
E N  4HBRC                 67    0.675  98.802   0.000   0.992   0.000   0.008
B A  4HBRC                 68    0.167  18.391   0.000   0.990   0.000   0.010
B F  4HBRC                 69    0.039   7.750   0.000   0.980   0.001   0.019
E A  4HBRC                 70    0.403  44.458   0.000   0.913   0.001   0.086
E A  4HBRC                 71    0.646  71.184   0.000   0.709   0.000   0.291
E S  4HBRC                 72    0.484  56.732   0.000   0.232   0.002   0.766
E E  4HBRC                 73    0.704 123.044   0.000   0.076   0.011   0.913
B F  4HBRC                 74    0.167  33.501   0.000   0.048   0.019   0.933
E S  4HBRC                 75    0.646  75.689   0.000   0.011   0.010   0.979
E D  4HBRC                 76    0.636  91.718   0.000   0.021   0.009   0.970
B G  4HBRC                 77    0.120   9.426   0.000   0.012   0.343   0.646
E V  4HBRC                 78    0.325  49.994   0.000   0.001   0.808   0.191
B V  4HBRC                 79    0.092  14.214   0.000   0.000   0.988   0.012
E Q  4HBRC                 80    0.457  81.649   0.000   0.000   0.992   0.008
E N  4HBRC                 81    0.452  66.102   0.000   0.000   0.997   0.003
B V  4HBRC                 82    0.130  19.931   0.000   0.000   0.997   0.003
B T  4HBRC                 83    0.248  34.401   0.000   0.000   0.999   0.001
E W  4HBRC                 84    0.258  62.068   0.000   0.000   0.998   0.002
B V  4HBRC                 85    0.164  25.225   0.000   0.000   0.988   0.012
E Q  4HBRC                 86    0.511  91.344   0.000   0.000   0.956   0.044
B F  4HBRC                 87    0.198  39.711   0.000   0.002   0.323   0.675
E P  4HBRC                 88    0.654  92.820   0.000   0.130   0.019   0.851
E E  4HBRC                 89    0.788 137.674   0.000   0.053   0.005   0.942
E W  4HBRC                 90    0.566 136.170   0.000   0.053   0.017   0.930
E Q  4HBRC                 91    0.499  89.124   0.000   0.001   0.207   0.792
B P  4HBRC                 92    0.247  35.101   0.000   0.000   0.638   0.362
B I  4HBRC                 93    0.108  20.032   0.000   0.000   0.960   0.040
B V  4HBRC                 94    0.029   4.417   0.000   0.000   0.998   0.002
B A  4HBRC                 95    0.066   7.323   0.000   0.000   0.999   0.001
B I  4HBRC                 96    0.004   0.830   0.000   0.000   0.999   0.001
E Q  4HBRC                 97    0.279  49.803   0.000   0.000   0.997   0.003
B V  4HBRC                 98    0.021   3.261   0.000   0.000   0.947   0.053
E G  4HBRC                 99    0.267  21.011   0.000   0.001   0.425   0.574
E K  4HBRC                100    0.441  90.623   0.000   0.002   0.252   0.746
E P  4HBRC                101    0.548  77.710   0.000   0.014   0.014   0.973
E N  4HBRC                102    0.883 129.268   0.000   0.013   0.003   0.984
E Q  4HBRC                103    0.432  77.197   0.000   0.018   0.245   0.738
E K  4HBRC                104    0.507 104.195   0.000   0.004   0.650   0.346
B Y  4HBRC                105    0.139  29.766   0.000   0.001   0.968   0.031
E Q  4HBRC                106    0.303  54.097   0.000   0.000   0.990   0.010
B I  4HBRC                107    0.016   2.926   0.000   0.000   0.996   0.004
B L  4HBRC                108    0.114  20.896   0.000   0.000   0.997   0.003
B F  4HBRC                109    0.023   4.544   0.000   0.000   0.995   0.005
B T  4HBRC                110    0.210  29.172   0.000   0.000   0.015   0.985
E P  4HBRC                111    0.349  49.520   0.000   0.001   0.002   0.997
E K  4HBRC                112    0.741 152.392   0.000   0.001   0.001   0.998
B G  4HBRC                113    0.063   4.978   0.000   0.002   0.002   0.996
E E  4HBRC                114    0.608 106.132   0.000   0.001   0.086   0.912
E V  4HBRC                115    0.263  40.489   0.000   0.000   0.998   0.002
E L  4HBRC                116    0.471  86.176   0.000   0.000   0.979   0.021
E R  4HBRC                117    0.418  95.676   0.000   0.000   0.996   0.004
E Q  4HBRC                118    0.417  74.408   0.000   0.000   0.994   0.006
E Q  4HBRC                119    0.375  67.036   0.000   0.000   0.992   0.008
E N  4HBRC                120    0.610  89.363   0.000   0.000   0.950   0.050
B I  4HBRC                121    0.118  21.902   0.000   0.044   0.212   0.745
E T  4HBRC                122    0.404  56.080   0.000   0.251   0.116   0.633
E N  4HBRC                123    0.682  99.854   0.000   0.273   0.028   0.698
E A  4HBRC                124    0.443  48.813   0.000   0.311   0.027   0.662
E Y  4HBRC                125    0.394  84.099   0.000   0.292   0.031   0.677
E N  4HBRC                126    0.478  69.936   0.000   0.169   0.041   0.790
E T  4HBRC                127    0.418  57.942   0.000   0.231   0.125   0.644
B L  4HBRC                128    0.243  44.433   0.000   0.295   0.123   0.582
B G  4HBRC                129    0.186  14.605   0.000   0.313   0.053   0.634
E A  4HBRC                130    0.269  29.621   0.000   0.639   0.020   0.341
E S  4HBRC                131    0.491  57.534   0.000   0.655   0.023   0.322
E T  4HBRC                132    0.333  46.131   0.000   0.650   0.026   0.324
B F  4HBRC                133    0.248  49.709   0.000   0.496   0.031   0.473
E L  4HBRC                134    0.634 116.094   0.000   0.006   0.000   0.994
