# For publication of results, please cite:
# ...
# ... Michael Schantz Klausen, Martin Closter Jespersen, Henrik Nielsen, Kamilla Kjærgaard Jensen, 
# ... Vanessa Isabell Jurtz, Casper Kaae Sønderby, Morten Otto Alexander Sommer, Ole Winther, 
# ... Morten Nielsen, Bent Petersen, and Paolo Marcatili. 
# ... NetSurfP-2.0: Improved prediction of protein structural features by integrated deep learning.
# ... Proteins: Structure, Function, and Bioinformatics (Feb. 2019).
# ... https://doi.org/10.1002/prot.25674
# ...
#
# Column 1: Class assignment - B for buried or E for Exposed - Threshold: 25% exposure, but not based on RSA
# Column 2: Amino acid
# Column 3: Sequence name
# Column 4: Amino acid number
# Column 5: Relative Surface Accessibility - RSA
# Column 6: Absolute Surface Accessibility
# Column 7: Not used
# Column 8: Probability for Alpha-Helix
# Column 9: Probability for Beta-strand
# Column 10: Probability for Coil
E M  1OAGA                  1    0.900 180.059   0.000   0.000   0.000   1.000
E R  1OAGA                  2    0.848 194.149   0.000   0.000   0.000   1.000
E G  1OAGA                  3    0.829  65.247   0.000   0.000   0.000   1.000
E S  1OAGA                  4    0.828  97.077   0.000   0.000   0.000   1.000
E H  1OAGA                  5    0.777 141.356   0.000   0.000   0.000   1.000
E H  1OAGA                  6    0.747 135.865   0.000   0.000   0.000   0.999
E H  1OAGA                  7    0.739 134.399   0.000   0.001   0.000   0.999
E H  1OAGA                  8    0.727 132.273   0.000   0.001   0.000   0.999
E H  1OAGA                  9    0.720 130.986   0.000   0.001   0.000   0.999
E H  1OAGA                 10    0.737 134.039   0.000   0.001   0.000   0.999
E G  1OAGA                 11    0.719  56.550   0.000   0.001   0.001   0.998
E S  1OAGA                 12    0.789  92.481   0.000   0.002   0.001   0.998
E G  1OAGA                 13    0.767  60.332   0.000   0.005   0.002   0.993
E K  1OAGA                 14    0.670 137.742   0.000   0.007   0.004   0.988
E S  1OAGA                 15    0.775  90.795   0.000   0.007   0.014   0.979
E Y  1OAGA                 16    0.379  80.895   0.000   0.007   0.011   0.982
E P  1OAGA                 17    0.432  61.231   0.000   0.023   0.008   0.969
E T  1OAGA                 18    0.646  89.656   0.000   0.043   0.055   0.902
E V  1OAGA                 19    0.281  43.146   0.000   0.078   0.083   0.839
E S  1OAGA                 20    0.390  45.713   0.000   0.128   0.024   0.847
E A  1OAGA                 21    0.639  70.458   0.000   0.629   0.004   0.366
E D  1OAGA                 22    0.587  84.590   0.000   0.568   0.004   0.428
B Y  1OAGA                 23    0.112  24.019   0.000   0.961   0.001   0.039
E Q  1OAGA                 24    0.526  93.883   0.000   0.982   0.000   0.018
E K  1OAGA                 25    0.621 127.763   0.000   0.979   0.000   0.021
B A  1OAGA                 26    0.086   9.475   0.000   0.984   0.000   0.016
B V  1OAGA                 27    0.051   7.798   0.000   0.989   0.000   0.011
E E  1OAGA                 28    0.591 103.195   0.000   0.993   0.000   0.007
E K  1OAGA                 29    0.497 102.146   0.000   0.989   0.000   0.010
B A  1OAGA                 30    0.007   0.796   0.000   0.998   0.000   0.002
E K  1OAGA                 31    0.304  62.583   0.000   0.999   0.000   0.001
E K  1OAGA                 32    0.658 135.267   0.000   0.999   0.000   0.001
E K  1OAGA                 33    0.386  79.467   0.000   0.999   0.000   0.001
B L  1OAGA                 34    0.009   1.590   0.000   0.997   0.000   0.003
E R  1OAGA                 35    0.408  93.517   0.000   0.993   0.000   0.007
E G  1OAGA                 36    0.489  38.455   0.000   0.977   0.000   0.023
B F  1OAGA                 37    0.102  20.551   0.000   0.982   0.000   0.017
B I  1OAGA                 38    0.078  14.464   0.000   0.941   0.001   0.059
E A  1OAGA                 39    0.648  71.410   0.000   0.746   0.000   0.254
E E  1OAGA                 40    0.515  89.943   0.000   0.132   0.000   0.867
E K  1OAGA                 41    0.603 123.973   0.000   0.084   0.000   0.916
E R  1OAGA                 42    0.514 117.732   0.000   0.053   0.003   0.944
B C  1OAGA                 43    0.064   8.918   0.000   0.319   0.026   0.655
B A  1OAGA                 44    0.038   4.240   0.000   0.980   0.000   0.020
B P  1OAGA                 45    0.135  19.199   0.000   0.995   0.000   0.005
B L  1OAGA                 46    0.111  20.234   0.000   0.999   0.000   0.001
B M  1OAGA                 47    0.018   3.599   0.000   1.000   0.000   0.000
B L  1OAGA                 48    0.014   2.616   0.000   1.000   0.000   0.000
B R  1OAGA                 49    0.094  21.608   0.000   1.000   0.000   0.000
B L  1OAGA                 50    0.028   5.208   0.000   0.999   0.000   0.001
B A  1OAGA                 51    0.017   1.858   0.000   0.999   0.000   0.001
B W  1OAGA                 52    0.034   8.285   0.000   0.997   0.000   0.003
B H  1OAGA                 53    0.049   8.913   0.000   0.981   0.000   0.019
B S  1OAGA                 54    0.026   3.039   0.000   0.973   0.000   0.027
B A  1OAGA                 55    0.017   1.848   0.000   0.847   0.001   0.152
B G  1OAGA                 56    0.040   3.183   0.000   0.438   0.007   0.556
B T  1OAGA                 57    0.052   7.273   0.000   0.248   0.008   0.744
B F  1OAGA                 58    0.079  15.946   0.000   0.082   0.088   0.830
B D  1OAGA                 59    0.144  20.791   0.000   0.034   0.190   0.776
E K  1OAGA                 60    0.443  91.034   0.000   0.098   0.013   0.888
E G  1OAGA                 61    0.332  26.166   0.000   0.085   0.008   0.907
B T  1OAGA                 62    0.127  17.684   0.000   0.074   0.024   0.902
E K  1OAGA                 63    0.415  85.417   0.000   0.011   0.009   0.980
B T  1OAGA                 64    0.098  13.591   0.000   0.009   0.083   0.908
B G  1OAGA                 65    0.080   6.312   0.000   0.011   0.062   0.927
B G  1OAGA                 66    0.077   6.088   0.000   0.049   0.071   0.880
B P  1OAGA                 67    0.070   9.873   0.000   0.141   0.036   0.822
B F  1OAGA                 68    0.151  30.392   0.000   0.121   0.035   0.844
B G  1OAGA                 69    0.101   7.919   0.000   0.128   0.021   0.850
B T  1OAGA                 70    0.087  12.078   0.000   0.137   0.025   0.838
B I  1OAGA                 71    0.096  17.754   0.000   0.109   0.022   0.870
E K  1OAGA                 72    0.484  99.578   0.000   0.113   0.012   0.875
E H  1OAGA                 73    0.259  47.124   0.000   0.008   0.002   0.990
E P  1OAGA                 74    0.636  90.279   0.000   0.886   0.001   0.113
E A  1OAGA                 75    0.374  41.177   0.000   0.937   0.001   0.062
B E  1OAGA                 76    0.060  10.418   0.000   0.972   0.000   0.028
E L  1OAGA                 77    0.288  52.738   0.000   0.926   0.000   0.073
E A  1OAGA                 78    0.659  72.606   0.000   0.665   0.000   0.335
E H  1OAGA                 79    0.278  50.498   0.000   0.042   0.001   0.957
E S  1OAGA                 80    0.599  70.237   0.000   0.543   0.002   0.454
E A  1OAGA                 81    0.263  28.939   0.000   0.553   0.004   0.443
B N  1OAGA                 82    0.049   7.128   0.000   0.370   0.025   0.605
E N  1OAGA                 83    0.294  43.099   0.000   0.144   0.042   0.814
B G  1OAGA                 84    0.033   2.626   0.000   0.426   0.004   0.570
B L  1OAGA                 85    0.051   9.388   0.000   0.938   0.002   0.060
E D  1OAGA                 86    0.483  69.652   0.000   0.996   0.000   0.004
B I  1OAGA                 87    0.085  15.792   0.000   0.999   0.000   0.001
B A  1OAGA                 88    0.004   0.419   0.000   0.999   0.000   0.001
B V  1OAGA                 89    0.189  29.078   0.000   0.998   0.000   0.002
E R  1OAGA                 90    0.578 132.449   0.000   0.994   0.000   0.006
B L  1OAGA                 91    0.072  13.190   0.000   0.977   0.000   0.023
B L  1OAGA                 92    0.054   9.844   0.000   0.921   0.000   0.079
E E  1OAGA                 93    0.559  97.724   0.000   0.992   0.000   0.008
E P  1OAGA                 94    0.412  58.394   0.000   0.993   0.000   0.007
B L  1OAGA                 95    0.027   4.866   0.000   0.996   0.000   0.004
E K  1OAGA                 96    0.382  78.573   0.000   0.985   0.000   0.014
E A  1OAGA                 97    0.761  83.863   0.000   0.914   0.000   0.085
E E  1OAGA                 98    0.552  96.486   0.000   0.897   0.000   0.103
B F  1OAGA                 99    0.103  20.688   0.000   0.005   0.002   0.993
E P  1OAGA                100    0.653  92.716   0.000   0.003   0.000   0.996
E I  1OAGA                101    0.400  73.920   0.000   0.004   0.018   0.978
B L  1OAGA                102    0.025   4.591   0.000   0.001   0.055   0.944
B S  1OAGA                103    0.113  13.224   0.000   0.001   0.033   0.966
B Y  1OAGA                104    0.054  11.618   0.000   0.988   0.000   0.012
B A  1OAGA                105    0.020   2.198   0.000   0.999   0.000   0.001
B D  1OAGA                106    0.029   4.126   0.000   1.000   0.000   0.000
B F  1OAGA                107    0.008   1.629   0.000   0.999   0.000   0.000
B Y  1OAGA                108    0.011   2.399   0.000   1.000   0.000   0.000
B Q  1OAGA                109    0.018   3.260   0.000   1.000   0.000   0.000
B L  1OAGA                110    0.013   2.334   0.000   0.998   0.000   0.001
B A  1OAGA                111    0.004   0.415   0.000   0.999   0.000   0.001
B G  1OAGA                112    0.004   0.303   0.000   0.998   0.000   0.002
B V  1OAGA                113    0.045   6.859   0.000   0.999   0.000   0.001
B V  1OAGA                114    0.034   5.294   0.000   0.999   0.000   0.001
B A  1OAGA                115    0.005   0.565   0.000   0.998   0.000   0.001
B V  1OAGA                116    0.024   3.752   0.000   0.998   0.000   0.002
E E  1OAGA                117    0.386  67.352   0.000   0.992   0.000   0.008
B V  1OAGA                118    0.193  29.711   0.000   0.925   0.000   0.074
B T  1OAGA                119    0.112  15.572   0.000   0.364   0.000   0.636
E G  1OAGA                120    0.672  52.866   0.000   0.006   0.000   0.994
B G  1OAGA                121    0.112   8.779   0.000   0.005   0.001   0.994
B P  1OAGA                122    0.215  30.485   0.000   0.002   0.002   0.996
E E  1OAGA                123    0.705 123.122   0.000   0.001   0.011   0.987
B V  1OAGA                124    0.122  18.699   0.000   0.000   0.011   0.988
E P  1OAGA                125    0.530  75.272   0.000   0.000   0.017   0.983
B F  1OAGA                126    0.090  18.139   0.000   0.000   0.045   0.955
E H  1OAGA                127    0.341  62.034   0.000   0.000   0.015   0.985
B P  1OAGA                128    0.182  25.815   0.000   0.004   0.029   0.967
B G  1OAGA                129    0.149  11.728   0.000   0.007   0.025   0.968
B R  1OAGA                130    0.137  31.276   0.000   0.005   0.043   0.952
E E  1OAGA                131    0.469  81.952   0.000   0.007   0.181   0.812
B D  1OAGA                132    0.242  34.940   0.000   0.005   0.147   0.848
E K  1OAGA                133    0.286  58.777   0.000   0.001   0.062   0.937
E P  1OAGA                134    0.606  85.971   0.000   0.000   0.014   0.985
E E  1OAGA                135    0.669 116.847   0.000   0.000   0.013   0.986
E P  1OAGA                136    0.388  55.081   0.000   0.000   0.001   0.998
E P  1OAGA                137    0.326  46.191   0.000   0.002   0.001   0.997
E P  1OAGA                138    0.672  95.301   0.000   0.091   0.001   0.907
E E  1OAGA                139    0.788 137.585   0.000   0.098   0.008   0.894
E G  1OAGA                140    0.551  43.330   0.000   0.098   0.004   0.898
E R  1OAGA                141    0.487 111.410   0.000   0.078   0.041   0.881
B L  1OAGA                142    0.105  19.142   0.000   0.001   0.031   0.968
B P  1OAGA                143    0.092  13.001   0.000   0.000   0.008   0.992
E D  1OAGA                144    0.531  76.447   0.000   0.001   0.038   0.961
B A  1OAGA                145    0.073   8.091   0.000   0.368   0.002   0.630
E T  1OAGA                146    0.561  77.832   0.000   0.483   0.008   0.509
E K  1OAGA                147    0.471  96.946   0.000   0.403   0.014   0.582
B G  1OAGA                148    0.191  15.007   0.000   0.142   0.016   0.842
B S  1OAGA                149    0.134  15.751   0.000   0.899   0.001   0.100
E D  1OAGA                150    0.665  95.766   0.000   0.977   0.000   0.023
E H  1OAGA                151    0.391  71.159   0.000   0.988   0.000   0.011
B L  1OAGA                152    0.009   1.725   0.000   0.997   0.000   0.003
B R  1OAGA                153    0.234  53.521   0.000   0.998   0.000   0.002
E D  1OAGA                154    0.556  80.087   0.000   0.998   0.000   0.002
B V  1OAGA                155    0.151  23.282   0.000   0.998   0.000   0.002
B F  1OAGA                156    0.011   2.249   0.000   0.995   0.000   0.005
B G  1OAGA                157    0.142  11.214   0.000   0.984   0.000   0.016
E K  1OAGA                158    0.772 158.889   0.000   0.968   0.000   0.031
E A  1OAGA                159    0.321  35.426   0.000   0.821   0.000   0.178
B M  1OAGA                160    0.182  36.427   0.000   0.627   0.001   0.372
E G  1OAGA                161    0.646  50.864   0.000   0.002   0.000   0.998
B L  1OAGA                162    0.063  11.619   0.000   0.000   0.002   0.997
E T  1OAGA                163    0.507  70.316   0.000   0.000   0.001   0.999
E D  1OAGA                164    0.362  52.126   0.000   0.992   0.000   0.008
E Q  1OAGA                165    0.395  70.581   0.000   0.999   0.000   0.001
B D  1OAGA                166    0.126  18.225   0.000   1.000   0.000   0.000
B I  1OAGA                167    0.019   3.592   0.000   0.999   0.000   0.000
B V  1OAGA                168    0.023   3.607   0.000   1.000   0.000   0.000
B A  1OAGA                169    0.012   1.374   0.000   1.000   0.000   0.000
B L  1OAGA                170    0.017   3.202   0.000   0.999   0.000   0.001
B S  1OAGA                171    0.019   2.251   0.000   0.993   0.000   0.007
B G  1OAGA                172    0.022   1.732   0.000   0.988   0.000   0.012
B G  1OAGA                173    0.032   2.507   0.000   0.977   0.000   0.023
B H  1OAGA                174    0.077  13.929   0.000   0.817   0.003   0.180
B T  1OAGA                175    0.037   5.176   0.000   0.622   0.014   0.364
B I  1OAGA                176    0.039   7.125   0.000   0.452   0.032   0.516
B G  1OAGA                177    0.051   4.025   0.000   0.377   0.061   0.562
B A  1OAGA                178    0.134  14.728   0.000   0.281   0.302   0.417
B A  1OAGA                179    0.059   6.477   0.000   0.305   0.262   0.433
B H  1OAGA                180    0.167  30.293   0.000   0.169   0.184   0.647
E K  1OAGA                181    0.296  60.813   0.000   0.736   0.022   0.242
E E  1OAGA                182    0.735 128.459   0.000   0.827   0.006   0.167
E R  1OAGA                183    0.474 108.559   0.000   0.803   0.010   0.186
B S  1OAGA                184    0.124  14.570   0.000   0.570   0.010   0.420
E G  1OAGA                185    0.506  39.809   0.000   0.008   0.003   0.989
B F  1OAGA                186    0.161  32.332   0.000   0.008   0.039   0.953
E E  1OAGA                187    0.651 113.644   0.000   0.004   0.068   0.928
B G  1OAGA                188    0.177  13.923   0.000   0.011   0.033   0.956
E P  1OAGA                189    0.308  43.677   0.000   0.025   0.030   0.944
B W  1OAGA                190    0.211  50.779   0.000   0.027   0.032   0.940
B T  1OAGA                191    0.200  27.750   0.000   0.010   0.055   0.935
E S  1OAGA                192    0.682  79.973   0.000   0.005   0.003   0.992
E N  1OAGA                193    0.474  69.399   0.000   0.001   0.015   0.984
B P  1OAGA                194    0.151  21.497   0.000   0.011   0.006   0.983
E L  1OAGA                195    0.299  54.832   0.000   0.016   0.011   0.972
E I  1OAGA                196    0.325  60.078   0.000   0.020   0.121   0.859
B F  1OAGA                197    0.033   6.693   0.000   0.008   0.068   0.924
B D  1OAGA                198    0.195  28.043   0.000   0.003   0.018   0.979
B N  1OAGA                199    0.129  18.833   0.000   0.130   0.002   0.868
E S  1OAGA                200    0.328  38.486   0.000   0.950   0.000   0.050
B Y  1OAGA                201    0.033   7.128   0.000   0.996   0.000   0.004
B F  1OAGA                202    0.024   4.724   0.000   0.998   0.000   0.002
E T  1OAGA                203    0.360  49.933   0.000   0.999   0.000   0.001
B E  1OAGA                204    0.212  36.981   0.000   0.998   0.000   0.002
B L  1OAGA                205    0.035   6.337   0.000   0.995   0.000   0.005
B L  1OAGA                206    0.231  42.224   0.000   0.952   0.001   0.047
E S  1OAGA                207    0.600  70.316   0.000   0.328   0.001   0.671
E G  1OAGA                208    0.548  43.097   0.000   0.007   0.000   0.993
E E  1OAGA                209    0.671 117.152   0.000   0.005   0.005   0.990
E K  1OAGA                210    0.471  96.798   0.000   0.020   0.006   0.974
E E  1OAGA                211    0.648 113.262   0.000   0.010   0.021   0.969
B G  1OAGA                212    0.203  15.972   0.000   0.017   0.054   0.929
B L  1OAGA                213    0.102  18.700   0.000   0.086   0.108   0.806
B L  1OAGA                214    0.052   9.576   0.000   0.126   0.191   0.683
E Q  1OAGA                215    0.306  54.678   0.000   0.115   0.203   0.682
B L  1OAGA                216    0.091  16.699   0.000   0.054   0.019   0.927
E P  1OAGA                217    0.352  50.003   0.000   0.973   0.001   0.026
B S  1OAGA                218    0.077   9.022   0.000   0.979   0.000   0.020
B D  1OAGA                219    0.038   5.527   0.000   0.994   0.000   0.006
E K  1OAGA                220    0.389  79.915   0.000   0.991   0.000   0.009
B A  1OAGA                221    0.246  27.055   0.000   0.987   0.000   0.012
B L  1OAGA                222    0.020   3.582   0.000   0.983   0.000   0.017
B L  1OAGA                223    0.161  29.511   0.000   0.869   0.000   0.131
E S  1OAGA                224    0.707  82.873   0.000   0.463   0.000   0.537
B D  1OAGA                225    0.199  28.676   0.000   0.001   0.000   0.999
E P  1OAGA                226    0.773 109.666   0.000   0.625   0.000   0.375
E V  1OAGA                227    0.481  73.934   0.000   0.573   0.001   0.426
B F  1OAGA                228    0.018   3.648   0.000   0.790   0.001   0.210
E R  1OAGA                229    0.397  91.023   0.000   0.993   0.000   0.007
E P  1OAGA                230    0.501  71.162   0.000   0.995   0.000   0.005
B L  1OAGA                231    0.129  23.680   0.000   0.998   0.000   0.002
B V  1OAGA                232    0.014   2.094   0.000   0.998   0.000   0.002
E D  1OAGA                233    0.511  73.681   0.000   0.997   0.000   0.003
E K  1OAGA                234    0.528 108.659   0.000   0.990   0.000   0.010
B Y  1OAGA                235    0.084  17.927   0.000   0.963   0.000   0.037
B A  1OAGA                236    0.095  10.503   0.000   0.636   0.002   0.362
E A  1OAGA                237    0.678  74.687   0.000   0.545   0.000   0.455
E D  1OAGA                238    0.458  66.055   0.000   0.004   0.000   0.996
E E  1OAGA                239    0.493  86.126   0.000   0.967   0.000   0.033
E D  1OAGA                240    0.815 117.371   0.000   0.989   0.000   0.011
E A  1OAGA                241    0.253  27.861   0.000   0.993   0.000   0.007
B F  1OAGA                242    0.015   2.990   0.000   0.997   0.000   0.003
B F  1OAGA                243    0.175  35.082   0.000   0.998   0.000   0.002
E A  1OAGA                244    0.417  45.985   0.000   0.998   0.000   0.002
B D  1OAGA                245    0.198  28.496   0.000   0.998   0.000   0.002
B Y  1OAGA                246    0.009   2.009   0.000   0.998   0.000   0.002
B A  1OAGA                247    0.065   7.191   0.000   1.000   0.000   0.000
E E  1OAGA                248    0.484  84.551   0.000   0.998   0.000   0.002
B A  1OAGA                249    0.014   1.552   0.000   0.999   0.000   0.001
B H  1OAGA                250    0.046   8.335   0.000   0.998   0.000   0.002
E Q  1OAGA                251    0.335  59.803   0.000   0.997   0.000   0.003
B K  1OAGA                252    0.222  45.764   0.000   0.993   0.000   0.007
B L  1OAGA                253    0.023   4.243   0.000   0.987   0.000   0.013
B S  1OAGA                254    0.094  11.006   0.000   0.907   0.000   0.092
E E  1OAGA                255    0.535  93.498   0.000   0.634   0.002   0.364
B L  1OAGA                256    0.151  27.716   0.000   0.250   0.003   0.748
E G  1OAGA                257    0.363  28.544   0.000   0.045   0.007   0.948
B F  1OAGA                258    0.142  28.551   0.000   0.088   0.018   0.894
E A  1OAGA                259    0.539  59.406   0.000   0.158   0.021   0.821
E D  1OAGA                260    0.766 110.349   0.000   0.076   0.024   0.900
E A  1OAGA                261    0.768  84.596   0.000   0.002   0.000   0.998
