# For publication of results, please cite:
# ...
# ... Michael Schantz Klausen, Martin Closter Jespersen, Henrik Nielsen, Kamilla Kjærgaard Jensen, 
# ... Vanessa Isabell Jurtz, Casper Kaae Sønderby, Morten Otto Alexander Sommer, Ole Winther, 
# ... Morten Nielsen, Bent Petersen, and Paolo Marcatili. 
# ... NetSurfP-2.0: Improved prediction of protein structural features by integrated deep learning.
# ... Proteins: Structure, Function, and Bioinformatics (Feb. 2019).
# ... https://doi.org/10.1002/prot.25674
# ...
#
# Column 1: Class assignment - B for buried or E for Exposed - Threshold: 25% exposure, but not based on RSA
# Column 2: Amino acid
# Column 3: Sequence name
# Column 4: Amino acid number
# Column 5: Relative Surface Accessibility - RSA
# Column 6: Absolute Surface Accessibility
# Column 7: Not used
# Column 8: Probability for Alpha-Helix
# Column 9: Probability for Beta-strand
# Column 10: Probability for Coil
E Q  3CVZC                  1    0.895 159.846   0.000   0.001   0.002   0.997
E G  3CVZC                  2    0.654  51.501   0.000   0.002   0.048   0.949
E Y  3CVZC                  3    0.414  88.494   0.000   0.007   0.533   0.460
E T  3CVZC                  4    0.313  43.391   0.000   0.005   0.859   0.136
B V  3CVZC                  5    0.247  38.018   0.000   0.017   0.878   0.105
B V  3CVZC                  6    0.108  16.534   0.000   0.018   0.790   0.192
E K  3CVZC                  7    0.374  76.915   0.000   0.496   0.231   0.273
E N  3CVZC                  8    0.609  89.131   0.000   0.655   0.029   0.317
E D  3CVZC                  9    0.399  57.543   0.000   0.593   0.019   0.388
B W  3CVZC                 10    0.079  18.900   0.000   0.915   0.003   0.082
E K  3CVZC                 11    0.488 100.390   0.000   0.983   0.001   0.016
E K  3CVZC                 12    0.534 109.793   0.000   0.989   0.000   0.010
B A  3CVZC                 13    0.021   2.272   0.000   0.996   0.000   0.004
B V  3CVZC                 14    0.066  10.069   0.000   0.997   0.000   0.003
E K  3CVZC                 15    0.526 108.213   0.000   0.999   0.000   0.001
E Q  3CVZC                 16    0.352  62.845   0.000   0.999   0.000   0.001
B L  3CVZC                 17    0.009   1.726   0.000   0.998   0.000   0.002
E Q  3CVZC                 18    0.266  47.527   0.000   0.999   0.000   0.001
E D  3CVZC                 19    0.478  68.945   0.000   0.997   0.000   0.003
B G  3CVZC                 20    0.024   1.874   0.000   0.998   0.000   0.002
B L  3CVZC                 21    0.055  10.132   0.000   0.994   0.001   0.005
E K  3CVZC                 22    0.528 108.701   0.000   0.985   0.001   0.014
E D  3CVZC                 23    0.612  88.140   0.000   0.254   0.001   0.745
E N  3CVZC                 24    0.538  78.764   0.000   0.004   0.000   0.995
E S  3CVZC                 25    0.274  32.088   0.000   0.001   0.058   0.941
B I  3CVZC                 26    0.061  11.326   0.000   0.001   0.388   0.611
E G  3CVZC                 27    0.326  25.678   0.000   0.001   0.347   0.652
E K  3CVZC                 28    0.433  89.003   0.000   0.000   0.947   0.053
B I  3CVZC                 29    0.025   4.556   0.000   0.000   0.984   0.015
B T  3CVZC                 30    0.198  27.399   0.000   0.000   0.996   0.004
B V  3CVZC                 31    0.024   3.692   0.000   0.000   0.996   0.004
B S  3CVZC                 32    0.180  21.064   0.000   0.001   0.990   0.010
B F  3CVZC                 33    0.081  16.350   0.000   0.001   0.933   0.066
E N  3CVZC                 34    0.485  71.007   0.000   0.010   0.078   0.912
E D  3CVZC                 35    0.760 109.469   0.000   0.034   0.030   0.936
E G  3CVZC                 36    0.427  33.591   0.000   0.020   0.701   0.278
E V  3CVZC                 37    0.500  76.832   0.000   0.003   0.940   0.057
E V  3CVZC                 38    0.270  41.451   0.000   0.015   0.843   0.141
E G  3CVZC                 39    0.302  23.779   0.000   0.012   0.887   0.101
E E  3CVZC                 40    0.615 107.491   0.000   0.010   0.908   0.082
B V  3CVZC                 41    0.180  27.697   0.000   0.003   0.850   0.146
E A  3CVZC                 42    0.435  47.981   0.000   0.002   0.354   0.645
B P  3CVZC                 43    0.183  25.957   0.000   0.015   0.128   0.857
E K  3CVZC                 44    0.603 123.963   0.000   0.026   0.077   0.897
E S  3CVZC                 45    0.554  64.924   0.000   0.267   0.034   0.699
E A  3CVZC                 46    0.688  75.868   0.000   0.400   0.013   0.587
E N  3CVZC                 47    0.545  79.790   0.000   0.234   0.015   0.751
E K  3CVZC                 48    0.474  97.457   0.000   0.456   0.050   0.494
E K  3CVZC                 49    0.581 119.441   0.000   0.774   0.035   0.191
E A  3CVZC                 50    0.518  57.062   0.000   0.828   0.027   0.145
E D  3CVZC                 51    0.406  58.483   0.000   0.845   0.014   0.141
B R  3CVZC                 52    0.221  50.655   0.000   0.987   0.001   0.012
E D  3CVZC                 53    0.580  83.519   0.000   0.989   0.000   0.011
E A  3CVZC                 54    0.378  41.685   0.000   0.994   0.000   0.006
B A  3CVZC                 55    0.060   6.608   0.000   0.992   0.000   0.008
B A  3CVZC                 56    0.045   4.974   0.000   0.995   0.000   0.005
E E  3CVZC                 57    0.541  94.532   0.000   0.998   0.000   0.002
E K  3CVZC                 58    0.468  96.253   0.000   0.998   0.000   0.002
B L  3CVZC                 59    0.024   4.379   0.000   0.998   0.000   0.002
B Y  3CVZC                 60    0.184  39.230   0.000   0.998   0.000   0.002
E N  3CVZC                 61    0.546  79.906   0.000   0.999   0.000   0.001
B L  3CVZC                 62    0.189  34.687   0.000   0.999   0.000   0.001
B V  3CVZC                 63    0.007   1.066   0.000   0.999   0.000   0.001
E N  3CVZC                 64    0.348  50.952   0.000   0.999   0.000   0.001
E T  3CVZC                 65    0.540  74.950   0.000   0.995   0.000   0.005
E Q  3CVZC                 66    0.302  53.977   0.000   0.981   0.001   0.018
B L  3CVZC                 67    0.035   6.470   0.000   0.918   0.003   0.080
E D  3CVZC                 68    0.635  91.563   0.000   0.717   0.003   0.280
E K  3CVZC                 69    0.685 140.876   0.000   0.243   0.001   0.756
B L  3CVZC                 70    0.095  17.463   0.000   0.104   0.012   0.885
E G  3CVZC                 71    0.354  27.823   0.000   0.011   0.010   0.979
E D  3CVZC                 72    0.638  91.936   0.000   0.006   0.002   0.992
E G  3CVZC                 73    0.413  32.534   0.000   0.007   0.007   0.986
E D  3CVZC                 74    0.401  57.762   0.000   0.007   0.074   0.919
E Y  3CVZC                 75    0.263  56.104   0.000   0.001   0.847   0.152
B V  3CVZC                 76    0.018   2.834   0.000   0.001   0.977   0.023
E D  3CVZC                 77    0.291  41.946   0.000   0.000   0.990   0.010
B F  3CVZC                 78    0.016   3.224   0.000   0.000   0.993   0.007
B S  3CVZC                 79    0.220  25.804   0.000   0.000   0.994   0.006
B V  3CVZC                 80    0.011   1.765   0.000   0.000   0.991   0.009
E D  3CVZC                 81    0.323  46.611   0.000   0.000   0.961   0.039
B Y  3CVZC                 82    0.092  19.661   0.000   0.001   0.831   0.168
E N  3CVZC                 83    0.427  62.443   0.000   0.003   0.439   0.558
B L  3CVZC                 84    0.195  35.631   0.000   0.029   0.063   0.908
E E  3CVZC                 85    0.723 126.311   0.000   0.052   0.054   0.894
E N  3CVZC                 86    0.587  85.985   0.000   0.084   0.076   0.840
E K  3CVZC                 87    0.535 109.986   0.000   0.013   0.173   0.814
E I  3CVZC                 88    0.313  57.977   0.000   0.002   0.639   0.359
B I  3CVZC                 89    0.080  14.788   0.000   0.001   0.693   0.306
E T  3CVZC                 90    0.496  68.769   0.000   0.002   0.093   0.906
E N  3CVZC                 91    0.504  73.825   0.000   0.006   0.121   0.873
E Q  3CVZC                 92    0.527  94.123   0.000   0.990   0.000   0.010
E A  3CVZC                 93    0.616  67.836   0.000   0.993   0.000   0.007
E D  3CVZC                 94    0.419  60.327   0.000   0.996   0.000   0.004
B A  3CVZC                 95    0.011   1.250   0.000   0.998   0.000   0.002
E E  3CVZC                 96    0.541  94.521   0.000   0.999   0.000   0.001
E A  3CVZC                 97    0.472  51.968   0.000   0.997   0.000   0.003
B I  3CVZC                 98    0.034   6.247   0.000   0.998   0.000   0.002
B V  3CVZC                 99    0.110  16.920   0.000   0.998   0.000   0.002
E T  3CVZC                100    0.608  84.300   0.000   0.991   0.000   0.009
E K  3CVZC                101    0.434  89.308   0.000   0.984   0.000   0.016
B L  3CVZC                102    0.034   6.300   0.000   0.971   0.002   0.028
E N  3CVZC                103    0.512  75.025   0.000   0.915   0.002   0.083
E S  3CVZC                104    0.642  75.199   0.000   0.622   0.002   0.376
E L  3CVZC                105    0.251  45.934   0.000   0.316   0.008   0.676
E N  3CVZC                106    0.631  92.338   0.000   0.194   0.052   0.755
E E  3CVZC                107    0.598 104.445   0.000   0.177   0.095   0.728
E K  3CVZC                108    0.452  93.010   0.000   0.131   0.285   0.584
E T  3CVZC                109    0.372  51.651   0.000   0.046   0.736   0.218
E L  3CVZC                110    0.260  47.692   0.000   0.024   0.853   0.122
B I  3CVZC                111    0.162  30.028   0.000   0.019   0.851   0.129
E D  3CVZC                112    0.492  70.968   0.000   0.019   0.729   0.252
B I  3CVZC                113    0.164  30.335   0.000   0.167   0.282   0.552
E A  3CVZC                114    0.295  32.465   0.000   0.205   0.187   0.608
E T  3CVZC                115    0.507  70.335   0.000   0.198   0.125   0.677
E K  3CVZC                116    0.512 105.366   0.000   0.132   0.063   0.805
E D  3CVZC                117    0.708 102.093   0.000   0.086   0.051   0.864
E T  3CVZC                118    0.362  50.234   0.000   0.071   0.224   0.705
B F  3CVZC                119    0.242  48.501   0.000   0.028   0.338   0.634
B G  3CVZC                120    0.082   6.477   0.000   0.022   0.468   0.511
B M  3CVZC                121    0.101  20.169   0.000   0.015   0.694   0.291
B V  3CVZC                122    0.058   8.972   0.000   0.009   0.872   0.119
B S  3CVZC                123    0.239  27.953   0.000   0.009   0.829   0.162
E K  3CVZC                124    0.317  65.289   0.000   0.033   0.659   0.308
E T  3CVZC                125    0.384  53.323   0.000   0.033   0.481   0.486
E Q  3CVZC                126    0.471  84.097   0.000   0.050   0.367   0.583
E D  3CVZC                127    0.540  77.802   0.000   0.054   0.114   0.832
E S  3CVZC                128    0.680  79.667   0.000   0.071   0.034   0.895
E E  3CVZC                129    0.750 131.083   0.000   0.043   0.034   0.923
E G  3CVZC                130    0.627  49.381   0.000   0.031   0.036   0.933
E K  3CVZC                131    0.530 108.968   0.000   0.029   0.186   0.785
E N  3CVZC                132    0.534  78.207   0.000   0.025   0.565   0.410
E V  3CVZC                133    0.254  39.088   0.000   0.025   0.689   0.286
E A  3CVZC                134    0.329  36.230   0.000   0.023   0.666   0.311
B A  3CVZC                135    0.174  19.159   0.000   0.078   0.191   0.731
E T  3CVZC                136    0.653  90.610   0.000   0.053   0.072   0.874
E K  3CVZC                137    0.551 113.369   0.000   0.029   0.095   0.876
E A  3CVZC                138    0.350  38.521   0.000   0.006   0.111   0.882
B L  3CVZC                139    0.083  15.200   0.000   0.005   0.428   0.567
E K  3CVZC                140    0.395  81.235   0.000   0.001   0.782   0.217
B V  3CVZC                141    0.058   8.857   0.000   0.971   0.007   0.022
E K  3CVZC                142    0.444  91.279   0.000   0.986   0.005   0.009
E D  3CVZC                143    0.355  51.132   0.000   0.986   0.008   0.006
B V  3CVZC                144    0.047   7.216   0.000   0.705   0.068   0.227
B A  3CVZC                145    0.051   5.652   0.000   0.014   0.845   0.141
E T  3CVZC                146    0.379  52.505   0.000   0.004   0.941   0.056
B F  3CVZC                147    0.120  24.141   0.000   0.004   0.941   0.055
B G  3CVZC                148    0.188  14.808   0.000   0.003   0.941   0.056
B L  3CVZC                149    0.189  34.614   0.000   0.004   0.908   0.088
E K  3CVZC                150    0.415  85.356   0.000   0.015   0.727   0.258
E S  3CVZC                151    0.406  47.595   0.000   0.021   0.366   0.613
E G  3CVZC                152    0.596  46.884   0.000   0.025   0.097   0.877
E G  3CVZC                153    0.585  46.067   0.000   0.048   0.044   0.907
E S  3CVZC                154    0.554  64.898   0.000   0.071   0.067   0.862
E E  3CVZC                155    0.717 125.269   0.000   0.097   0.062   0.841
E D  3CVZC                156    0.572  82.368   0.000   0.105   0.101   0.794
E T  3CVZC                157    0.314  43.501   0.000   0.027   0.221   0.752
B G  3CVZC                158    0.102   8.012   0.000   0.003   0.616   0.381
B Y  3CVZC                159    0.082  17.548   0.000   0.002   0.911   0.087
B V  3CVZC                160    0.109  16.733   0.000   0.000   0.980   0.020
B V  3CVZC                161    0.013   1.982   0.000   0.000   0.987   0.013
E E  3CVZC                162    0.339  59.255   0.000   0.000   0.985   0.015
B M  3CVZC                163    0.024   4.795   0.000   0.001   0.959   0.041
E K  3CVZC                164    0.433  88.979   0.000   0.005   0.699   0.296
E A  3CVZC                165    0.272  29.972   0.000   0.026   0.546   0.427
E G  3CVZC                166    0.422  33.218   0.000   0.045   0.135   0.820
E A  3CVZC                167    0.576  63.474   0.000   0.067   0.159   0.774
E V  3CVZC                168    0.282  43.315   0.000   0.056   0.378   0.566
E E  3CVZC                169    0.551  96.335   0.000   0.074   0.428   0.498
E D  3CVZC                170    0.320  46.176   0.000   0.061   0.508   0.432
E K  3CVZC                171    0.295  60.713   0.000   0.038   0.576   0.386
B Y  3CVZC                172    0.172  36.659   0.000   0.023   0.668   0.308
B G  3CVZC                173    0.179  14.114   0.000   0.008   0.677   0.315
E K  3CVZC                174    0.521 107.100   0.000   0.012   0.586   0.403
E V  3CVZC                175    0.286  43.944   0.000   0.016   0.395   0.589
E G  3CVZC                176    0.535  42.087   0.000   0.026   0.165   0.809
E D  3CVZC                177    0.703 101.292   0.000   0.027   0.067   0.905
E S  3CVZC                178    0.519  60.862   0.000   0.072   0.078   0.850
E T  3CVZC                179    0.657  91.113   0.000   0.112   0.091   0.796
E A  3CVZC                180    0.362  39.915   0.000   0.150   0.121   0.729
E G  3CVZC                181    0.401  31.525   0.000   0.099   0.213   0.688
E I  3CVZC                182    0.286  52.916   0.000   0.069   0.445   0.486
E A  3CVZC                183    0.315  34.674   0.000   0.073   0.520   0.407
B I  3CVZC                184    0.120  22.115   0.000   0.019   0.722   0.259
E N  3CVZC                185    0.598  87.564   0.000   0.015   0.698   0.287
B L  3CVZC                186    0.091  16.601   0.000   0.006   0.245   0.749
E P  3CVZC                187    0.327  46.422   0.000   0.038   0.102   0.860
E S  3CVZC                188    0.729  85.399   0.000   0.161   0.038   0.800
E T  3CVZC                189    0.674  93.530   0.000   0.110   0.050   0.840
E G  3CVZC                190    0.421  33.108   0.000   0.035   0.138   0.827
B L  3CVZC                191    0.210  38.438   0.000   0.017   0.470   0.513
E E  3CVZC                192    0.469  82.016   0.000   0.015   0.790   0.195
E Y  3CVZC                193    0.262  56.057   0.000   0.004   0.924   0.072
E A  3CVZC                194    0.360  39.671   0.000   0.004   0.810   0.186
E G  3CVZC                195    0.334  26.325   0.000   0.008   0.485   0.507
E K  3CVZC                196    0.697 143.354   0.000   0.007   0.363   0.629
E G  3CVZC                197    0.431  33.928   0.000   0.016   0.197   0.787
E T  3CVZC                198    0.444  61.571   0.000   0.009   0.347   0.644
E T  3CVZC                199    0.445  61.720   0.000   0.002   0.775   0.223
B I  3CVZC                200    0.093  17.141   0.000   0.001   0.823   0.176
E D  3CVZC                201    0.471  67.801   0.000   0.000   0.675   0.324
B F  3CVZC                202    0.049   9.880   0.000   0.008   0.027   0.964
E N  3CVZC                203    0.682  99.881   0.000   0.052   0.021   0.927
E K  3CVZC                204    0.535 110.031   0.000   0.034   0.046   0.920
E T  3CVZC                205    0.383  53.053   0.000   0.037   0.159   0.804
B L  3CVZC                206    0.097  17.747   0.000   0.012   0.643   0.345
E K  3CVZC                207    0.524 107.798   0.000   0.003   0.841   0.156
B V  3CVZC                208    0.081  12.460   0.000   0.003   0.852   0.144
E D  3CVZC                209    0.480  69.186   0.000   0.005   0.819   0.176
B V  3CVZC                210    0.131  20.123   0.000   0.021   0.522   0.457
E T  3CVZC                211    0.545  75.651   0.000   0.052   0.322   0.626
E G  3CVZC                212    0.553  43.531   0.000   0.038   0.105   0.858
E G  3CVZC                213    0.552  43.411   0.000   0.022   0.038   0.940
E S  3CVZC                214    0.724  84.798   0.000   0.019   0.028   0.953
E T  3CVZC                215    0.494  68.475   0.000   0.005   0.073   0.922
E P  3CVZC                216    0.367  52.087   0.000   0.318   0.088   0.594
E S  3CVZC                217    0.527  61.814   0.000   0.330   0.169   0.500
E A  3CVZC                218    0.319  35.206   0.000   0.319   0.317   0.364
B V  3CVZC                219    0.139  21.298   0.000   0.044   0.673   0.282
E A  3CVZC                220    0.385  42.392   0.000   0.026   0.807   0.167
B V  3CVZC                221    0.200  30.747   0.000   0.014   0.860   0.126
E S  3CVZC                222    0.520  60.955   0.000   0.019   0.754   0.227
E G  3CVZC                223    0.363  28.587   0.000   0.009   0.559   0.432
B F  3CVZC                224    0.222  44.579   0.000   0.011   0.666   0.323
B V  3CVZC                225    0.232  35.604   0.000   0.004   0.823   0.173
E T  3CVZC                226    0.450  62.357   0.000   0.009   0.706   0.285
E K  3CVZC                227    0.397  81.579   0.000   0.019   0.477   0.504
E D  3CVZC                228    0.529  76.295   0.000   0.029   0.273   0.697
E D  3CVZC                229    0.602  86.818   0.000   0.385   0.029   0.585
E T  3CVZC                230    0.693  96.182   0.000   0.530   0.040   0.430
E D  3CVZC                231    0.488  70.391   0.000   0.536   0.096   0.368
B L  3CVZC                232    0.157  28.830   0.000   0.404   0.125   0.472
E A  3CVZC                233    0.373  41.084   0.000   0.415   0.097   0.487
E K  3CVZC                234    0.629 129.465   0.000   0.321   0.072   0.607
E S  3CVZC                235    0.479  56.167   0.000   0.140   0.171   0.689
E G  3CVZC                236    0.346  27.232   0.000   0.013   0.229   0.758
E T  3CVZC                237    0.402  55.745   0.000   0.002   0.776   0.222
B I  3CVZC                238    0.077  14.305   0.000   0.001   0.935   0.065
E N  3CVZC                239    0.361  52.800   0.000   0.000   0.967   0.033
B V  3CVZC                240    0.034   5.182   0.000   0.000   0.983   0.017
E R  3CVZC                241    0.326  74.686   0.000   0.000   0.980   0.020
B V  3CVZC                242    0.079  12.107   0.000   0.000   0.959   0.041
B I  3CVZC                243    0.207  38.281   0.000   0.000   0.670   0.329
E N  3CVZC                244    0.674  98.670   0.000   0.000   0.005   0.995
