# For publication of results, please cite:
# ...
# ... Michael Schantz Klausen, Martin Closter Jespersen, Henrik Nielsen, Kamilla Kjærgaard Jensen, 
# ... Vanessa Isabell Jurtz, Casper Kaae Sønderby, Morten Otto Alexander Sommer, Ole Winther, 
# ... Morten Nielsen, Bent Petersen, and Paolo Marcatili. 
# ... NetSurfP-2.0: Improved prediction of protein structural features by integrated deep learning.
# ... Proteins: Structure, Function, and Bioinformatics (Feb. 2019).
# ... https://doi.org/10.1002/prot.25674
# ...
#
# Column 1: Class assignment - B for buried or E for Exposed - Threshold: 25% exposure, but not based on RSA
# Column 2: Amino acid
# Column 3: Sequence name
# Column 4: Amino acid number
# Column 5: Relative Surface Accessibility - RSA
# Column 6: Absolute Surface Accessibility
# Column 7: Not used
# Column 8: Probability for Alpha-Helix
# Column 9: Probability for Beta-strand
# Column 10: Probability for Coil
E E  2H44A                  1    0.883 154.257   0.000   0.029   0.000   0.971
E E  2H44A                  2    0.546  95.378   0.000   0.627   0.000   0.373
E T  2H44A                  3    0.565  78.404   0.000   0.581   0.002   0.417
E R  2H44A                  4    0.654 149.852   0.000   0.795   0.004   0.201
E E  2H44A                  5    0.494  86.350   0.000   0.898   0.002   0.100
B L  2H44A                  6    0.176  32.250   0.000   0.954   0.001   0.045
E Q  2H44A                  7    0.541  96.707   0.000   0.973   0.001   0.026
E S  2H44A                  8    0.480  56.222   0.000   0.962   0.002   0.036
B L  2H44A                  9    0.106  19.478   0.000   0.977   0.000   0.023
B A  2H44A                 10    0.193  21.318   0.000   0.937   0.001   0.062
E A  2H44A                 11    0.658  72.553   0.000   0.626   0.001   0.373
E A  2H44A                 12    0.383  42.197   0.000   0.136   0.003   0.861
E V  2H44A                 13    0.572  87.876   0.000   0.067   0.148   0.785
B V  2H44A                 14    0.157  24.160   0.000   0.002   0.041   0.957
E P  2H44A                 15    0.257  36.520   0.000   0.009   0.021   0.971
E S  2H44A                 16    0.428  50.107   0.000   0.041   0.030   0.929
B A  2H44A                 17    0.216  23.798   0.000   0.750   0.004   0.246
E Q  2H44A                 18    0.704 125.685   0.000   0.591   0.015   0.394
E T  2H44A                 19    0.622  86.274   0.000   0.674   0.029   0.297
B L  2H44A                 20    0.165  30.200   0.000   0.147   0.021   0.833
E K  2H44A                 21    0.605 124.489   0.000   0.010   0.025   0.966
B I  2H44A                 22    0.116  21.475   0.000   0.071   0.023   0.906
E T  2H44A                 23    0.588  81.488   0.000   0.060   0.010   0.930
E D  2H44A                 24    0.563  81.073   0.000   0.112   0.034   0.853
B F  2H44A                 25    0.200  40.157   0.000   0.014   0.013   0.974
E S  2H44A                 26    0.599  70.180   0.000   0.012   0.022   0.966
B F  2H44A                 27    0.141  28.298   0.000   0.007   0.041   0.953
E S  2H44A                 28    0.283  33.208   0.000   0.008   0.071   0.921
B D  2H44A                 29    0.194  27.981   0.000   0.648   0.001   0.351
E F  2H44A                 30    0.398  79.947   0.000   0.472   0.001   0.527
E E  2H44A                 31    0.676 118.126   0.000   0.456   0.003   0.541
B L  2H44A                 32    0.089  16.342   0.000   0.009   0.007   0.984
E S  2H44A                 33    0.460  53.943   0.000   0.005   0.002   0.993
E D  2H44A                 34    0.508  73.211   0.000   0.959   0.000   0.041
E L  2H44A                 35    0.278  50.973   0.000   0.978   0.000   0.022
B E  2H44A                 36    0.234  40.950   0.000   0.989   0.000   0.011
B T  2H44A                 37    0.060   8.317   0.000   0.996   0.000   0.004
B A  2H44A                 38    0.036   3.962   0.000   0.999   0.000   0.001
B L  2H44A                 39    0.137  25.084   0.000   1.000   0.000   0.000
B C  2H44A                 40    0.020   2.812   0.000   1.000   0.000   0.000
B T  2H44A                 41    0.008   1.177   0.000   1.000   0.000   0.000
B I  2H44A                 42    0.042   7.851   0.000   1.000   0.000   0.000
B R  2H44A                 43    0.250  57.231   0.000   0.999   0.000   0.001
B M  2H44A                 44    0.022   4.321   0.000   0.998   0.000   0.002
B F  2H44A                 45    0.018   3.553   0.000   0.993   0.000   0.007
E T  2H44A                 46    0.340  47.160   0.000   0.977   0.000   0.023
E D  2H44A                 47    0.520  74.955   0.000   0.946   0.000   0.054
B L  2H44A                 48    0.156  28.640   0.000   0.123   0.000   0.876
E N  2H44A                 49    0.565  82.698   0.000   0.012   0.000   0.988
B L  2H44A                 50    0.030   5.511   0.000   0.820   0.000   0.179
B V  2H44A                 51    0.031   4.715   0.000   0.975   0.000   0.025
E Q  2H44A                 52    0.653 116.611   0.000   0.981   0.000   0.019
E N  2H44A                 53    0.586  85.806   0.000   0.952   0.000   0.047
B F  2H44A                 54    0.116  23.227   0.000   0.449   0.001   0.549
E Q  2H44A                 55    0.805 143.737   0.000   0.003   0.001   0.997
B M  2H44A                 56    0.094  18.829   0.000   0.001   0.006   0.993
E K  2H44A                 57    0.575 118.204   0.000   0.002   0.004   0.994
E H  2H44A                 58    0.362  65.828   0.000   0.992   0.000   0.008
E E  2H44A                 59    0.577 100.776   0.000   0.997   0.000   0.003
B V  2H44A                 60    0.149  22.903   0.000   0.999   0.000   0.001
B L  2H44A                 61    0.008   1.432   0.000   0.999   0.000   0.001
B C  2H44A                 62    0.095  13.402   0.000   1.000   0.000   0.000
E R  2H44A                 63    0.456 104.480   0.000   0.999   0.000   0.001
B W  2H44A                 64    0.040   9.506   0.000   1.000   0.000   0.000
B I  2H44A                 65    0.013   2.320   0.000   0.999   0.000   0.001
E L  2H44A                 66    0.258  47.235   0.000   0.997   0.000   0.003
B S  2H44A                 67    0.204  23.928   0.000   0.987   0.000   0.013
B V  2H44A                 68    0.015   2.275   0.000   0.986   0.000   0.014
E K  2H44A                 69    0.330  67.929   0.000   0.965   0.001   0.034
E K  2H44A                 70    0.653 134.348   0.000   0.839   0.000   0.161
E N  2H44A                 71    0.394  57.696   0.000   0.641   0.000   0.358
B Y  2H44A                 72    0.184  39.245   0.000   0.070   0.042   0.888
E R  2H44A                 73    0.413  94.511   0.000   0.040   0.028   0.932
E K  2H44A                 74    0.770 158.406   0.000   0.044   0.001   0.955
E N  2H44A                 75    0.773 113.161   0.000   0.023   0.001   0.976
B V  2H44A                 76    0.134  20.647   0.000   0.008   0.018   0.975
E A  2H44A                 77    0.305  33.584   0.000   0.024   0.020   0.956
B Y  2H44A                 78    0.188  40.278   0.000   0.035   0.018   0.947
B H  2H44A                 79    0.219  39.846   0.000   0.022   0.013   0.965
B N  2H44A                 80    0.197  28.787   0.000   0.036   0.021   0.943
B W  2H44A                 81    0.166  39.920   0.000   0.977   0.000   0.023
E R  2H44A                 82    0.290  66.311   0.000   0.997   0.000   0.003
B H  2H44A                 83    0.059  10.713   0.000   0.998   0.000   0.002
B A  2H44A                 84    0.005   0.544   0.000   0.999   0.000   0.001
B F  2H44A                 85    0.038   7.710   0.000   0.999   0.000   0.001
B N  2H44A                 86    0.087  12.730   0.000   1.000   0.000   0.000
B T  2H44A                 87    0.011   1.512   0.000   1.000   0.000   0.000
B A  2H44A                 88    0.006   0.621   0.000   1.000   0.000   0.000
B Q  2H44A                 89    0.079  14.150   0.000   1.000   0.000   0.000
B C  2H44A                 90    0.019   2.647   0.000   0.999   0.000   0.001
B M  2H44A                 91    0.006   1.264   0.000   0.999   0.000   0.001
B F  2H44A                 92    0.064  12.774   0.000   0.999   0.000   0.001
B A  2H44A                 93    0.057   6.257   0.000   0.999   0.000   0.001
B A  2H44A                 94    0.028   3.047   0.000   0.998   0.000   0.002
B L  2H44A                 95    0.028   5.200   0.000   0.985   0.000   0.015
E K  2H44A                 96    0.403  82.899   0.000   0.935   0.000   0.065
E A  2H44A                 97    0.332  36.573   0.000   0.696   0.000   0.304
E G  2H44A                 98    0.279  21.941   0.000   0.094   0.001   0.905
E K  2H44A                 99    0.530 108.972   0.000   0.053   0.001   0.946
B I  2H44A                100    0.027   4.943   0.000   0.529   0.001   0.470
E Q  2H44A                101    0.329  58.706   0.000   0.867   0.001   0.132
E N  2H44A                102    0.857 125.413   0.000   0.857   0.000   0.143
E K  2H44A                103    0.385  79.141   0.000   0.686   0.000   0.313
B L  2H44A                104    0.031   5.694   0.000   0.003   0.006   0.992
E T  2H44A                105    0.460  63.753   0.000   0.001   0.001   0.998
E D  2H44A                106    0.530  76.394   0.000   0.998   0.000   0.002
B L  2H44A                107    0.138  25.326   0.000   1.000   0.000   0.000
B E  2H44A                108    0.087  15.161   0.000   1.000   0.000   0.000
B I  2H44A                109    0.032   5.866   0.000   1.000   0.000   0.000
B L  2H44A                110    0.032   5.926   0.000   1.000   0.000   0.000
B A  2H44A                111    0.004   0.431   0.000   1.000   0.000   0.000
B L  2H44A                112    0.012   2.206   0.000   1.000   0.000   0.000
B L  2H44A                113    0.015   2.724   0.000   1.000   0.000   0.000
B I  2H44A                114    0.014   2.600   0.000   1.000   0.000   0.000
B A  2H44A                115    0.009   0.994   0.000   0.999   0.000   0.001
B A  2H44A                116    0.008   0.908   0.000   0.992   0.000   0.008
B L  2H44A                117    0.023   4.154   0.000   0.885   0.000   0.114
B S  2H44A                118    0.028   3.279   0.000   0.406   0.001   0.594
B H  2H44A                119    0.078  14.210   0.000   0.110   0.001   0.888
B D  2H44A                120    0.136  19.657   0.000   0.048   0.006   0.946
B L  2H44A                121    0.100  18.333   0.000   0.027   0.010   0.963
E D  2H44A                122    0.462  66.528   0.000   0.012   0.004   0.984
B H  2H44A                123    0.164  29.868   0.000   0.013   0.039   0.948
E R  2H44A                124    0.490 112.303   0.000   0.018   0.012   0.970
B G  2H44A                125    0.156  12.302   0.000   0.022   0.035   0.944
B V  2H44A                126    0.234  35.946   0.000   0.019   0.085   0.897
E N  2H44A                127    0.276  40.418   0.000   0.021   0.055   0.925
B N  2H44A                128    0.212  31.005   0.000   0.745   0.002   0.253
E S  2H44A                129    0.386  45.213   0.000   0.959   0.000   0.041
B Y  2H44A                130    0.146  31.228   0.000   0.983   0.000   0.017
B I  2H44A                131    0.118  21.816   0.000   0.975   0.001   0.024
E Q  2H44A                132    0.489  87.303   0.000   0.907   0.002   0.091
E R  2H44A                133    0.596 136.507   0.000   0.719   0.000   0.281
B S  2H44A                134    0.165  19.290   0.000   0.136   0.002   0.863
E E  2H44A                135    0.858 149.974   0.000   0.007   0.000   0.993
B H  2H44A                136    0.207  37.585   0.000   0.001   0.001   0.999
E P  2H44A                137    0.541  76.719   0.000   0.955   0.000   0.045
B L  2H44A                138    0.133  24.352   0.000   0.971   0.000   0.029
B A  2H44A                139    0.022   2.477   0.000   0.991   0.000   0.009
E Q  2H44A                140    0.575 102.643   0.000   0.980   0.000   0.020
E L  2H44A                141    0.505  92.449   0.000   0.944   0.000   0.056
E Y  2H44A                142    0.255  54.484   0.000   0.633   0.001   0.365
E C  2H44A                143    0.305  42.792   0.000   0.145   0.004   0.851
E H  2H44A                144    0.712 129.482   0.000   0.040   0.002   0.957
B S  2H44A                145    0.179  21.015   0.000   0.020   0.018   0.962
E I  2H44A                146    0.273  50.529   0.000   0.950   0.001   0.049
B M  2H44A                147    0.108  21.613   0.000   0.962   0.001   0.037
B E  2H44A                148    0.063  10.926   0.000   0.989   0.000   0.010
E H  2H44A                149    0.307  55.926   0.000   0.990   0.000   0.010
B H  2H44A                150    0.198  36.020   0.000   0.996   0.000   0.004
B H  2H44A                151    0.025   4.554   0.000   0.996   0.000   0.004
B F  2H44A                152    0.031   6.144   0.000   0.998   0.000   0.002
E D  2H44A                153    0.346  49.921   0.000   0.999   0.000   0.001
B Q  2H44A                154    0.180  32.224   0.000   0.999   0.000   0.001
B C  2H44A                155    0.004   0.499   0.000   0.999   0.000   0.001
B L  2H44A                156    0.131  24.050   0.000   0.999   0.000   0.001
E M  2H44A                157    0.391  78.333   0.000   0.996   0.000   0.004
B I  2H44A                158    0.044   8.077   0.000   0.990   0.000   0.010
B L  2H44A                159    0.038   6.999   0.000   0.817   0.000   0.183
E N  2H44A                160    0.544  79.713   0.000   0.302   0.000   0.698
E S  2H44A                161    0.270  31.632   0.000   0.003   0.001   0.996
E P  2H44A                162    0.788 111.880   0.000   0.029   0.001   0.970
E G  2H44A                163    0.606  47.657   0.000   0.058   0.001   0.941
B N  2H44A                164    0.171  25.003   0.000   0.096   0.019   0.885
E Q  2H44A                165    0.428  76.491   0.000   0.171   0.029   0.801
B I  2H44A                166    0.072  13.253   0.000   0.355   0.002   0.642
B L  2H44A                167    0.026   4.825   0.000   0.213   0.001   0.787
E S  2H44A                168    0.528  61.863   0.000   0.103   0.000   0.896
E G  2H44A                169    0.802  63.112   0.000   0.087   0.000   0.913
B L  2H44A                170    0.105  19.309   0.000   0.001   0.000   0.999
E S  2H44A                171    0.494  57.915   0.000   0.001   0.001   0.999
E I  2H44A                172    0.550 101.758   0.000   0.985   0.000   0.015
E E  2H44A                173    0.725 126.693   0.000   0.992   0.000   0.008
E E  2H44A                174    0.337  58.949   0.000   0.994   0.000   0.006
B Y  2H44A                175    0.131  27.923   0.000   0.998   0.000   0.002
E K  2H44A                176    0.466  95.774   0.000   0.999   0.000   0.001
E T  2H44A                177    0.369  51.217   0.000   0.999   0.000   0.001
B T  2H44A                178    0.022   3.003   0.000   0.999   0.000   0.001
B L  2H44A                179    0.096  17.544   0.000   1.000   0.000   0.000
E K  2H44A                180    0.483  99.448   0.000   1.000   0.000   0.000
B I  2H44A                181    0.086  15.947   0.000   1.000   0.000   0.000
B I  2H44A                182    0.005   0.961   0.000   1.000   0.000   0.000
B K  2H44A                183    0.211  43.391   0.000   1.000   0.000   0.000
E Q  2H44A                184    0.336  59.985   0.000   1.000   0.000   0.000
B A  2H44A                185    0.014   1.585   0.000   0.999   0.000   0.001
B I  2H44A                186    0.021   3.923   0.000   0.998   0.000   0.002
B L  2H44A                187    0.151  27.572   0.000   0.972   0.000   0.028
B A  2H44A                188    0.149  16.389   0.000   0.701   0.000   0.299
B T  2H44A                189    0.077  10.693   0.000   0.205   0.008   0.787
E D  2H44A                190    0.250  36.072   0.000   0.114   0.019   0.867
B L  2H44A                191    0.153  27.984   0.000   0.884   0.001   0.115
E A  2H44A                192    0.369  40.681   0.000   0.960   0.000   0.040
E L  2H44A                193    0.261  47.866   0.000   0.964   0.000   0.036
B Y  2H44A                194    0.080  17.135   0.000   0.957   0.001   0.042
E I  2H44A                195    0.351  64.953   0.000   0.984   0.000   0.016
E K  2H44A                196    0.643 132.240   0.000   0.964   0.000   0.035
B R  2H44A                197    0.187  42.928   0.000   0.910   0.001   0.089
B R  2H44A                198    0.234  53.535   0.000   0.981   0.000   0.018
E G  2H44A                199    0.414  32.581   0.000   0.987   0.000   0.013
E E  2H44A                200    0.475  83.004   0.000   0.975   0.000   0.025
B F  2H44A                201    0.029   5.733   0.000   0.992   0.000   0.008
E F  2H44A                202    0.309  61.937   0.000   0.998   0.000   0.002
E E  2H44A                203    0.567  99.038   0.000   0.998   0.000   0.002
B L  2H44A                204    0.126  23.081   0.000   0.998   0.000   0.002
B I  2H44A                205    0.113  20.994   0.000   0.994   0.000   0.006
E R  2H44A                206    0.674 154.303   0.000   0.958   0.000   0.042
E K  2H44A                207    0.622 127.994   0.000   0.164   0.000   0.836
E N  2H44A                208    0.770 112.666   0.000   0.009   0.000   0.991
E Q  2H44A                209    0.645 115.286   0.000   0.004   0.001   0.995
B F  2H44A                210    0.099  19.887   0.000   0.003   0.006   0.992
E N  2H44A                211    0.618  90.433   0.000   0.001   0.002   0.997
B L  2H44A                212    0.176  32.214   0.000   0.008   0.000   0.992
E E  2H44A                213    0.815 142.405   0.000   0.005   0.000   0.995
E D  2H44A                214    0.437  62.994   0.000   0.001   0.000   0.999
E P  2H44A                215    0.614  87.075   0.000   0.966   0.000   0.034
E H  2H44A                216    0.570 103.746   0.000   0.983   0.000   0.016
B Q  2H44A                217    0.134  23.976   0.000   0.991   0.000   0.009
B K  2H44A                218    0.199  40.944   0.000   0.999   0.000   0.001
E E  2H44A                219    0.342  59.697   0.000   1.000   0.000   0.000
B L  2H44A                220    0.104  19.127   0.000   1.000   0.000   0.000
B F  2H44A                221    0.010   2.042   0.000   1.000   0.000   0.000
B L  2H44A                222    0.031   5.669   0.000   1.000   0.000   0.000
B A  2H44A                223    0.090   9.966   0.000   1.000   0.000   0.000
B M  2H44A                224    0.033   6.636   0.000   1.000   0.000   0.000
B L  2H44A                225    0.007   1.232   0.000   1.000   0.000   0.000
B M  2H44A                226    0.026   5.234   0.000   0.999   0.000   0.001
B T  2H44A                227    0.110  15.242   0.000   0.994   0.000   0.006
B A  2H44A                228    0.015   1.632   0.000   0.965   0.000   0.035
B C  2H44A                229    0.010   1.422   0.000   0.882   0.000   0.118
B D  2H44A                230    0.134  19.288   0.000   0.704   0.001   0.295
B L  2H44A                231    0.071  12.929   0.000   0.745   0.001   0.254
B S  2H44A                232    0.033   3.813   0.000   0.881   0.000   0.119
B A  2H44A                233    0.096  10.570   0.000   0.838   0.001   0.161
B I  2H44A                234    0.071  13.201   0.000   0.735   0.000   0.265
B T  2H44A                235    0.078  10.841   0.000   0.707   0.002   0.290
B K  2H44A                236    0.183  37.737   0.000   0.010   0.008   0.982
E P  2H44A                237    0.254  36.020   0.000   0.006   0.013   0.981
B W  2H44A                238    0.203  48.708   0.000   0.975   0.000   0.025
E P  2H44A                239    0.474  67.280   0.000   0.997   0.000   0.003
B I  2H44A                240    0.101  18.695   0.000   0.998   0.000   0.002
B Q  2H44A                241    0.021   3.750   0.000   0.999   0.000   0.001
E Q  2H44A                242    0.364  65.080   0.000   1.000   0.000   0.000
E R  2H44A                243    0.435  99.563   0.000   1.000   0.000   0.000
B I  2H44A                244    0.021   3.801   0.000   0.999   0.000   0.001
B A  2H44A                245    0.019   2.049   0.000   1.000   0.000   0.000
E E  2H44A                246    0.471  82.221   0.000   1.000   0.000   0.000
B L  2H44A                247    0.121  22.152   0.000   1.000   0.000   0.000
B V  2H44A                248    0.009   1.432   0.000   0.999   0.000   0.001
B A  2H44A                249    0.069   7.649   0.000   0.999   0.000   0.001
E T  2H44A                250    0.413  57.304   0.000   0.998   0.000   0.002
B E  2H44A                251    0.081  14.110   0.000   0.998   0.000   0.002
B F  2H44A                252    0.040   8.017   0.000   0.996   0.000   0.004
B F  2H44A                253    0.225  45.237   0.000   0.995   0.000   0.005
E D  2H44A                254    0.416  59.902   0.000   0.990   0.000   0.010
B Q  2H44A                255    0.067  11.926   0.000   0.978   0.000   0.022
B G  2H44A                256    0.035   2.771   0.000   0.988   0.000   0.012
E D  2H44A                257    0.467  67.273   0.000   0.994   0.000   0.006
E R  2H44A                258    0.422  96.568   0.000   0.987   0.000   0.013
B E  2H44A                259    0.056   9.849   0.000   0.985   0.000   0.015
E R  2H44A                260    0.341  78.131   0.000   0.974   0.000   0.026
E K  2H44A                261    0.733 150.831   0.000   0.967   0.000   0.033
E E  2H44A                262    0.664 115.987   0.000   0.928   0.000   0.072
E L  2H44A                263    0.336  61.432   0.000   0.417   0.000   0.582
E N  2H44A                264    0.936 136.990   0.000   0.002   0.000   0.998
B I  2H44A                265    0.239  44.262   0.000   0.001   0.002   0.997
E E  2H44A                266    0.764 133.532   0.000   0.001   0.004   0.995
B P  2H44A                267    0.244  34.590   0.000   0.060   0.022   0.918
E T  2H44A                268    0.301  41.690   0.000   0.061   0.010   0.929
E D  2H44A                269    0.633  91.175   0.000   0.381   0.004   0.614
E L  2H44A                270    0.260  47.626   0.000   0.383   0.003   0.613
B M  2H44A                271    0.140  28.114   0.000   0.251   0.022   0.726
E N  2H44A                272    0.395  57.896   0.000   0.049   0.041   0.910
E R  2H44A                273    0.392  89.762   0.000   0.264   0.002   0.734
E E  2H44A                274    0.762 133.205   0.000   0.273   0.001   0.726
E K  2H44A                275    0.531 109.136   0.000   0.246   0.003   0.750
E K  2H44A                276    0.464  95.389   0.000   0.375   0.007   0.618
E N  2H44A                277    0.599  87.672   0.000   0.343   0.003   0.654
E K  2H44A                278    0.489 100.502   0.000   0.637   0.004   0.359
B I  2H44A                279    0.122  22.604   0.000   0.892   0.001   0.107
B P  2H44A                280    0.192  27.255   0.000   0.744   0.003   0.253
E S  2H44A                281    0.512  59.996   0.000   0.939   0.001   0.061
E M  2H44A                282    0.260  51.947   0.000   0.946   0.001   0.053
B Q  2H44A                283    0.080  14.266   0.000   0.971   0.001   0.028
B V  2H44A                284    0.127  19.583   0.000   0.989   0.000   0.011
E G  2H44A                285    0.284  22.376   0.000   0.987   0.000   0.013
B F  2H44A                286    0.094  18.881   0.000   0.994   0.000   0.006
B I  2H44A                287    0.020   3.652   0.000   0.998   0.000   0.002
E D  2H44A                288    0.383  55.159   0.000   0.998   0.000   0.002
E A  2H44A                289    0.341  37.581   0.000   0.998   0.000   0.002
B I  2H44A                290    0.051   9.457   0.000   0.995   0.000   0.005
B C  2H44A                291    0.008   1.075   0.000   0.993   0.000   0.007
B L  2H44A                292    0.242  44.219   0.000   0.999   0.000   0.001
E Q  2H44A                293    0.327  58.356   0.000   0.999   0.000   0.001
B L  2H44A                294    0.022   4.029   0.000   0.999   0.000   0.001
B Y  2H44A                295    0.068  14.479   0.000   0.999   0.000   0.001
E E  2H44A                296    0.467  81.558   0.000   0.998   0.000   0.002
B A  2H44A                297    0.092  10.145   0.000   0.996   0.000   0.004
B L  2H44A                298    0.025   4.507   0.000   0.985   0.000   0.015
B T  2H44A                299    0.177  24.609   0.000   0.877   0.001   0.123
E H  2H44A                300    0.642 116.694   0.000   0.685   0.000   0.314
B V  2H44A                301    0.162  24.836   0.000   0.628   0.003   0.369
B S  2H44A                302    0.152  17.836   0.000   0.079   0.005   0.916
E E  2H44A                303    0.747 130.549   0.000   0.685   0.001   0.314
E D  2H44A                304    0.597  86.030   0.000   0.576   0.000   0.424
B C  2H44A                305    0.035   4.967   0.000   0.495   0.001   0.504
E F  2H44A                306    0.385  77.226   0.000   0.989   0.000   0.011
E P  2H44A                307    0.456  64.738   0.000   0.994   0.000   0.006
B L  2H44A                308    0.105  19.139   0.000   0.996   0.000   0.003
B L  2H44A                309    0.074  13.509   0.000   0.997   0.000   0.003
E D  2H44A                310    0.553  79.675   0.000   0.994   0.000   0.006
B G  2H44A                311    0.206  16.244   0.000   0.990   0.000   0.010
B C  2H44A                312    0.034   4.716   0.000   0.997   0.000   0.003
E R  2H44A                313    0.458 104.983   0.000   0.997   0.000   0.002
E K  2H44A                314    0.584 120.181   0.000   0.993   0.000   0.007
B N  2H44A                315    0.131  19.203   0.000   0.964   0.000   0.036
E R  2H44A                316    0.289  66.279   0.000   0.997   0.000   0.003
E Q  2H44A                317    0.669 119.536   0.000   0.997   0.000   0.003
E K  2H44A                318    0.465  95.554   0.000   0.991   0.000   0.009
B W  2H44A                319    0.114  27.347   0.000   0.989   0.000   0.011
E Q  2H44A                320    0.509  90.956   0.000   0.972   0.000   0.028
E A  2H44A                321    0.532  58.601   0.000   0.930   0.000   0.070
E L  2H44A                322    0.340  62.338   0.000   0.874   0.000   0.126
E A  2H44A                323    0.388  42.741   0.000   0.783   0.000   0.217
E E  2H44A                324    0.813 142.062   0.000   0.498   0.001   0.501
E Q  2H44A                325    0.779 139.071   0.000   0.210   0.001   0.790
E Q  2H44A                326    0.870 155.470   0.000   0.002   0.000   0.998
