# For publication of results, please cite:
# ...
# ... Michael Schantz Klausen, Martin Closter Jespersen, Henrik Nielsen, Kamilla Kjærgaard Jensen, 
# ... Vanessa Isabell Jurtz, Casper Kaae Sønderby, Morten Otto Alexander Sommer, Ole Winther, 
# ... Morten Nielsen, Bent Petersen, and Paolo Marcatili. 
# ... NetSurfP-2.0: Improved prediction of protein structural features by integrated deep learning.
# ... Proteins: Structure, Function, and Bioinformatics (Feb. 2019).
# ... https://doi.org/10.1002/prot.25674
# ...
#
# Column 1: Class assignment - B for buried or E for Exposed - Threshold: 25% exposure, but not based on RSA
# Column 2: Amino acid
# Column 3: Sequence name
# Column 4: Amino acid number
# Column 5: Relative Surface Accessibility - RSA
# Column 6: Absolute Surface Accessibility
# Column 7: Not used
# Column 8: Probability for Alpha-Helix
# Column 9: Probability for Beta-strand
# Column 10: Probability for Coil
E A  1GLGA                  1    0.883  97.300   0.000   0.000   0.000   1.000
E D  1GLGA                  2    0.869 125.159   0.000   0.005   0.014   0.981
E T  1GLGA                  3    0.293  40.656   0.000   0.000   0.375   0.624
E R  1GLGA                  4    0.371  84.944   0.000   0.000   0.965   0.035
B I  1GLGA                  5    0.010   1.848   0.000   0.000   0.999   0.001
B G  1GLGA                  6    0.002   0.189   0.000   0.000   1.000   0.000
B V  1GLGA                  7    0.002   0.259   0.000   0.000   1.000   0.000
B T  1GLGA                  8    0.008   1.044   0.000   0.000   0.992   0.008
B I  1GLGA                  9    0.007   1.327   0.000   0.000   0.828   0.172
B Y  1GLGA                 10    0.143  30.473   0.000   0.000   0.045   0.955
E K  1GLGA                 11    0.317  65.244   0.000   0.002   0.031   0.967
E Y  1GLGA                 12    0.282  60.301   0.000   0.007   0.012   0.981
E D  1GLGA                 13    0.662  95.401   0.000   0.008   0.001   0.990
B D  1GLGA                 14    0.216  31.064   0.000   0.016   0.005   0.979
E N  1GLGA                 15    0.380  55.630   0.000   0.835   0.001   0.164
B F  1GLGA                 16    0.045   9.003   0.000   0.934   0.000   0.066
B M  1GLGA                 17    0.040   8.038   0.000   0.979   0.000   0.020
E S  1GLGA                 18    0.317  37.152   0.000   0.995   0.000   0.005
B V  1GLGA                 19    0.135  20.765   0.000   0.998   0.000   0.002
B V  1GLGA                 20    0.004   0.544   0.000   0.999   0.000   0.001
E R  1GLGA                 21    0.288  65.901   0.000   0.998   0.000   0.001
E K  1GLGA                 22    0.484  99.557   0.000   0.998   0.000   0.002
B A  1GLGA                 23    0.026   2.816   0.000   0.999   0.000   0.001
B I  1GLGA                 24    0.011   2.122   0.000   0.998   0.000   0.002
E E  1GLGA                 25    0.450  78.557   0.000   0.997   0.000   0.003
E Q  1GLGA                 26    0.497  88.806   0.000   0.994   0.000   0.006
B D  1GLGA                 27    0.125  17.945   0.000   0.987   0.000   0.013
B A  1GLGA                 28    0.063   6.991   0.000   0.919   0.001   0.080
E K  1GLGA                 29    0.735 151.114   0.000   0.740   0.001   0.260
E A  1GLGA                 30    0.617  68.033   0.000   0.464   0.000   0.536
B A  1GLGA                 31    0.132  14.573   0.000   0.002   0.001   0.998
E P  1GLGA                 32    0.742 105.293   0.000   0.001   0.000   0.999
E D  1GLGA                 33    0.509  73.396   0.000   0.001   0.002   0.996
B V  1GLGA                 34    0.079  12.068   0.000   0.000   0.810   0.189
E Q  1GLGA                 35    0.558  99.654   0.000   0.000   0.990   0.010
B L  1GLGA                 36    0.212  38.850   0.000   0.000   0.994   0.006
E L  1GLGA                 37    0.306  55.960   0.000   0.000   0.997   0.003
E M  1GLGA                 38    0.356  71.181   0.000   0.000   0.990   0.010
B N  1GLGA                 39    0.223  32.698   0.000   0.000   0.939   0.061
E D  1GLGA                 40    0.355  51.182   0.000   0.000   0.911   0.088
B S  1GLGA                 41    0.026   3.104   0.000   0.023   0.035   0.942
E Q  1GLGA                 42    0.416  74.364   0.000   0.005   0.003   0.991
E N  1GLGA                 43    0.443  64.798   0.000   0.003   0.001   0.995
E D  1GLGA                 44    0.473  68.146   0.000   0.004   0.001   0.995
E Q  1GLGA                 45    0.486  86.830   0.000   0.955   0.000   0.045
E S  1GLGA                 46    0.692  81.142   0.000   0.980   0.000   0.020
E K  1GLGA                 47    0.421  86.654   0.000   0.985   0.000   0.015
B Q  1GLGA                 48    0.035   6.231   0.000   0.993   0.000   0.007
E N  1GLGA                 49    0.321  47.053   0.000   0.996   0.000   0.004
E D  1GLGA                 50    0.619  89.162   0.000   0.997   0.000   0.003
B Q  1GLGA                 51    0.153  27.333   0.000   0.997   0.000   0.002
B I  1GLGA                 52    0.008   1.472   0.000   0.999   0.000   0.001
E D  1GLGA                 53    0.509  73.347   0.000   0.999   0.000   0.001
E V  1GLGA                 54    0.419  64.372   0.000   0.999   0.000   0.001
B L  1GLGA                 55    0.016   2.868   0.000   0.999   0.000   0.001
B L  1GLGA                 56    0.172  31.569   0.000   0.995   0.000   0.005
E A  1GLGA                 57    0.763  84.035   0.000   0.923   0.000   0.077
E K  1GLGA                 58    0.555 114.079   0.000   0.164   0.000   0.836
E G  1GLGA                 59    0.519  40.816   0.000   0.001   0.000   0.999
B V  1GLGA                 60    0.038   5.915   0.000   0.000   0.023   0.977
E K  1GLGA                 61    0.445  91.583   0.000   0.000   0.005   0.995
B A  1GLGA                 62    0.009   0.937   0.000   0.000   0.929   0.071
B L  1GLGA                 63    0.004   0.740   0.000   0.000   0.999   0.001
B A  1GLGA                 64    0.002   0.178   0.000   0.000   0.999   0.001
B I  1GLGA                 65    0.001   0.221   0.000   0.000   0.991   0.009
B N  1GLGA                 66    0.022   3.220   0.000   0.000   0.436   0.564
B L  1GLGA                 67    0.037   6.743   0.000   0.000   0.037   0.962
B V  1GLGA                 68    0.098  15.063   0.000   0.000   0.007   0.993
E D  1GLGA                 69    0.317  45.747   0.000   0.000   0.001   0.998
B P  1GLGA                 70    0.204  28.925   0.000   0.903   0.000   0.097
E A  1GLGA                 71    0.576  63.442   0.000   0.889   0.001   0.111
B A  1GLGA                 72    0.204  22.429   0.000   0.879   0.001   0.120
B A  1GLGA                 73    0.023   2.516   0.000   0.858   0.001   0.141
B G  1GLGA                 74    0.233  18.315   0.000   0.908   0.000   0.091
E T  1GLGA                 75    0.525  72.859   0.000   0.950   0.001   0.050
B V  1GLGA                 76    0.052   7.955   0.000   0.985   0.000   0.015
B I  1GLGA                 77    0.018   3.267   0.000   0.996   0.000   0.004
E E  1GLGA                 78    0.605 105.722   0.000   0.995   0.000   0.004
E K  1GLGA                 79    0.495 101.804   0.000   0.989   0.000   0.011
B A  1GLGA                 80    0.009   0.998   0.000   0.944   0.000   0.055
E R  1GLGA                 81    0.454 103.918   0.000   0.734   0.002   0.265
E G  1GLGA                 82    0.855  67.302   0.000   0.705   0.000   0.295
E Q  1GLGA                 83    0.469  83.755   0.000   0.056   0.000   0.944
E N  1GLGA                 84    0.921 134.894   0.000   0.001   0.000   0.999
B V  1GLGA                 85    0.079  12.066   0.000   0.000   0.001   0.999
B P  1GLGA                 86    0.208  29.576   0.000   0.000   0.009   0.991
B V  1GLGA                 87    0.013   2.036   0.000   0.000   0.998   0.002
B V  1GLGA                 88    0.007   1.051   0.000   0.000   0.999   0.001
B F  1GLGA                 89    0.011   2.257   0.000   0.000   0.988   0.012
B F  1GLGA                 90    0.009   1.799   0.000   0.000   0.809   0.191
B N  1GLGA                 91    0.151  22.090   0.000   0.000   0.032   0.967
B K  1GLGA                 92    0.222  45.617   0.000   0.000   0.043   0.956
E E  1GLGA                 93    0.391  68.337   0.000   0.000   0.004   0.996
B P  1GLGA                 94    0.067   9.498   0.000   0.007   0.004   0.989
E S  1GLGA                 95    0.387  45.317   0.000   0.019   0.009   0.972
E R  1GLGA                 96    0.594 135.949   0.000   0.776   0.002   0.223
E K  1GLGA                 97    0.727 149.571   0.000   0.829   0.002   0.170
B A  1GLGA                 98    0.169  18.654   0.000   0.833   0.002   0.165
B L  1GLGA                 99    0.152  27.906   0.000   0.802   0.004   0.194
E D  1GLGA                100    0.723 104.231   0.000   0.635   0.002   0.364
E S  1GLGA                101    0.496  58.084   0.000   0.459   0.002   0.539
B Y  1GLGA                102    0.179  38.163   0.000   0.244   0.012   0.743
E D  1GLGA                103    0.629  90.709   0.000   0.114   0.008   0.878
E K  1GLGA                104    0.347  71.427   0.000   0.096   0.075   0.829
B A  1GLGA                105    0.028   3.107   0.000   0.007   0.629   0.364
B Y  1GLGA                106    0.081  17.244   0.000   0.001   0.795   0.204
B Y  1GLGA                107    0.061  13.140   0.000   0.000   0.981   0.018
B V  1GLGA                108    0.006   0.956   0.000   0.000   0.993   0.006
B G  1GLGA                109    0.019   1.479   0.000   0.000   0.950   0.049
B T  1GLGA                110    0.029   4.041   0.000   0.001   0.404   0.596
E D  1GLGA                111    0.261  37.543   0.000   0.001   0.054   0.945
B S  1GLGA                112    0.063   7.413   0.000   0.983   0.000   0.017
E K  1GLGA                113    0.331  68.115   0.000   0.998   0.000   0.002
E E  1GLGA                114    0.400  69.867   0.000   0.999   0.000   0.001
B S  1GLGA                115    0.009   1.106   0.000   0.999   0.000   0.001
B G  1GLGA                116    0.003   0.203   0.000   0.999   0.000   0.001
B I  1GLGA                117    0.162  29.882   0.000   0.999   0.000   0.001
B I  1GLGA                118    0.116  21.510   0.000   1.000   0.000   0.000
B Q  1GLGA                119    0.012   2.193   0.000   0.999   0.000   0.001
B G  1GLGA                120    0.002   0.161   0.000   1.000   0.000   0.000
E D  1GLGA                121    0.307  44.258   0.000   1.000   0.000   0.000
B L  1GLGA                122    0.099  18.134   0.000   1.000   0.000   0.000
B I  1GLGA                123    0.003   0.563   0.000   1.000   0.000   0.000
B A  1GLGA                124    0.012   1.292   0.000   0.999   0.000   0.001
E K  1GLGA                125    0.450  92.528   0.000   0.997   0.000   0.003
B H  1GLGA                126    0.221  40.145   0.000   0.995   0.000   0.005
B W  1GLGA                127    0.032   7.614   0.000   0.989   0.000   0.011
B A  1GLGA                128    0.078   8.593   0.000   0.981   0.001   0.018
E A  1GLGA                129    0.592  65.280   0.000   0.952   0.001   0.047
E N  1GLGA                130    0.608  89.069   0.000   0.814   0.001   0.185
E Q  1GLGA                131    0.396  70.770   0.000   0.285   0.003   0.712
E G  1GLGA                132    0.705  55.501   0.000   0.014   0.002   0.984
B W  1GLGA                133    0.193  46.536   0.000   0.014   0.023   0.963
E D  1GLGA                134    0.693  99.865   0.000   0.009   0.042   0.949
B L  1GLGA                135    0.145  26.579   0.000   0.056   0.057   0.888
E N  1GLGA                136    0.450  65.875   0.000   0.080   0.005   0.915
E K  1GLGA                137    0.711 146.331   0.000   0.146   0.008   0.846
E D  1GLGA                138    0.706 101.663   0.000   0.086   0.004   0.910
E G  1GLGA                139    0.354  27.896   0.000   0.021   0.027   0.952
E Q  1GLGA                140    0.362  64.641   0.000   0.008   0.260   0.732
B I  1GLGA                141    0.095  17.665   0.000   0.001   0.826   0.172
E Q  1GLGA                142    0.262  46.858   0.000   0.001   0.940   0.059
B F  1GLGA                143    0.012   2.376   0.000   0.000   0.990   0.010
B V  1GLGA                144    0.002   0.368   0.000   0.000   0.999   0.001
B L  1GLGA                145    0.004   0.773   0.000   0.000   0.999   0.001
B L  1GLGA                146    0.005   0.892   0.000   0.000   0.978   0.022
B K  1GLGA                147    0.089  18.217   0.000   0.000   0.909   0.091
B G  1GLGA                148    0.073   5.715   0.000   0.000   0.230   0.770
E E  1GLGA                149    0.346  60.445   0.000   0.000   0.007   0.992
E P  1GLGA                150    0.501  71.086   0.000   0.001   0.001   0.998
E G  1GLGA                151    0.668  52.574   0.000   0.002   0.000   0.998
B H  1GLGA                152    0.128  23.250   0.000   0.003   0.002   0.995
E P  1GLGA                153    0.316  44.778   0.000   0.925   0.000   0.075
B D  1GLGA                154    0.102  14.730   0.000   0.946   0.000   0.054
B A  1GLGA                155    0.014   1.578   0.000   0.982   0.000   0.018
E E  1GLGA                156    0.438  76.541   0.000   0.995   0.000   0.004
B A  1GLGA                157    0.184  20.260   0.000   0.998   0.000   0.002
B R  1GLGA                158    0.018   4.186   0.000   0.998   0.000   0.002
B T  1GLGA                159    0.064   8.837   0.000   0.998   0.000   0.002
E T  1GLGA                160    0.442  61.346   0.000   0.999   0.000   0.001
B Y  1GLGA                161    0.093  19.868   0.000   0.999   0.000   0.001
B V  1GLGA                162    0.004   0.657   0.000   0.999   0.000   0.001
B I  1GLGA                163    0.151  27.907   0.000   0.999   0.000   0.001
E K  1GLGA                164    0.545 112.085   0.000   0.998   0.000   0.002
B E  1GLGA                165    0.129  22.460   0.000   0.997   0.000   0.003
B L  1GLGA                166    0.012   2.260   0.000   0.988   0.000   0.012
E N  1GLGA                167    0.603  88.251   0.000   0.976   0.000   0.024
E D  1GLGA                168    0.808 116.400   0.000   0.927   0.000   0.073
E K  1GLGA                169    0.434  89.235   0.000   0.178   0.000   0.822
E G  1GLGA                170    0.693  54.564   0.000   0.002   0.000   0.998
B I  1GLGA                171    0.079  14.684   0.000   0.002   0.020   0.978
E K  1GLGA                172    0.636 130.863   0.000   0.004   0.246   0.750
E T  1GLGA                173    0.287  39.782   0.000   0.148   0.544   0.308
E E  1GLGA                174    0.576 100.680   0.000   0.138   0.668   0.194
E Q  1GLGA                175    0.460  82.117   0.000   0.053   0.872   0.075
B L  1GLGA                176    0.227  41.628   0.000   0.009   0.880   0.111
E Q  1GLGA                177    0.359  64.130   0.000   0.002   0.962   0.036
B L  1GLGA                178    0.180  32.938   0.000   0.003   0.902   0.095
E D  1GLGA                179    0.355  51.122   0.000   0.004   0.814   0.182
E T  1GLGA                180    0.257  35.620   0.000   0.031   0.400   0.569
B A  1GLGA                181    0.138  15.252   0.000   0.039   0.059   0.901
E M  1GLGA                182    0.390  78.104   0.000   0.018   0.018   0.964
B W  1GLGA                183    0.217  52.092   0.000   0.006   0.006   0.988
E D  1GLGA                184    0.531  76.480   0.000   0.003   0.002   0.995
E T  1GLGA                185    0.331  45.903   0.000   0.965   0.000   0.035
E A  1GLGA                186    0.588  64.842   0.000   0.991   0.000   0.009
E Q  1GLGA                187    0.430  76.723   0.000   0.992   0.000   0.007
B A  1GLGA                188    0.005   0.499   0.000   0.997   0.000   0.003
E K  1GLGA                189    0.352  72.304   0.000   0.998   0.000   0.002
E D  1GLGA                190    0.669  96.428   0.000   0.999   0.000   0.001
E K  1GLGA                191    0.309  63.591   0.000   0.998   0.000   0.002
B M  1GLGA                192    0.005   0.967   0.000   0.998   0.000   0.002
E D  1GLGA                193    0.410  59.126   0.000   0.998   0.000   0.002
E A  1GLGA                194    0.496  54.638   0.000   0.988   0.000   0.012
B W  1GLGA                195    0.078  18.770   0.000   0.971   0.000   0.029
B L  1GLGA                196    0.063  11.576   0.000   0.717   0.001   0.282
E S  1GLGA                197    0.655  76.720   0.000   0.301   0.001   0.698
E G  1GLGA                198    0.376  29.553   0.000   0.044   0.001   0.954
E P  1GLGA                199    0.839 119.093   0.000   0.182   0.001   0.818
E N  1GLGA                200    0.427  62.487   0.000   0.242   0.001   0.756
B A  1GLGA                201    0.167  18.348   0.000   0.792   0.002   0.206
E N  1GLGA                202    0.756 110.663   0.000   0.717   0.003   0.280
E K  1GLGA                203    0.522 107.311   0.000   0.687   0.003   0.310
B I  1GLGA                204    0.021   3.925   0.000   0.001   0.341   0.658
E E  1GLGA                205    0.368  64.306   0.000   0.000   0.195   0.805
B V  1GLGA                206    0.010   1.527   0.000   0.000   0.989   0.011
B V  1GLGA                207    0.003   0.475   0.000   0.000   1.000   0.000
B I  1GLGA                208    0.004   0.659   0.000   0.000   0.999   0.001
B A  1GLGA                209    0.001   0.132   0.000   0.000   0.903   0.097
B N  1GLGA                210    0.032   4.657   0.000   0.000   0.014   0.986
B N  1GLGA                211    0.057   8.330   0.000   0.003   0.038   0.959
B D  1GLGA                212    0.040   5.833   0.000   0.985   0.000   0.015
B A  1GLGA                213    0.073   8.034   0.000   0.993   0.000   0.007
B M  1GLGA                214    0.011   2.268   0.000   0.995   0.000   0.005
B A  1GLGA                215    0.001   0.130   0.000   0.998   0.000   0.002
B M  1GLGA                216    0.083  16.642   0.000   0.998   0.000   0.002
B G  1GLGA                217    0.031   2.476   0.000   0.999   0.000   0.001
B A  1GLGA                218    0.002   0.200   0.000   0.999   0.000   0.001
B V  1GLGA                219    0.025   3.909   0.000   1.000   0.000   0.000
E E  1GLGA                220    0.467  81.662   0.000   0.999   0.000   0.001
B A  1GLGA                221    0.052   5.775   0.000   0.999   0.000   0.001
B L  1GLGA                222    0.009   1.684   0.000   0.997   0.000   0.003
E K  1GLGA                223    0.513 105.587   0.000   0.992   0.000   0.008
E A  1GLGA                224    0.633  69.794   0.000   0.941   0.000   0.059
E H  1GLGA                225    0.436  79.327   0.000   0.068   0.000   0.932
E N  1GLGA                226    0.892 130.631   0.000   0.009   0.000   0.991
E K  1GLGA                227    0.295  60.631   0.000   0.012   0.000   0.988
E S  1GLGA                228    0.684  80.155   0.000   0.016   0.001   0.983
E S  1GLGA                229    0.819  96.005   0.000   0.013   0.000   0.986
B I  1GLGA                230    0.055  10.176   0.000   0.000   0.008   0.992
B P  1GLGA                231    0.173  24.526   0.000   0.000   0.031   0.969
B V  1GLGA                232    0.015   2.355   0.000   0.000   0.997   0.003
B F  1GLGA                233    0.008   1.634   0.000   0.000   0.998   0.002
B G  1GLGA                234    0.003   0.200   0.000   0.000   0.954   0.046
B V  1GLGA                235    0.010   1.510   0.000   0.000   0.873   0.127
B D  1GLGA                236    0.061   8.741   0.000   0.003   0.368   0.629
B A  1GLGA                237    0.073   7.999   0.000   0.002   0.017   0.981
B L  1GLGA                238    0.078  14.219   0.000   0.049   0.004   0.947
E P  1GLGA                239    0.375  53.283   0.000   0.988   0.000   0.012
E E  1GLGA                240    0.294  51.406   0.000   0.994   0.000   0.006
B A  1GLGA                241    0.003   0.312   0.000   0.999   0.000   0.001
B L  1GLGA                242    0.146  26.802   0.000   0.998   0.000   0.002
E A  1GLGA                243    0.351  38.646   0.000   0.998   0.000   0.002
B L  1GLGA                244    0.078  14.216   0.000   0.998   0.000   0.002
B V  1GLGA                245    0.076  11.624   0.000   0.991   0.000   0.009
E K  1GLGA                246    0.623 128.049   0.000   0.974   0.000   0.026
E S  1GLGA                247    0.605  70.913   0.000   0.541   0.000   0.459
E G  1GLGA                248    0.472  37.156   0.000   0.002   0.000   0.998
E A  1GLGA                249    0.268  29.567   0.000   0.001   0.003   0.997
B L  1GLGA                250    0.034   6.223   0.000   0.001   0.108   0.891
B A  1GLGA                251    0.202  22.216   0.000   0.000   0.028   0.972
B G  1GLGA                252    0.010   0.824   0.000   0.000   0.898   0.102
B T  1GLGA                253    0.011   1.510   0.000   0.000   0.998   0.002
B V  1GLGA                254    0.007   1.012   0.000   0.000   0.997   0.003
B L  1GLGA                255    0.050   9.121   0.000   0.000   0.952   0.048
B N  1GLGA                256    0.045   6.612   0.000   0.004   0.288   0.707
B D  1GLGA                257    0.211  30.399   0.000   0.005   0.089   0.906
B A  1GLGA                258    0.021   2.330   0.000   0.971   0.000   0.028
B N  1GLGA                259    0.236  34.547   0.000   0.991   0.000   0.008
E N  1GLGA                260    0.257  37.662   0.000   0.996   0.000   0.004
B Q  1GLGA                261    0.015   2.713   0.000   0.998   0.000   0.002
B A  1GLGA                262    0.001   0.158   0.000   0.999   0.000   0.001
E K  1GLGA                263    0.301  61.873   0.000   1.000   0.000   0.000
B A  1GLGA                264    0.081   8.941   0.000   1.000   0.000   0.000
B T  1GLGA                265    0.001   0.168   0.000   1.000   0.000   0.000
B F  1GLGA                266    0.013   2.698   0.000   1.000   0.000   0.000
E D  1GLGA                267    0.366  52.756   0.000   0.999   0.000   0.001
B L  1GLGA                268    0.051   9.274   0.000   0.999   0.000   0.001
B A  1GLGA                269    0.003   0.287   0.000   0.999   0.000   0.001
B K  1GLGA                270    0.217  44.637   0.000   0.998   0.000   0.002
B N  1GLGA                271    0.241  35.212   0.000   0.997   0.000   0.003
B L  1GLGA                272    0.124  22.647   0.000   0.995   0.000   0.005
B A  1GLGA                273    0.148  16.291   0.000   0.963   0.000   0.036
E D  1GLGA                274    0.553  79.629   0.000   0.393   0.002   0.606
E G  1GLGA                275    0.595  46.823   0.000   0.005   0.000   0.995
E K  1GLGA                276    0.532 109.471   0.000   0.005   0.012   0.982
E G  1GLGA                277    0.358  28.138   0.000   0.025   0.045   0.931
E A  1GLGA                278    0.289  31.821   0.000   0.077   0.142   0.782
E A  1GLGA                279    0.430  47.414   0.000   0.106   0.114   0.780
E D  1GLGA                280    0.783 112.803   0.000   0.054   0.039   0.907
E G  1GLGA                281    0.723  56.938   0.000   0.038   0.010   0.952
E T  1GLGA                282    0.412  57.200   0.000   0.039   0.072   0.890
E N  1GLGA                283    0.732 107.144   0.000   0.030   0.169   0.801
B W  1GLGA                284    0.187  44.960   0.000   0.017   0.259   0.724
E K  1GLGA                285    0.605 124.380   0.000   0.006   0.563   0.431
B I  1GLGA                286    0.212  39.300   0.000   0.015   0.605   0.379
E D  1GLGA                287    0.594  85.583   0.000   0.028   0.083   0.890
E N  1GLGA                288    0.743 108.846   0.000   0.043   0.049   0.908
E K  1GLGA                289    0.422  86.908   0.000   0.026   0.480   0.494
E V  1GLGA                290    0.311  47.822   0.000   0.004   0.843   0.153
B V  1GLGA                291    0.125  19.173   0.000   0.001   0.972   0.027
E R  1GLGA                292    0.480 109.961   0.000   0.000   0.974   0.025
B V  1GLGA                293    0.035   5.360   0.000   0.000   0.778   0.222
E P  1GLGA                294    0.482  68.411   0.000   0.000   0.227   0.773
B Y  1GLGA                295    0.157  33.566   0.000   0.000   0.129   0.870
E V  1GLGA                296    0.318  48.829   0.000   0.000   0.901   0.099
B G  1GLGA                297    0.224  17.660   0.000   0.000   0.943   0.057
B V  1GLGA                298    0.050   7.683   0.000   0.000   0.949   0.051
E D  1GLGA                299    0.397  57.201   0.000   0.001   0.475   0.524
E K  1GLGA                300    0.394  81.090   0.000   0.232   0.006   0.762
E D  1GLGA                301    0.778 112.102   0.000   0.249   0.003   0.748
E N  1GLGA                302    0.302  44.237   0.000   0.249   0.028   0.723
B L  1GLGA                303    0.056  10.335   0.000   0.926   0.001   0.073
E A  1GLGA                304    0.534  58.796   0.000   0.945   0.000   0.055
E E  1GLGA                305    0.592 103.346   0.000   0.940   0.001   0.059
B F  1GLGA                306    0.106  21.236   0.000   0.855   0.002   0.142
E S  1GLGA                307    0.424  49.721   0.000   0.480   0.017   0.503
E K  1GLGA                308    0.785 161.491   0.000   0.228   0.012   0.760
E K  1GLGA                309    0.769 158.133   0.000   0.006   0.000   0.994
