# For publication of results, please cite:
# ...
# ... Michael Schantz Klausen, Martin Closter Jespersen, Henrik Nielsen, Kamilla Kjærgaard Jensen, 
# ... Vanessa Isabell Jurtz, Casper Kaae Sønderby, Morten Otto Alexander Sommer, Ole Winther, 
# ... Morten Nielsen, Bent Petersen, and Paolo Marcatili. 
# ... NetSurfP-2.0: Improved prediction of protein structural features by integrated deep learning.
# ... Proteins: Structure, Function, and Bioinformatics (Feb. 2019).
# ... https://doi.org/10.1002/prot.25674
# ...
#
# Column 1: Class assignment - B for buried or E for Exposed - Threshold: 25% exposure, but not based on RSA
# Column 2: Amino acid
# Column 3: Sequence name
# Column 4: Amino acid number
# Column 5: Relative Surface Accessibility - RSA
# Column 6: Absolute Surface Accessibility
# Column 7: Not used
# Column 8: Probability for Alpha-Helix
# Column 9: Probability for Beta-strand
# Column 10: Probability for Coil
E T  1AHSC                  1    0.857 118.807   0.000   0.001   0.004   0.995
E G  1AHSC                  2    0.560  44.078   0.000   0.006   0.009   0.985
E P  1AHSC                  3    0.602  85.390   0.000   0.073   0.023   0.905
E Y  1AHSC                  4    0.545 116.451   0.000   0.073   0.075   0.851
E A  1AHSC                  5    0.606  66.816   0.000   0.088   0.053   0.859
E G  1AHSC                  6    0.678  53.362   0.000   0.043   0.028   0.928
E A  1AHSC                  7    0.470  51.769   0.000   0.055   0.091   0.854
E V  1AHSC                  8    0.518  79.632   0.000   0.028   0.248   0.724
E E  1AHSC                  9    0.668 116.741   0.000   0.058   0.393   0.549
E V  1AHSC                 10    0.298  45.851   0.000   0.023   0.536   0.441
E Q  1AHSC                 11    0.564 100.734   0.000   0.016   0.533   0.451
E Q  1AHSC                 12    0.496  88.581   0.000   0.008   0.246   0.746
E S  1AHSC                 13    0.571  66.928   0.000   0.005   0.159   0.836
B G  1AHSC                 14    0.250  19.654   0.000   0.002   0.585   0.413
E R  1AHSC                 15    0.464 106.334   0.000   0.004   0.729   0.268
B Y  1AHSC                 16    0.159  34.026   0.000   0.002   0.901   0.096
E Y  1AHSC                 17    0.394  84.209   0.000   0.001   0.904   0.094
B V  1AHSC                 18    0.078  11.960   0.000   0.000   0.806   0.194
E P  1AHSC                 19    0.323  45.815   0.000   0.002   0.319   0.679
E Q  1AHSC                 20    0.673 120.249   0.000   0.006   0.006   0.988
E G  1AHSC                 21    0.793  62.384   0.000   0.008   0.007   0.985
E R  1AHSC                 22    0.455 104.097   0.000   0.004   0.146   0.850
E T  1AHSC                 23    0.505  70.025   0.000   0.002   0.477   0.521
E R  1AHSC                 24    0.402  91.977   0.000   0.001   0.821   0.177
E G  1AHSC                 25    0.297  23.337   0.000   0.001   0.879   0.120
B G  1AHSC                 26    0.165  12.997   0.000   0.000   0.959   0.040
E Y  1AHSC                 27    0.380  81.205   0.000   0.000   0.972   0.028
B I  1AHSC                 28    0.148  27.442   0.000   0.000   0.913   0.086
E N  1AHSC                 29    0.354  51.780   0.000   0.001   0.469   0.531
E S  1AHSC                 30    0.382  44.767   0.000   0.006   0.016   0.978
E N  1AHSC                 31    0.481  70.432   0.000   0.006   0.011   0.983
E I  1AHSC                 32    0.330  61.065   0.000   0.004   0.853   0.143
B A  1AHSC                 33    0.054   5.963   0.000   0.000   0.986   0.013
E E  1AHSC                 34    0.417  72.935   0.000   0.000   0.991   0.009
B V  1AHSC                 35    0.037   5.641   0.000   0.000   0.996   0.003
E C  1AHSC                 36    0.267  37.519   0.000   0.000   0.979   0.021
B M  1AHSC                 37    0.030   5.991   0.000   0.000   0.977   0.023
E D  1AHSC                 38    0.512  73.818   0.000   0.001   0.084   0.916
E A  1AHSC                 39    0.356  39.236   0.000   0.001   0.003   0.996
E G  1AHSC                 40    0.611  48.071   0.000   0.001   0.005   0.994
B A  1AHSC                 41    0.219  24.181   0.000   0.003   0.115   0.882
E A  1AHSC                 42    0.591  65.140   0.000   0.001   0.947   0.051
E G  1AHSC                 43    0.252  19.854   0.000   0.005   0.922   0.073
E Q  1AHSC                 44    0.612 109.235   0.000   0.009   0.865   0.126
B V  1AHSC                 45    0.055   8.437   0.000   0.655   0.016   0.329
E N  1AHSC                 46    0.294  42.985   0.000   0.972   0.001   0.027
E A  1AHSC                 47    0.570  62.846   0.000   0.987   0.001   0.012
E L  1AHSC                 48    0.302  55.328   0.000   0.957   0.002   0.041
B L  1AHSC                 49    0.115  21.071   0.000   0.703   0.032   0.265
E A  1AHSC                 50    0.294  32.409   0.000   0.028   0.046   0.926
E P  1AHSC                 51    0.357  50.647   0.000   0.081   0.047   0.873
E R  1AHSC                 52    0.666 152.616   0.000   0.066   0.068   0.866
E R  1AHSC                 53    0.683 156.381   0.000   0.101   0.025   0.873
E G  1AHSC                 54    0.604  47.502   0.000   0.059   0.020   0.921
E D  1AHSC                 55    0.582  83.850   0.000   0.053   0.066   0.881
E A  1AHSC                 56    0.264  29.120   0.000   0.024   0.277   0.700
E V  1AHSC                 57    0.298  45.817   0.000   0.008   0.670   0.322
E M  1AHSC                 58    0.312  62.418   0.000   0.010   0.888   0.102
B I  1AHSC                 59    0.100  18.557   0.000   0.002   0.973   0.025
E Y  1AHSC                 60    0.410  87.633   0.000   0.002   0.980   0.019
B F  1AHSC                 61    0.124  24.940   0.000   0.001   0.982   0.017
E V  1AHSC                 62    0.266  40.818   0.000   0.001   0.968   0.031
B W  1AHSC                 63    0.174  41.896   0.000   0.001   0.936   0.064
E R  1AHSC                 64    0.401  91.863   0.000   0.001   0.909   0.089
E P  1AHSC                 65    0.291  41.231   0.000   0.003   0.934   0.064
E L  1AHSC                 66    0.356  65.258   0.000   0.086   0.387   0.527
E R  1AHSC                 67    0.590 135.122   0.000   0.122   0.422   0.456
E I  1AHSC                 68    0.434  80.361   0.000   0.057   0.627   0.316
E F  1AHSC                 69    0.393  78.788   0.000   0.034   0.631   0.335
E C  1AHSC                 70    0.392  55.009   0.000   0.002   0.829   0.169
E D  1AHSC                 71    0.352  50.706   0.000   0.003   0.060   0.938
E P  1AHSC                 72    0.727 103.213   0.000   0.016   0.004   0.980
E Q  1AHSC                 73    0.860 153.647   0.000   0.018   0.003   0.979
E G  1AHSC                 74    0.491  38.602   0.000   0.037   0.016   0.947
E A  1AHSC                 75    0.511  56.278   0.000   0.013   0.042   0.945
E S  1AHSC                 76    0.549  64.359   0.000   0.009   0.780   0.211
E L  1AHSC                 77    0.417  76.430   0.000   0.004   0.870   0.126
E E  1AHSC                 78    0.666 116.303   0.000   0.009   0.830   0.161
B S  1AHSC                 79    0.248  29.010   0.000   0.003   0.539   0.457
E A  1AHSC                 80    0.370  40.785   0.000   0.003   0.087   0.910
E P  1AHSC                 81    0.599  85.021   0.000   0.005   0.031   0.964
E G  1AHSC                 82    0.431  33.895   0.000   0.008   0.114   0.878
B T  1AHSC                 83    0.119  16.437   0.000   0.003   0.416   0.582
E F  1AHSC                 84    0.391  78.462   0.000   0.000   0.958   0.041
B V  1AHSC                 85    0.035   5.342   0.000   0.000   0.989   0.011
E T  1AHSC                 86    0.315  43.673   0.000   0.000   0.995   0.005
B V  1AHSC                 87    0.052   7.995   0.000   0.000   0.997   0.003
E D  1AHSC                 88    0.636  91.577   0.000   0.002   0.004   0.994
E G  1AHSC                 89    0.882  69.377   0.000   0.004   0.001   0.995
E V  1AHSC                 90    0.449  69.047   0.000   0.000   0.988   0.012
E N  1AHSC                 91    0.789 115.451   0.000   0.000   0.980   0.020
B V  1AHSC                 92    0.049   7.483   0.000   0.001   0.890   0.109
E A  1AHSC                 93    0.426  46.968   0.000   0.001   0.078   0.921
E A  1AHSC                 94    0.424  46.764   0.000   0.001   0.004   0.995
E G  1AHSC                 95    0.481  37.870   0.000   0.001   0.041   0.958
E D  1AHSC                 96    0.473  68.200   0.000   0.000   0.110   0.890
E V  1AHSC                 97    0.418  64.311   0.000   0.000   0.924   0.076
B V  1AHSC                 98    0.165  25.436   0.000   0.000   0.986   0.014
E A  1AHSC                 99    0.348  38.322   0.000   0.000   0.978   0.021
B W  1AHSC                100    0.096  23.123   0.000   0.000   0.955   0.045
E N  1AHSC                101    0.467  68.434   0.000   0.000   0.604   0.396
B T  1AHSC                102    0.177  24.483   0.000   0.001   0.017   0.981
E I  1AHSC                103    0.591 109.256   0.000   0.002   0.009   0.989
B A  1AHSC                104    0.202  22.209   0.000   0.001   0.024   0.975
E P  1AHSC                105    0.445  63.197   0.000   0.000   0.242   0.757
B V  1AHSC                106    0.043   6.542   0.000   0.001   0.912   0.087
E N  1AHSC                107    0.477  69.865   0.000   0.000   0.985   0.015
B V  1AHSC                108    0.053   8.184   0.000   0.000   0.962   0.038
B G  1AHSC                109    0.227  17.884   0.000   0.000   0.909   0.091
B N  1AHSC                110    0.099  14.559   0.000   0.000   0.376   0.624
E P  1AHSC                111    0.466  66.058   0.000   0.075   0.035   0.889
E G  1AHSC                112    0.444  34.957   0.000   0.127   0.016   0.856
E A  1AHSC                113    0.608  67.043   0.000   0.070   0.018   0.912
E R  1AHSC                114    0.525 120.218   0.000   0.019   0.045   0.936
E R  1AHSC                115    0.562 128.722   0.000   0.014   0.280   0.705
B S  1AHSC                116    0.032   3.738   0.000   0.002   0.895   0.104
E I  1AHSC                117    0.260  48.145   0.000   0.000   0.967   0.033
B L  1AHSC                118    0.007   1.340   0.000   0.000   0.998   0.002
E Q  1AHSC                119    0.273  48.711   0.000   0.000   0.998   0.002
B F  1AHSC                120    0.010   2.104   0.000   0.000   0.999   0.001
E E  1AHSC                121    0.346  60.383   0.000   0.000   0.998   0.002
B V  1AHSC                122    0.033   5.137   0.000   0.000   0.995   0.005
E L  1AHSC                123    0.285  52.250   0.000   0.001   0.983   0.016
E W  1AHSC                124    0.306  73.576   0.000   0.000   0.971   0.029
E Y  1AHSC                125    0.366  78.108   0.000   0.003   0.830   0.167
E T  1AHSC                126    0.718  99.589   0.000   0.000   0.008   0.992
