# For publication of results, please cite:
# ...
# ... Michael Schantz Klausen, Martin Closter Jespersen, Henrik Nielsen, Kamilla Kjærgaard Jensen, 
# ... Vanessa Isabell Jurtz, Casper Kaae Sønderby, Morten Otto Alexander Sommer, Ole Winther, 
# ... Morten Nielsen, Bent Petersen, and Paolo Marcatili. 
# ... NetSurfP-2.0: Improved prediction of protein structural features by integrated deep learning.
# ... Proteins: Structure, Function, and Bioinformatics (Feb. 2019).
# ... https://doi.org/10.1002/prot.25674
# ...
#
# Column 1: Class assignment - B for buried or E for Exposed - Threshold: 25% exposure, but not based on RSA
# Column 2: Amino acid
# Column 3: Sequence name
# Column 4: Amino acid number
# Column 5: Relative Surface Accessibility - RSA
# Column 6: Absolute Surface Accessibility
# Column 7: Not used
# Column 8: Probability for Alpha-Helix
# Column 9: Probability for Beta-strand
# Column 10: Probability for Coil
E M  1PDFE                  1    0.857 171.581   0.000   0.000   0.000   0.999
E S  1PDFE                  2    0.849  99.464   0.000   0.002   0.001   0.997
E L  1PDFE                  3    0.700 128.107   0.000   0.053   0.010   0.937
E L  1PDFE                  4    0.653 119.644   0.000   0.067   0.015   0.918
E N  1PDFE                  5    0.702 102.784   0.000   0.080   0.017   0.904
E N  1PDFE                  6    0.781 114.299   0.000   0.069   0.007   0.925
E K  1PDFE                  7    0.733 150.857   0.000   0.079   0.009   0.912
E A  1PDFE                  8    0.666  73.379   0.000   0.081   0.015   0.904
E G  1PDFE                  9    0.624  49.086   0.000   0.017   0.029   0.954
E V  1PDFE                 10    0.548  84.302   0.000   0.011   0.077   0.912
E I  1PDFE                 11    0.559 103.444   0.000   0.032   0.165   0.802
E S  1PDFE                 12    0.363  42.548   0.000   0.049   0.084   0.866
E R  1PDFE                 13    0.680 155.716   0.000   0.224   0.010   0.766
E L  1PDFE                 14    0.487  89.190   0.000   0.183   0.009   0.809
E A  1PDFE                 15    0.342  37.719   0.000   0.449   0.022   0.529
E D  1PDFE                 16    0.609  87.744   0.000   0.474   0.021   0.505
E F  1PDFE                 17    0.522 104.708   0.000   0.388   0.101   0.511
E L  1PDFE                 18    0.379  69.416   0.000   0.213   0.204   0.583
E G  1PDFE                 19    0.367  28.860   0.000   0.020   0.300   0.680
E F  1PDFE                 20    0.338  67.869   0.000   0.011   0.402   0.587
E R  1PDFE                 21    0.562 128.743   0.000   0.002   0.206   0.792
E P  1PDFE                 22    0.403  57.227   0.000   0.015   0.182   0.802
E K  1PDFE                 23    0.565 116.250   0.000   0.012   0.057   0.931
E T  1PDFE                 24    0.741 102.708   0.000   0.049   0.026   0.925
E G  1PDFE                 25    0.680  53.499   0.000   0.040   0.012   0.948
E D  1PDFE                 26    0.535  77.038   0.000   0.059   0.117   0.824
E I  1PDFE                 27    0.397  73.435   0.000   0.078   0.232   0.690
E D  1PDFE                 28    0.520  74.869   0.000   0.062   0.274   0.664
E V  1PDFE                 29    0.348  53.471   0.000   0.106   0.296   0.598
E M  1PDFE                 30    0.438  87.738   0.000   0.108   0.059   0.833
E N  1PDFE                 31    0.541  79.195   0.000   0.073   0.041   0.885
E R  1PDFE                 32    0.592 135.475   0.000   0.032   0.174   0.794
E Q  1PDFE                 33    0.495  88.486   0.000   0.010   0.240   0.750
E S  1PDFE                 34    0.391  45.854   0.000   0.009   0.373   0.618
E V  1PDFE                 35    0.306  47.103   0.000   0.021   0.163   0.816
E G  1PDFE                 36    0.349  27.491   0.000   0.030   0.135   0.835
E S  1PDFE                 37    0.458  53.717   0.000   0.041   0.070   0.889
E V  1PDFE                 38    0.271  41.657   0.000   0.010   0.039   0.951
E T  1PDFE                 39    0.417  57.824   0.000   0.014   0.066   0.920
E I  1PDFE                 40    0.565 104.476   0.000   0.846   0.006   0.148
E S  1PDFE                 41    0.582  68.258   0.000   0.906   0.004   0.090
E Q  1PDFE                 42    0.338  60.376   0.000   0.930   0.003   0.067
E L  1PDFE                 43    0.314  57.516   0.000   0.888   0.003   0.109
E A  1PDFE                 44    0.569  62.690   0.000   0.780   0.004   0.216
E K  1PDFE                 45    0.669 137.701   0.000   0.238   0.005   0.757
E G  1PDFE                 46    0.509  40.084   0.000   0.064   0.011   0.926
E F  1PDFE                 47    0.395  79.371   0.000   0.041   0.077   0.882
E Y  1PDFE                 48    0.614 131.112   0.000   0.047   0.065   0.888
E E  1PDFE                 49    0.436  76.254   0.000   0.093   0.072   0.835
E P  1PDFE                 50    0.428  60.716   0.000   0.321   0.035   0.645
E N  1PDFE                 51    0.368  53.879   0.000   0.177   0.086   0.737
B I  1PDFE                 52    0.160  29.598   0.000   0.955   0.003   0.042
E E  1PDFE                 53    0.429  74.896   0.000   0.980   0.001   0.019
E S  1PDFE                 54    0.348  40.832   0.000   0.990   0.001   0.010
B A  1PDFE                 55    0.096  10.613   0.000   0.991   0.000   0.009
B I  1PDFE                 56    0.144  26.648   0.000   0.991   0.001   0.009
E N  1PDFE                 57    0.493  72.120   0.000   0.987   0.000   0.012
E D  1PDFE                 58    0.386  55.664   0.000   0.990   0.000   0.010
B V  1PDFE                 59    0.110  16.878   0.000   0.971   0.000   0.029
E H  1PDFE                 60    0.323  58.741   0.000   0.949   0.001   0.050
E N  1PDFE                 61    0.620  90.733   0.000   0.855   0.001   0.144
E F  1PDFE                 62    0.398  79.813   0.000   0.774   0.001   0.225
B S  1PDFE                 63    0.198  23.171   0.000   0.476   0.043   0.481
E I  1PDFE                 64    0.424  78.361   0.000   0.171   0.262   0.568
E K  1PDFE                 65    0.460  94.718   0.000   0.075   0.104   0.821
E D  1PDFE                 66    0.564  81.239   0.000   0.013   0.089   0.899
E V  1PDFE                 67    0.382  58.733   0.000   0.004   0.050   0.946
E G  1PDFE                 68    0.434  34.148   0.000   0.011   0.069   0.920
E T  1PDFE                 69    0.272  37.729   0.000   0.018   0.268   0.714
E I  1PDFE                 70    0.294  54.465   0.000   0.005   0.829   0.167
E I  1PDFE                 71    0.348  64.419   0.000   0.002   0.901   0.096
E T  1PDFE                 72    0.371  51.426   0.000   0.001   0.884   0.115
E N  1PDFE                 73    0.322  47.129   0.000   0.001   0.737   0.262
E K  1PDFE                 74    0.556 114.451   0.000   0.005   0.244   0.751
E T  1PDFE                 75    0.652  90.493   0.000   0.005   0.175   0.820
E G  1PDFE                 76    0.478  37.588   0.000   0.004   0.044   0.953
E V  1PDFE                 77    0.475  72.968   0.000   0.001   0.164   0.835
E S  1PDFE                 78    0.342  40.053   0.000   0.001   0.046   0.953
E P  1PDFE                 79    0.307  43.628   0.000   0.203   0.014   0.783
E E  1PDFE                 80    0.612 106.897   0.000   0.164   0.025   0.811
E G  1PDFE                 81    0.589  46.360   0.000   0.185   0.035   0.780
E V  1PDFE                 82    0.328  50.433   0.000   0.029   0.126   0.844
E S  1PDFE                 83    0.476  55.790   0.000   0.019   0.265   0.716
E Q  1PDFE                 84    0.276  49.239   0.000   0.027   0.527   0.446
E T  1PDFE                 85    0.326  45.177   0.000   0.011   0.789   0.199
B D  1PDFE                 86    0.211  30.334   0.000   0.003   0.909   0.088
E Y  1PDFE                 87    0.427  91.178   0.000   0.002   0.947   0.051
B W  1PDFE                 88    0.094  22.584   0.000   0.001   0.977   0.022
E A  1PDFE                 89    0.284  31.302   0.000   0.000   0.984   0.016
B F  1PDFE                 90    0.082  16.443   0.000   0.000   0.985   0.015
E S  1PDFE                 91    0.445  52.133   0.000   0.000   0.967   0.033
B G  1PDFE                 92    0.185  14.543   0.000   0.000   0.967   0.032
E T  1PDFE                 93    0.425  58.972   0.000   0.000   0.975   0.025
B V  1PDFE                 94    0.070  10.721   0.000   0.001   0.894   0.106
E T  1PDFE                 95    0.384  53.322   0.000   0.003   0.722   0.275
B D  1PDFE                 96    0.227  32.683   0.000   0.002   0.178   0.819
E D  1PDFE                 97    0.799 115.091   0.000   0.002   0.002   0.996
E S  1PDFE                 98    0.770  90.241   0.000   0.004   0.002   0.994
B L  1PDFE                 99    0.241  44.158   0.000   0.002   0.024   0.974
E P  1PDFE                100    0.534  75.841   0.000   0.001   0.002   0.997
E P  1PDFE                101    0.624  88.483   0.000   0.004   0.002   0.994
E G  1PDFE                102    0.637  50.162   0.000   0.004   0.015   0.981
E S  1PDFE                103    0.329  38.532   0.000   0.000   0.024   0.976
E P  1PDFE                104    0.478  67.775   0.000   0.000   0.462   0.538
B I  1PDFE                105    0.043   7.987   0.000   0.000   0.953   0.046
E T  1PDFE                106    0.321  44.494   0.000   0.000   0.985   0.015
B V  1PDFE                107    0.009   1.439   0.000   0.000   0.996   0.004
B L  1PDFE                108    0.231  42.381   0.000   0.000   0.998   0.002
B V  1PDFE                109    0.011   1.637   0.000   0.000   0.997   0.003
B F  1PDFE                110    0.197  39.555   0.000   0.002   0.313   0.685
E G  1PDFE                111    0.351  27.640   0.000   0.001   0.185   0.814
B L  1PDFE                112    0.158  28.998   0.000   0.000   0.972   0.028
E P  1PDFE                113    0.319  45.239   0.000   0.000   0.973   0.027
B V  1PDFE                114    0.037   5.653   0.000   0.000   0.955   0.045
E S  1PDFE                115    0.385  45.099   0.000   0.000   0.967   0.033
B A  1PDFE                116    0.021   2.347   0.000   0.000   0.881   0.119
E T  1PDFE                117    0.436  60.461   0.000   0.000   0.477   0.523
E T  1PDFE                118    0.460  63.759   0.000   0.000   0.012   0.988
E G  1PDFE                119    0.554  43.639   0.000   0.001   0.014   0.985
B M  1PDFE                120    0.122  24.350   0.000   0.000   0.038   0.962
E T  1PDFE                121    0.390  54.122   0.000   0.000   0.306   0.694
B A  1PDFE                122    0.151  16.630   0.000   0.995   0.000   0.004
E I  1PDFE                123    0.560 103.543   0.000   0.998   0.000   0.002
E E  1PDFE                124    0.546  95.467   0.000   0.999   0.000   0.001
B F  1PDFE                125    0.013   2.657   0.000   0.999   0.000   0.001
B V  1PDFE                126    0.083  12.687   0.000   0.999   0.000   0.001
E A  1PDFE                127    0.494  54.391   0.000   0.999   0.000   0.001
E K  1PDFE                128    0.407  83.689   0.000   0.999   0.000   0.001
B V  1PDFE                129    0.006   0.907   0.000   0.999   0.000   0.000
E R  1PDFE                130    0.348  79.671   0.000   0.999   0.000   0.001
E V  1PDFE                131    0.488  74.937   0.000   0.999   0.000   0.001
B A  1PDFE                132    0.104  11.484   0.000   1.000   0.000   0.000
B L  1PDFE                133    0.015   2.812   0.000   0.998   0.000   0.002
E Q  1PDFE                134    0.518  92.486   0.000   0.999   0.000   0.001
E E  1PDFE                135    0.566  98.958   0.000   0.997   0.000   0.003
B A  1PDFE                136    0.028   3.062   0.000   0.997   0.000   0.003
B I  1PDFE                137    0.232  42.989   0.000   0.996   0.000   0.003
E A  1PDFE                138    0.761  83.812   0.000   0.980   0.000   0.020
E S  1PDFE                139    0.532  62.336   0.000   0.263   0.000   0.737
E F  1PDFE                140    0.589 118.254   0.000   0.011   0.001   0.989
E T  1PDFE                141    0.386  53.496   0.000   0.006   0.049   0.945
B A  1PDFE                142    0.137  15.148   0.000   0.008   0.139   0.853
B I  1PDFE                143    0.150  27.784   0.000   0.003   0.579   0.417
E N  1PDFE                144    0.574  83.999   0.000   0.002   0.710   0.288
E S  1PDFE                145    0.443  51.977   0.000   0.001   0.956   0.043
E Y  1PDFE                146    0.289  61.787   0.000   0.001   0.947   0.052
E K  1PDFE                147    0.565 116.252   0.000   0.001   0.943   0.056
E D  1PDFE                148    0.563  81.189   0.000   0.001   0.872   0.127
E H  1PDFE                149    0.434  78.910   0.000   0.001   0.586   0.413
E P  1PDFE                150    0.590  83.761   0.000   0.061   0.118   0.821
E T  1PDFE                151    0.657  91.180   0.000   0.066   0.058   0.876
E D  1PDFE                152    0.589  84.937   0.000   0.051   0.093   0.857
E G  1PDFE                153    0.391  30.783   0.000   0.007   0.012   0.981
E S  1PDFE                154    0.282  33.021   0.000   0.002   0.028   0.969
E K  1PDFE                155    0.370  76.014   0.000   0.000   0.904   0.096
B L  1PDFE                156    0.021   3.811   0.000   0.000   0.989   0.011
E E  1PDFE                157    0.335  58.455   0.000   0.000   0.994   0.006
B V  1PDFE                158    0.015   2.291   0.000   0.000   0.996   0.004
B T  1PDFE                159    0.213  29.561   0.000   0.000   0.996   0.004
B Y  1PDFE                160    0.087  18.660   0.000   0.000   0.977   0.022
E L  1PDFE                161    0.267  48.806   0.000   0.012   0.471   0.517
E D  1PDFE                162    0.261  37.642   0.000   0.004   0.242   0.754
E N  1PDFE                163    0.528  77.268   0.000   0.011   0.072   0.917
E Q  1PDFE                164    0.434  77.434   0.000   0.006   0.159   0.834
E K  1PDFE                165    0.664 136.654   0.000   0.012   0.232   0.757
B H  1PDFE                166    0.221  40.236   0.000   0.013   0.246   0.741
E V  1PDFE                167    0.511  78.616   0.000   0.011   0.165   0.824
B L  1PDFE                168    0.208  38.175   0.000   0.121   0.094   0.786
E S  1PDFE                169    0.635  74.464   0.000   0.133   0.123   0.745
E T  1PDFE                170    0.591  81.962   0.000   0.141   0.193   0.667
E Y  1PDFE                171    0.345  73.759   0.000   0.114   0.434   0.452
E S  1PDFE                172    0.379  44.403   0.000   0.109   0.482   0.409
E T  1PDFE                173    0.537  74.545   0.000   0.196   0.145   0.659
E Y  1PDFE                174    0.308  65.729   0.000   0.254   0.105   0.641
B G  1PDFE                175    0.094   7.365   0.000   0.003   0.446   0.551
B I  1PDFE                176    0.033   6.141   0.000   0.000   0.927   0.072
E T  1PDFE                177    0.294  40.785   0.000   0.000   0.986   0.014
B I  1PDFE                178    0.054  10.035   0.000   0.000   0.996   0.004
E S  1PDFE                179    0.335  39.236   0.000   0.000   0.995   0.005
B Q  1PDFE                180    0.206  36.855   0.000   0.000   0.993   0.007
E E  1PDFE                181    0.483  84.449   0.000   0.000   0.983   0.016
B I  1PDFE                182    0.136  25.109   0.000   0.000   0.927   0.073
E I  1PDFE                183    0.421  77.863   0.000   0.001   0.582   0.416
E S  1PDFE                184    0.281  32.943   0.000   0.002   0.508   0.491
E E  1PDFE                185    0.667 116.440   0.000   0.003   0.144   0.853
E S  1PDFE                186    0.253  29.654   0.000   0.001   0.085   0.914
E K  1PDFE                187    0.480  98.812   0.000   0.000   0.363   0.637
E P  1PDFE                188    0.582  82.645   0.000   0.002   0.127   0.871
E G  1PDFE                189    0.355  27.904   0.000   0.004   0.195   0.802
E Y  1PDFE                190    0.358  76.469   0.000   0.008   0.201   0.791
E G  1PDFE                191    0.324  25.503   0.000   0.005   0.345   0.650
E T  1PDFE                192    0.506  70.221   0.000   0.006   0.524   0.471
B W  1PDFE                193    0.184  44.299   0.000   0.002   0.637   0.361
E N  1PDFE                194    0.582  85.239   0.000   0.000   0.991   0.009
E L  1PDFE                195    0.378  69.255   0.000   0.000   0.999   0.001
E L  1PDFE                196    0.348  63.686   0.000   0.000   0.986   0.013
B G  1PDFE                197    0.236  18.607   0.000   0.000   0.999   0.001
E A  1PDFE                198    0.547  60.257   0.000   0.000   0.993   0.007
E Q  1PDFE                199    0.430  76.839   0.000   0.000   0.989   0.011
E T  1PDFE                200    0.623  86.380   0.000   0.000   0.979   0.021
B V  1PDFE                201    0.245  37.717   0.000   0.000   0.958   0.041
E T  1PDFE                202    0.539  74.725   0.000   0.002   0.843   0.154
B L  1PDFE                203    0.172  31.567   0.000   0.013   0.290   0.697
E D  1PDFE                204    0.730 105.239   0.000   0.021   0.038   0.941
E N  1PDFE                205    0.887 129.829   0.000   0.019   0.007   0.974
E Q  1PDFE                206    0.598 106.874   0.000   0.008   0.433   0.559
E Q  1PDFE                207    0.754 134.633   0.000   0.003   0.495   0.501
E T  1PDFE                208    0.496  68.863   0.000   0.000   0.577   0.423
E P  1PDFE                209    0.508  72.055   0.000   0.000   0.674   0.326
B T  1PDFE                210    0.160  22.148   0.000   0.000   0.933   0.067
B V  1PDFE                211    0.248  38.056   0.000   0.000   0.971   0.029
B F  1PDFE                212    0.032   6.448   0.000   0.000   0.994   0.006
B Y  1PDFE                213    0.123  26.363   0.000   0.000   0.995   0.004
B H  1PDFE                214    0.076  13.842   0.000   0.000   0.997   0.003
B F  1PDFE                215    0.042   8.407   0.000   0.000   0.996   0.003
E E  1PDFE                216    0.305  53.203   0.000   0.000   0.988   0.012
B R  1PDFE                217    0.237  54.310   0.000   0.000   0.944   0.056
E T  1PDFE                218    0.503  69.754   0.000   0.003   0.129   0.868
E A  1PDFE                219    0.912 100.523   0.000   0.000   0.001   0.999
