# For publication of results, please cite:
# ...
# ... Michael Schantz Klausen, Martin Closter Jespersen, Henrik Nielsen, Kamilla Kjærgaard Jensen, 
# ... Vanessa Isabell Jurtz, Casper Kaae Sønderby, Morten Otto Alexander Sommer, Ole Winther, 
# ... Morten Nielsen, Bent Petersen, and Paolo Marcatili. 
# ... NetSurfP-2.0: Improved prediction of protein structural features by integrated deep learning.
# ... Proteins: Structure, Function, and Bioinformatics (Feb. 2019).
# ... https://doi.org/10.1002/prot.25674
# ...
#
# Column 1: Class assignment - B for buried or E for Exposed - Threshold: 25% exposure, but not based on RSA
# Column 2: Amino acid
# Column 3: Sequence name
# Column 4: Amino acid number
# Column 5: Relative Surface Accessibility - RSA
# Column 6: Absolute Surface Accessibility
# Column 7: Not used
# Column 8: Probability for Alpha-Helix
# Column 9: Probability for Beta-strand
# Column 10: Probability for Coil
E M  2RDOL                  1    0.677 135.428   0.000   0.000   0.000   0.999
E R  2RDOL                  2    0.650 148.802   0.000   0.007   0.113   0.880
E L  2RDOL                  3    0.359  65.770   0.000   0.397   0.015   0.588
E N  2RDOL                  4    0.616  90.229   0.000   0.309   0.006   0.684
E T  2RDOL                  5    0.644  89.287   0.000   0.311   0.022   0.667
E L  2RDOL                  6    0.312  57.132   0.000   0.018   0.026   0.956
E S  2RDOL                  7    0.601  70.454   0.000   0.001   0.037   0.962
E P  2RDOL                  8    0.597  84.674   0.000   0.005   0.056   0.939
E A  2RDOL                  9    0.474  52.193   0.000   0.004   0.012   0.984
E E  2RDOL                 10    0.894 156.256   0.000   0.008   0.003   0.988
E G  2RDOL                 11    0.831  65.397   0.000   0.013   0.001   0.986
E S  2RDOL                 12    0.421  49.294   0.000   0.034   0.008   0.958
E K  2RDOL                 13    0.744 152.953   0.000   0.024   0.022   0.954
E K  2RDOL                 14    0.662 136.132   0.000   0.023   0.029   0.948
E A  2RDOL                 15    0.689  75.874   0.000   0.019   0.016   0.965
E G  2RDOL                 16    0.617  48.571   0.000   0.010   0.023   0.967
E K  2RDOL                 17    0.610 125.406   0.000   0.007   0.092   0.901
E R  2RDOL                 18    0.509 116.657   0.000   0.009   0.188   0.803
E L  2RDOL                 19    0.407  74.486   0.000   0.006   0.134   0.860
E G  2RDOL                 20    0.336  26.452   0.000   0.011   0.132   0.857
E R  2RDOL                 21    0.555 127.201   0.000   0.012   0.067   0.921
E G  2RDOL                 22    0.483  37.986   0.000   0.023   0.034   0.943
E I  2RDOL                 23    0.639 118.250   0.000   0.035   0.024   0.941
E G  2RDOL                 24    0.556  43.732   0.000   0.066   0.010   0.924
E S  2RDOL                 25    0.456  53.478   0.000   0.066   0.008   0.926
E G  2RDOL                 26    0.642  50.549   0.000   0.043   0.006   0.951
E L  2RDOL                 27    0.621 113.678   0.000   0.054   0.016   0.930
E G  2RDOL                 28    0.558  43.899   0.000   0.085   0.014   0.901
E K  2RDOL                 29    0.714 146.894   0.000   0.057   0.021   0.922
E T  2RDOL                 30    0.490  67.915   0.000   0.068   0.046   0.886
E G  2RDOL                 31    0.423  33.285   0.000   0.056   0.042   0.902
E G  2RDOL                 32    0.512  40.263   0.000   0.064   0.032   0.904
E R  2RDOL                 33    0.639 146.245   0.000   0.087   0.023   0.890
E G  2RDOL                 34    0.604  47.568   0.000   0.156   0.013   0.832
E H  2RDOL                 35    0.574 104.478   0.000   0.164   0.029   0.807
E K  2RDOL                 36    0.669 137.557   0.000   0.321   0.017   0.662
E G  2RDOL                 37    0.497  39.103   0.000   0.455   0.006   0.539
E Q  2RDOL                 38    0.491  87.729   0.000   0.399   0.016   0.586
E K  2RDOL                 39    0.713 146.703   0.000   0.433   0.008   0.559
E S  2RDOL                 40    0.572  67.090   0.000   0.394   0.010   0.595
E R  2RDOL                 41    0.677 155.088   0.000   0.335   0.012   0.653
E S  2RDOL                 42    0.609  71.432   0.000   0.192   0.008   0.801
E G  2RDOL                 43    0.737  57.989   0.000   0.093   0.005   0.902
E G  2RDOL                 44    0.696  54.785   0.000   0.111   0.006   0.883
E G  2RDOL                 45    0.713  56.127   0.000   0.066   0.008   0.926
E V  2RDOL                 46    0.525  80.738   0.000   0.033   0.027   0.940
E R  2RDOL                 47    0.667 152.792   0.000   0.035   0.034   0.931
E R  2RDOL                 48    0.677 155.136   0.000   0.048   0.034   0.918
E G  2RDOL                 49    0.500  39.329   0.000   0.057   0.040   0.904
E F  2RDOL                 50    0.432  86.634   0.000   0.062   0.093   0.845
E E  2RDOL                 51    0.520  90.925   0.000   0.175   0.077   0.749
E G  2RDOL                 52    0.446  35.125   0.000   0.385   0.021   0.594
E G  2RDOL                 53    0.408  32.101   0.000   0.457   0.017   0.526
E Q  2RDOL                 54    0.567 101.246   0.000   0.415   0.019   0.566
E M  2RDOL                 55    0.338  67.542   0.000   0.365   0.031   0.605
E P  2RDOL                 56    0.382  54.179   0.000   0.649   0.041   0.310
B L  2RDOL                 57    0.173  31.644   0.000   0.933   0.002   0.065
E Y  2RDOL                 58    0.409  87.420   0.000   0.909   0.007   0.085
E R  2RDOL                 59    0.590 135.161   0.000   0.846   0.009   0.145
E R  2RDOL                 60    0.468 107.093   0.000   0.766   0.012   0.223
B L  2RDOL                 61    0.177  32.338   0.000   0.494   0.012   0.494
E P  2RDOL                 62    0.447  63.378   0.000   0.734   0.004   0.262
E K  2RDOL                 63    0.631 129.870   0.000   0.606   0.012   0.382
E F  2RDOL                 64    0.434  87.059   0.000   0.360   0.024   0.616
E G  2RDOL                 65    0.520  40.937   0.000   0.049   0.014   0.937
E F  2RDOL                 66    0.362  72.665   0.000   0.025   0.037   0.939
E T  2RDOL                 67    0.683  94.674   0.000   0.017   0.021   0.962
E S  2RDOL                 68    0.423  49.596   0.000   0.029   0.063   0.908
E R  2RDOL                 69    0.636 145.596   0.000   0.162   0.013   0.825
E K  2RDOL                 70    0.778 160.032   0.000   0.140   0.009   0.851
E A  2RDOL                 71    0.416  45.820   0.000   0.225   0.041   0.733
E A  2RDOL                 72    0.369  40.610   0.000   0.117   0.146   0.737
E I  2RDOL                 73    0.464  85.767   0.000   0.072   0.329   0.599
E T  2RDOL                 74    0.382  52.932   0.000   0.007   0.324   0.669
E A  2RDOL                 75    0.297  32.758   0.000   0.005   0.705   0.290
E E  2RDOL                 76    0.536  93.708   0.000   0.001   0.836   0.163
B I  2RDOL                 77    0.079  14.637   0.000   0.001   0.855   0.144
E R  2RDOL                 78    0.371  84.923   0.000   0.001   0.710   0.289
B L  2RDOL                 79    0.150  27.468   0.000   0.868   0.001   0.131
E S  2RDOL                 80    0.499  58.435   0.000   0.969   0.000   0.030
E D  2RDOL                 81    0.448  64.500   0.000   0.972   0.001   0.027
B L  2RDOL                 82    0.054   9.941   0.000   0.900   0.002   0.098
E A  2RDOL                 83    0.492  54.164   0.000   0.623   0.006   0.371
E K  2RDOL                 84    0.664 136.670   0.000   0.320   0.033   0.646
B V  2RDOL                 85    0.175  26.835   0.000   0.098   0.085   0.817
E E  2RDOL                 86    0.797 139.209   0.000   0.010   0.085   0.904
E G  2RDOL                 87    0.611  48.121   0.000   0.005   0.041   0.954
E G  2RDOL                 88    0.377  29.695   0.000   0.003   0.285   0.712
E V  2RDOL                 89    0.491  75.406   0.000   0.000   0.869   0.130
B V  2RDOL                 90    0.065   9.953   0.000   0.000   0.881   0.119
E D  2RDOL                 91    0.415  59.738   0.000   0.002   0.476   0.522
B L  2RDOL                 92    0.146  26.716   0.000   0.931   0.001   0.068
E N  2RDOL                 93    0.636  93.072   0.000   0.991   0.000   0.009
E T  2RDOL                 94    0.281  38.909   0.000   0.997   0.000   0.003
B L  2RDOL                 95    0.023   4.135   0.000   0.998   0.000   0.002
E K  2RDOL                 96    0.403  82.824   0.000   0.996   0.000   0.004
E A  2RDOL                 97    0.732  80.711   0.000   0.952   0.000   0.048
E A  2RDOL                 98    0.303  33.422   0.000   0.070   0.000   0.930
E N  2RDOL                 99    0.756 110.606   0.000   0.002   0.000   0.998
B I  2RDOL                100    0.099  18.349   0.000   0.014   0.004   0.982
B I  2RDOL                101    0.059  10.829   0.000   0.018   0.241   0.741
E G  2RDOL                102    0.445  35.039   0.000   0.007   0.045   0.948
E I  2RDOL                103    0.419  77.526   0.000   0.017   0.061   0.922
E Q  2RDOL                104    0.685 122.322   0.000   0.017   0.123   0.859
B I  2RDOL                105    0.246  45.427   0.000   0.033   0.143   0.825
E E  2RDOL                106    0.647 112.960   0.000   0.021   0.102   0.877
E F  2RDOL                107    0.374  75.108   0.000   0.022   0.416   0.562
B A  2RDOL                108    0.129  14.215   0.000   0.003   0.819   0.178
E K  2RDOL                109    0.288  59.292   0.000   0.002   0.969   0.029
B V  2RDOL                110    0.115  17.600   0.000   0.002   0.981   0.018
B I  2RDOL                111    0.142  26.336   0.000   0.010   0.897   0.093
B L  2RDOL                112    0.188  34.427   0.000   0.032   0.613   0.355
E A  2RDOL                113    0.411  45.303   0.000   0.028   0.355   0.617
E G  2RDOL                114    0.455  35.772   0.000   0.014   0.129   0.857
E E  2RDOL                115    0.680 118.755   0.000   0.011   0.131   0.858
B V  2RDOL                116    0.116  17.880   0.000   0.001   0.109   0.890
E T  2RDOL                117    0.758 105.087   0.000   0.000   0.016   0.984
E T  2RDOL                118    0.424  58.794   0.000   0.000   0.020   0.980
E P  2RDOL                119    0.473  67.103   0.000   0.000   0.042   0.958
B V  2RDOL                120    0.055   8.488   0.000   0.000   0.930   0.070
E T  2RDOL                121    0.301  41.731   0.000   0.000   0.985   0.015
B V  2RDOL                122    0.050   7.663   0.000   0.000   0.989   0.011
E R  2RDOL                123    0.438 100.415   0.000   0.001   0.969   0.030
B G  2RDOL                124    0.213  16.734   0.000   0.001   0.898   0.101
B L  2RDOL                125    0.245  44.772   0.000   0.001   0.886   0.113
E R  2RDOL                126    0.458 104.817   0.000   0.001   0.865   0.134
B V  2RDOL                127    0.076  11.667   0.000   0.001   0.652   0.346
E T  2RDOL                128    0.269  37.340   0.000   0.001   0.119   0.880
E K  2RDOL                129    0.681 140.166   0.000   0.957   0.000   0.043
E G  2RDOL                130    0.427  33.594   0.000   0.967   0.000   0.033
B A  2RDOL                131    0.036   3.957   0.000   0.991   0.000   0.009
E R  2RDOL                132    0.324  74.205   0.000   0.999   0.000   0.001
E A  2RDOL                133    0.503  55.396   0.000   0.998   0.000   0.001
B A  2RDOL                134    0.229  25.218   0.000   0.999   0.000   0.001
B I  2RDOL                135    0.018   3.412   0.000   0.999   0.000   0.001
E E  2RDOL                136    0.586 102.324   0.000   0.996   0.000   0.004
E A  2RDOL                137    0.758  83.513   0.000   0.937   0.000   0.063
B A  2RDOL                138    0.239  26.358   0.000   0.093   0.000   0.907
E G  2RDOL                139    0.639  50.267   0.000   0.004   0.000   0.996
B G  2RDOL                140    0.144  11.360   0.000   0.003   0.009   0.988
E K  2RDOL                141    0.674 138.662   0.000   0.001   0.796   0.203
E I  2RDOL                142    0.255  47.133   0.000   0.001   0.886   0.113
E E  2RDOL                143    0.575 100.463   0.000   0.006   0.552   0.442
E E  2RDOL                144    0.837 146.243   0.000   0.001   0.008   0.991
