# For publication of results, please cite:
# ...
# ... Michael Schantz Klausen, Martin Closter Jespersen, Henrik Nielsen, Kamilla Kjærgaard Jensen, 
# ... Vanessa Isabell Jurtz, Casper Kaae Sønderby, Morten Otto Alexander Sommer, Ole Winther, 
# ... Morten Nielsen, Bent Petersen, and Paolo Marcatili. 
# ... NetSurfP-2.0: Improved prediction of protein structural features by integrated deep learning.
# ... Proteins: Structure, Function, and Bioinformatics (Feb. 2019).
# ... https://doi.org/10.1002/prot.25674
# ...
#
# Column 1: Class assignment - B for buried or E for Exposed - Threshold: 25% exposure, but not based on RSA
# Column 2: Amino acid
# Column 3: Sequence name
# Column 4: Amino acid number
# Column 5: Relative Surface Accessibility - RSA
# Column 6: Absolute Surface Accessibility
# Column 7: Not used
# Column 8: Probability for Alpha-Helix
# Column 9: Probability for Beta-strand
# Column 10: Probability for Coil
E M  3ANZW                  1    0.896 179.373   0.000   0.000   0.000   1.000
E A  3ANZW                  2    0.886  97.605   0.000   0.001   0.001   0.998
E D  3ANZW                  3    0.798 114.943   0.000   0.018   0.007   0.975
E S  3ANZW                  4    0.773  90.599   0.000   0.031   0.003   0.965
E D  3ANZW                  5    0.804 115.873   0.000   0.059   0.013   0.928
E I  3ANZW                  6    0.567 104.987   0.000   0.037   0.044   0.919
E N  3ANZW                  7    0.708 103.694   0.000   0.031   0.105   0.864
E I  3ANZW                  8    0.492  91.080   0.000   0.033   0.188   0.779
E K  3ANZW                  9    0.647 133.092   0.000   0.034   0.247   0.719
E T  3ANZW                 10    0.639  88.614   0.000   0.013   0.195   0.792
E G  3ANZW                 11    0.528  41.590   0.000   0.008   0.223   0.769
E T  3ANZW                 12    0.540  74.901   0.000   0.011   0.445   0.544
E T  3ANZW                 13    0.572  79.291   0.000   0.005   0.763   0.232
E D  3ANZW                 14    0.696 100.273   0.000   0.008   0.789   0.204
B I  3ANZW                 15    0.235  43.476   0.000   0.046   0.207   0.747
E G  3ANZW                 16    0.341  26.824   0.000   0.102   0.178   0.720
E S  3ANZW                 17    0.785  92.034   0.000   0.057   0.066   0.877
E N  3ANZW                 18    0.685 100.319   0.000   0.061   0.035   0.904
B T  3ANZW                 19    0.184  25.498   0.000   0.002   0.356   0.643
E T  3ANZW                 20    0.423  58.730   0.000   0.000   0.957   0.042
E V  3ANZW                 21    0.321  49.293   0.000   0.000   0.949   0.050
E K  3ANZW                 22    0.360  74.094   0.000   0.000   0.974   0.025
E T  3ANZW                 23    0.533  73.963   0.000   0.000   0.947   0.053
B G  3ANZW                 24    0.240  18.868   0.000   0.002   0.900   0.097
E D  3ANZW                 25    0.533  76.802   0.000   0.001   0.923   0.076
E L  3ANZW                 26    0.301  55.155   0.000   0.005   0.947   0.048
E V  3ANZW                 27    0.449  69.069   0.000   0.001   0.969   0.029
E T  3ANZW                 28    0.313  43.442   0.000   0.002   0.967   0.030
E Y  3ANZW                 29    0.471 100.685   0.000   0.001   0.982   0.017
E D  3ANZW                 30    0.266  38.354   0.000   0.001   0.903   0.096
E K  3ANZW                 31    0.730 150.121   0.000   0.073   0.005   0.921
E E  3ANZW                 32    0.790 138.080   0.000   0.055   0.006   0.938
E N  3ANZW                 33    0.380  55.578   0.000   0.061   0.003   0.936
B G  3ANZW                 34    0.188  14.812   0.000   0.002   0.072   0.926
B M  3ANZW                 35    0.077  15.463   0.000   0.000   0.918   0.082
E H  3ANZW                 36    0.283  51.462   0.000   0.000   0.995   0.005
B K  3ANZW                 37    0.174  35.764   0.000   0.000   0.997   0.003
E K  3ANZW                 38    0.330  67.929   0.000   0.000   0.996   0.004
B V  3ANZW                 39    0.083  12.771   0.000   0.000   0.994   0.006
E F  3ANZW                 40    0.255  51.078   0.000   0.000   0.998   0.002
B Y  3ANZW                 41    0.115  24.506   0.000   0.000   0.995   0.005
B S  3ANZW                 42    0.187  21.968   0.000   0.000   0.995   0.005
B F  3ANZW                 43    0.185  37.094   0.000   0.000   0.979   0.021
B I  3ANZW                 44    0.204  37.686   0.000   0.001   0.949   0.050
E D  3ANZW                 45    0.458  65.998   0.000   0.002   0.824   0.174
B D  3ANZW                 46    0.174  25.032   0.000   0.002   0.356   0.642
E K  3ANZW                 47    0.653 134.247   0.000   0.056   0.006   0.938
E N  3ANZW                 48    0.623  91.149   0.000   0.037   0.007   0.955
E H  3ANZW                 49    0.351  63.772   0.000   0.069   0.033   0.898
E N  3ANZW                 50    0.547  80.053   0.000   0.013   0.043   0.944
E K  3ANZW                 51    0.293  60.273   0.000   0.008   0.571   0.421
E K  3ANZW                 52    0.267  54.879   0.000   0.002   0.774   0.225
B L  3ANZW                 53    0.075  13.818   0.000   0.000   0.982   0.018
B L  3ANZW                 54    0.013   2.384   0.000   0.000   0.998   0.002
B V  3ANZW                 55    0.059   9.096   0.000   0.000   0.999   0.001
B I  3ANZW                 56    0.012   2.299   0.000   0.000   0.999   0.001
E R  3ANZW                 57    0.304  69.612   0.000   0.000   0.997   0.003
B T  3ANZW                 58    0.046   6.406   0.000   0.000   0.989   0.011
E K  3ANZW                 59    0.468  96.331   0.000   0.000   0.915   0.085
B G  3ANZW                 60    0.228  17.954   0.000   0.000   0.905   0.095
E T  3ANZW                 61    0.399  55.363   0.000   0.001   0.891   0.108
B I  3ANZW                 62    0.060  11.050   0.000   0.003   0.903   0.095
E A  3ANZW                 63    0.255  28.050   0.000   0.003   0.782   0.215
B G  3ANZW                 64    0.153  12.046   0.000   0.023   0.301   0.676
E Q  3ANZW                 65    0.455  81.234   0.000   0.014   0.287   0.699
B Y  3ANZW                 66    0.227  48.584   0.000   0.010   0.527   0.463
E R  3ANZW                 67    0.464 106.284   0.000   0.003   0.858   0.139
B V  3ANZW                 68    0.157  24.200   0.000   0.002   0.847   0.151
E Y  3ANZW                 69    0.404  86.385   0.000   0.006   0.739   0.255
B S  3ANZW                 70    0.190  22.227   0.000   0.010   0.302   0.688
E E  3ANZW                 71    0.740 129.237   0.000   0.062   0.021   0.917
E E  3ANZW                 72    0.711 124.196   0.000   0.037   0.009   0.954
E G  3ANZW                 73    0.375  29.484   0.000   0.043   0.139   0.818
E A  3ANZW                 74    0.278  30.682   0.000   0.025   0.197   0.777
B N  3ANZW                 75    0.236  34.598   0.000   0.013   0.684   0.304
E K  3ANZW                 76    0.268  55.047   0.000   0.006   0.841   0.153
B S  3ANZW                 77    0.103  12.105   0.000   0.004   0.866   0.130
B G  3ANZW                 78    0.063   4.981   0.000   0.001   0.917   0.082
B L  3ANZW                 79    0.140  25.649   0.000   0.002   0.881   0.117
B A  3ANZW                 80    0.067   7.406   0.000   0.000   0.936   0.064
B W  3ANZW                 81    0.203  48.887   0.000   0.001   0.572   0.427
B P  3ANZW                 82    0.086  12.208   0.000   0.001   0.796   0.203
B S  3ANZW                 83    0.174  20.361   0.000   0.001   0.901   0.098
B A  3ANZW                 84    0.195  21.494   0.000   0.001   0.974   0.025
B F  3ANZW                 85    0.100  20.146   0.000   0.000   0.992   0.008
E K  3ANZW                 86    0.355  72.967   0.000   0.000   0.996   0.004
B V  3ANZW                 87    0.083  12.742   0.000   0.000   0.997   0.003
E Q  3ANZW                 88    0.307  54.744   0.000   0.000   0.997   0.003
B L  3ANZW                 89    0.097  17.677   0.000   0.000   0.993   0.007
E Q  3ANZW                 90    0.406  72.465   0.000   0.000   0.939   0.061
B L  3ANZW                 91    0.122  22.348   0.000   0.000   0.261   0.739
E P  3ANZW                 92    0.367  52.047   0.000   0.037   0.060   0.903
E D  3ANZW                 93    0.700 100.884   0.000   0.074   0.027   0.899
E N  3ANZW                 94    0.721 105.592   0.000   0.063   0.011   0.926
E E  3ANZW                 95    0.478  83.526   0.000   0.042   0.067   0.891
E V  3ANZW                 96    0.451  69.293   0.000   0.008   0.461   0.530
B A  3ANZW                 97    0.181  19.998   0.000   0.007   0.661   0.331
E Q  3ANZW                 98    0.435  77.727   0.000   0.002   0.971   0.027
B I  3ANZW                 99    0.248  45.911   0.000   0.002   0.989   0.010
E S  3ANZW                100    0.286  33.476   0.000   0.003   0.963   0.034
E D  3ANZW                101    0.348  50.090   0.000   0.001   0.942   0.057
E Y  3ANZW                102    0.297  63.464   0.000   0.000   0.964   0.035
B Y  3ANZW                103    0.242  51.762   0.000   0.000   0.737   0.263
E P  3ANZW                104    0.253  35.935   0.000   0.002   0.413   0.585
E R  3ANZW                105    0.486 111.242   0.000   0.005   0.454   0.540
E N  3ANZW                106    0.316  46.313   0.000   0.005   0.403   0.592
E S  3ANZW                107    0.468  54.794   0.000   0.005   0.554   0.441
E I  3ANZW                108    0.326  60.362   0.000   0.008   0.573   0.419
E D  3ANZW                109    0.646  93.030   0.000   0.011   0.464   0.524
E T  3ANZW                110    0.527  73.094   0.000   0.008   0.722   0.270
E K  3ANZW                111    0.447  91.997   0.000   0.003   0.786   0.212
E E  3ANZW                112    0.523  91.430   0.000   0.004   0.908   0.088
E Y  3ANZW                113    0.388  82.992   0.000   0.001   0.943   0.056
E M  3ANZW                114    0.296  59.211   0.000   0.001   0.980   0.019
E S  3ANZW                115    0.375  43.988   0.000   0.000   0.976   0.024
E T  3ANZW                116    0.348  48.315   0.000   0.001   0.956   0.043
E L  3ANZW                117    0.490  89.796   0.000   0.001   0.962   0.038
E T  3ANZW                118    0.353  48.959   0.000   0.000   0.980   0.020
E Y  3ANZW                119    0.575 122.934   0.000   0.001   0.939   0.061
E G  3ANZW                120    0.288  22.681   0.000   0.001   0.953   0.046
E F  3ANZW                121    0.603 121.107   0.000   0.002   0.872   0.126
E N  3ANZW                122    0.599  87.721   0.000   0.002   0.782   0.217
E G  3ANZW                123    0.488  38.388   0.000   0.003   0.538   0.459
E N  3ANZW                124    0.646  94.522   0.000   0.009   0.566   0.425
E V  3ANZW                125    0.457  70.298   0.000   0.006   0.706   0.288
E T  3ANZW                126    0.538  74.610   0.000   0.005   0.715   0.280
E G  3ANZW                127    0.506  39.800   0.000   0.032   0.380   0.588
E D  3ANZW                128    0.612  88.180   0.000   0.046   0.166   0.788
E D  3ANZW                129    0.660  95.072   0.000   0.080   0.071   0.848
E T  3ANZW                130    0.716  99.246   0.000   0.056   0.019   0.925
E G  3ANZW                131    0.566  44.564   0.000   0.102   0.032   0.866
E K  3ANZW                132    0.638 131.322   0.000   0.056   0.109   0.834
E I  3ANZW                133    0.556 102.796   0.000   0.093   0.193   0.714
E G  3ANZW                134    0.479  37.694   0.000   0.072   0.302   0.626
E G  3ANZW                135    0.548  43.136   0.000   0.115   0.277   0.608
E L  3ANZW                136    0.531  97.309   0.000   0.058   0.460   0.482
E I  3ANZW                137    0.613 113.411   0.000   0.060   0.432   0.508
E G  3ANZW                138    0.539  42.424   0.000   0.074   0.336   0.590
E A  3ANZW                139    0.546  60.147   0.000   0.050   0.308   0.642
E N  3ANZW                140    0.660  96.675   0.000   0.040   0.488   0.472
E V  3ANZW                141    0.441  67.849   0.000   0.016   0.698   0.286
E S  3ANZW                142    0.532  62.395   0.000   0.007   0.790   0.203
E I  3ANZW                143    0.405  74.951   0.000   0.004   0.849   0.147
E G  3ANZW                144    0.422  33.219   0.000   0.004   0.857   0.139
E H  3ANZW                145    0.426  77.548   0.000   0.002   0.802   0.195
E T  3ANZW                146    0.445  61.709   0.000   0.001   0.911   0.088
B L  3ANZW                147    0.240  43.931   0.000   0.001   0.938   0.061
E K  3ANZW                148    0.560 115.269   0.000   0.001   0.947   0.053
B Y  3ANZW                149    0.226  48.274   0.000   0.001   0.891   0.108
E V  3ANZW                150    0.496  76.262   0.000   0.001   0.564   0.436
B Q  3ANZW                151    0.168  30.056   0.000   0.002   0.212   0.785
E P  3ANZW                152    0.459  65.184   0.000   0.005   0.098   0.897
E D  3ANZW                153    0.501  72.242   0.000   0.006   0.067   0.927
B F  3ANZW                154    0.122  24.412   0.000   0.004   0.756   0.240
E K  3ANZW                155    0.403  82.878   0.000   0.001   0.909   0.090
B T  3ANZW                156    0.109  15.071   0.000   0.001   0.974   0.026
B I  3ANZW                157    0.247  45.608   0.000   0.000   0.983   0.017
B L  3ANZW                158    0.157  28.808   0.000   0.001   0.973   0.026
E E  3ANZW                159    0.432  75.410   0.000   0.001   0.908   0.091
B S  3ANZW                160    0.199  23.327   0.000   0.001   0.502   0.497
E P  3ANZW                161    0.534  75.789   0.000   0.009   0.099   0.893
E T  3ANZW                162    0.445  61.733   0.000   0.006   0.068   0.927
E D  3ANZW                163    0.529  76.222   0.000   0.016   0.073   0.911
E K  3ANZW                164    0.352  72.340   0.000   0.005   0.163   0.832
E K  3ANZW                165    0.421  86.526   0.000   0.002   0.789   0.209
B V  3ANZW                166    0.060   9.151   0.000   0.000   0.979   0.020
B G  3ANZW                167    0.072   5.681   0.000   0.000   0.994   0.006
B W  3ANZW                168    0.114  27.420   0.000   0.000   0.995   0.005
E K  3ANZW                169    0.260  53.519   0.000   0.000   0.997   0.003
B V  3ANZW                170    0.138  21.254   0.000   0.000   0.993   0.007
B I  3ANZW                171    0.122  22.482   0.000   0.001   0.983   0.016
E F  3ANZW                172    0.256  51.308   0.000   0.005   0.840   0.155
B N  3ANZW                173    0.159  23.222   0.000   0.003   0.854   0.143
E N  3ANZW                174    0.311  45.460   0.000   0.007   0.777   0.216
B M  3ANZW                175    0.066  13.199   0.000   0.006   0.878   0.116
E V  3ANZW                176    0.284  43.602   0.000   0.009   0.777   0.214
B N  3ANZW                177    0.139  20.369   0.000   0.006   0.552   0.442
E Q  3ANZW                178    0.440  78.646   0.000   0.026   0.077   0.896
E N  3ANZW                179    0.614  89.953   0.000   0.029   0.038   0.933
E W  3ANZW                180    0.495 119.022   0.000   0.028   0.044   0.928
E G  3ANZW                181    0.262  20.591   0.000   0.012   0.148   0.840
E P  3ANZW                182    0.489  69.395   0.000   0.018   0.134   0.848
E Y  3ANZW                183    0.281  60.049   0.000   0.014   0.186   0.800
E D  3ANZW                184    0.414  59.638   0.000   0.026   0.128   0.847
B R  3ANZW                185    0.221  50.509   0.000   0.227   0.049   0.724
E D  3ANZW                186    0.504  72.574   0.000   0.262   0.054   0.684
E S  3ANZW                187    0.300  35.131   0.000   0.256   0.073   0.671
E W  3ANZW                188    0.405  97.410   0.000   0.072   0.054   0.874
E N  3ANZW                189    0.295  43.244   0.000   0.018   0.047   0.935
E P  3ANZW                190    0.323  45.782   0.000   0.232   0.041   0.727
E V  3ANZW                191    0.261  40.109   0.000   0.237   0.070   0.693
E Y  3ANZW                192    0.270  57.613   0.000   0.248   0.099   0.653
B G  3ANZW                193    0.116   9.156   0.000   0.385   0.072   0.542
B N  3ANZW                194    0.249  36.426   0.000   0.345   0.150   0.505
B Q  3ANZW                195    0.151  26.942   0.000   0.296   0.405   0.298
B L  3ANZW                196    0.140  25.564   0.000   0.269   0.425   0.306
B F  3ANZW                197    0.153  30.624   0.000   0.136   0.666   0.199
B M  3ANZW                198    0.184  36.788   0.000   0.058   0.675   0.268
B K  3ANZW                199    0.242  49.777   0.000   0.027   0.749   0.224
B T  3ANZW                200    0.206  28.625   0.000   0.020   0.632   0.348
E R  3ANZW                201    0.288  65.998   0.000   0.013   0.457   0.530
E N  3ANZW                202    0.380  55.633   0.000   0.016   0.287   0.696
E G  3ANZW                203    0.307  24.200   0.000   0.020   0.298   0.681
E S  3ANZW                204    0.520  60.991   0.000   0.026   0.260   0.714
B M  3ANZW                205    0.196  39.305   0.000   0.026   0.452   0.523
E K  3ANZW                206    0.421  86.533   0.000   0.023   0.550   0.427
B A  3ANZW                207    0.080   8.859   0.000   0.814   0.026   0.160
E A  3ANZW                208    0.304  33.548   0.000   0.782   0.034   0.183
E E  3ANZW                209    0.477  83.358   0.000   0.786   0.030   0.184
B N  3ANZW                210    0.156  22.909   0.000   0.571   0.078   0.351
B F  3ANZW                211    0.174  34.847   0.000   0.015   0.378   0.607
B L  3ANZW                212    0.115  21.030   0.000   0.004   0.248   0.748
E D  3ANZW                213    0.380  54.826   0.000   0.002   0.024   0.974
E P  3ANZW                214    0.297  42.078   0.000   0.661   0.002   0.337
E N  3ANZW                215    0.676  99.020   0.000   0.631   0.003   0.366
E K  3ANZW                216    0.469  96.430   0.000   0.704   0.011   0.285
B A  3ANZW                217    0.106  11.672   0.000   0.251   0.018   0.731
B S  3ANZW                218    0.250  29.279   0.000   0.284   0.011   0.705
E S  3ANZW                219    0.332  38.902   0.000   0.921   0.001   0.078
B L  3ANZW                220    0.148  27.147   0.000   0.952   0.001   0.047
B L  3ANZW                221    0.210  38.392   0.000   0.964   0.001   0.035
E S  3ANZW                222    0.363  42.497   0.000   0.829   0.002   0.168
E S  3ANZW                223    0.279  32.745   0.000   0.277   0.005   0.718
E G  3ANZW                224    0.302  23.797   0.000   0.029   0.024   0.947
B F  3ANZW                225    0.086  17.308   0.000   0.005   0.264   0.731
E S  3ANZW                226    0.334  39.123   0.000   0.000   0.254   0.746
B P  3ANZW                227    0.065   9.204   0.000   0.001   0.268   0.731
E D  3ANZW                228    0.292  42.100   0.000   0.002   0.341   0.657
B F  3ANZW                229    0.070  13.954   0.000   0.000   0.973   0.027
B A  3ANZW                230    0.084   9.249   0.000   0.000   0.990   0.010
B T  3ANZW                231    0.031   4.334   0.000   0.000   0.998   0.002
B V  3ANZW                232    0.091  13.966   0.000   0.000   0.999   0.001
B I  3ANZW                233    0.039   7.261   0.000   0.000   0.997   0.003
B T  3ANZW                234    0.168  23.246   0.000   0.000   0.987   0.013
B M  3ANZW                235    0.050   9.946   0.000   0.000   0.849   0.150
E D  3ANZW                236    0.369  53.239   0.000   0.007   0.402   0.591
E R  3ANZW                237    0.389  89.049   0.000   0.138   0.045   0.817
E K  3ANZW                238    0.662 136.268   0.000   0.171   0.020   0.809
E A  3ANZW                239    0.460  50.701   0.000   0.154   0.005   0.841
E S  3ANZW                240    0.672  78.704   0.000   0.073   0.009   0.918
E K  3ANZW                241    0.561 115.488   0.000   0.060   0.097   0.843
E Q  3ANZW                242    0.488  87.148   0.000   0.020   0.124   0.856
E Q  3ANZW                243    0.455  81.206   0.000   0.005   0.623   0.371
B T  3ANZW                244    0.071   9.904   0.000   0.001   0.787   0.212
E N  3ANZW                245    0.410  59.973   0.000   0.001   0.841   0.158
B I  3ANZW                246    0.029   5.454   0.000   0.000   0.978   0.022
E D  3ANZW                247    0.276  39.778   0.000   0.000   0.998   0.002
B V  3ANZW                248    0.024   3.733   0.000   0.000   0.998   0.002
B I  3ANZW                249    0.132  24.352   0.000   0.000   0.998   0.002
B Y  3ANZW                250    0.089  18.944   0.000   0.000   0.995   0.005
B E  3ANZW                251    0.218  38.110   0.000   0.000   0.994   0.006
B R  3ANZW                252    0.143  32.737   0.000   0.000   0.990   0.010
B V  3ANZW                253    0.132  20.284   0.000   0.001   0.964   0.035
B R  3ANZW                254    0.215  49.292   0.000   0.008   0.830   0.163
B D  3ANZW                255    0.202  29.117   0.000   0.006   0.683   0.310
E D  3ANZW                256    0.309  44.494   0.000   0.014   0.562   0.424
B Y  3ANZW                257    0.092  19.761   0.000   0.004   0.832   0.164
E Q  3ANZW                258    0.260  46.348   0.000   0.004   0.944   0.052
B L  3ANZW                259    0.063  11.559   0.000   0.002   0.969   0.029
B H  3ANZW                260    0.235  42.757   0.000   0.002   0.951   0.047
B W  3ANZW                261    0.166  39.906   0.000   0.005   0.855   0.140
E T  3ANZW                262    0.296  40.992   0.000   0.008   0.709   0.283
B S  3ANZW                263    0.247  28.904   0.000   0.010   0.666   0.324
E T  3ANZW                264    0.292  40.464   0.000   0.013   0.470   0.518
E N  3ANZW                265    0.439  64.256   0.000   0.021   0.513   0.466
E W  3ANZW                266    0.251  60.449   0.000   0.018   0.520   0.462
E K  3ANZW                267    0.491 101.009   0.000   0.013   0.598   0.389
E G  3ANZW                268    0.283  22.293   0.000   0.025   0.329   0.647
E T  3ANZW                269    0.487  67.495   0.000   0.049   0.314   0.637
E N  3ANZW                270    0.512  74.985   0.000   0.027   0.162   0.811
E T  3ANZW                271    0.534  74.069   0.000   0.034   0.189   0.777
E K  3ANZW                272    0.559 115.044   0.000   0.031   0.379   0.590
E D  3ANZW                273    0.475  68.393   0.000   0.025   0.554   0.421
E K  3ANZW                274    0.439  90.219   0.000   0.011   0.727   0.262
E W  3ANZW                275    0.324  77.941   0.000   0.005   0.907   0.087
E T  3ANZW                276    0.388  53.812   0.000   0.002   0.949   0.049
E D  3ANZW                277    0.320  46.087   0.000   0.003   0.943   0.054
E R  3ANZW                278    0.499 114.222   0.000   0.001   0.973   0.026
B S  3ANZW                279    0.218  25.563   0.000   0.000   0.985   0.015
E S  3ANZW                280    0.451  52.806   0.000   0.000   0.981   0.018
B E  3ANZW                281    0.209  36.496   0.000   0.000   0.990   0.009
E R  3ANZW                282    0.505 115.553   0.000   0.000   0.990   0.009
B Y  3ANZW                283    0.112  24.037   0.000   0.000   0.988   0.011
E K  3ANZW                284    0.489 100.638   0.000   0.001   0.968   0.031
B I  3ANZW                285    0.053   9.744   0.000   0.000   0.925   0.074
E D  3ANZW                286    0.411  59.234   0.000   0.001   0.711   0.288
B W  3ANZW                287    0.182  43.706   0.000   0.047   0.015   0.938
E E  3ANZW                288    0.717 125.208   0.000   0.077   0.013   0.910
E K  3ANZW                289    0.571 117.391   0.000   0.061   0.028   0.911
E E  3ANZW                290    0.441  77.101   0.000   0.065   0.050   0.885
E E  3ANZW                291    0.569  99.439   0.000   0.033   0.653   0.314
E M  3ANZW                292    0.311  62.311   0.000   0.028   0.785   0.187
E T  3ANZW                293    0.434  60.235   0.000   0.024   0.646   0.330
E N  3ANZW                294    0.574  84.035   0.000   0.021   0.439   0.540
E L  3ANZW                295    0.430  78.772   0.000   0.032   0.121   0.847
E E  3ANZW                296    0.684 119.566   0.000   0.021   0.049   0.929
E H  3ANZW                297    0.691 125.698   0.000   0.011   0.008   0.980
E H  3ANZW                298    0.687 124.886   0.000   0.007   0.005   0.988
E H  3ANZW                299    0.679 123.577   0.000   0.007   0.005   0.988
E H  3ANZW                300    0.659 119.921   0.000   0.012   0.010   0.979
E H  3ANZW                301    0.717 130.462   0.000   0.010   0.011   0.979
E H  3ANZW                302    0.863 156.940   0.000   0.000   0.000   1.000
