# For publication of results, please cite:
# ...
# ... Michael Schantz Klausen, Martin Closter Jespersen, Henrik Nielsen, Kamilla Kjærgaard Jensen, 
# ... Vanessa Isabell Jurtz, Casper Kaae Sønderby, Morten Otto Alexander Sommer, Ole Winther, 
# ... Morten Nielsen, Bent Petersen, and Paolo Marcatili. 
# ... NetSurfP-2.0: Improved prediction of protein structural features by integrated deep learning.
# ... Proteins: Structure, Function, and Bioinformatics (Feb. 2019).
# ... https://doi.org/10.1002/prot.25674
# ...
#
# Column 1: Class assignment - B for buried or E for Exposed - Threshold: 25% exposure, but not based on RSA
# Column 2: Amino acid
# Column 3: Sequence name
# Column 4: Amino acid number
# Column 5: Relative Surface Accessibility - RSA
# Column 6: Absolute Surface Accessibility
# Column 7: Not used
# Column 8: Probability for Alpha-Helix
# Column 9: Probability for Beta-strand
# Column 10: Probability for Coil
E M  1COZA                  1    0.640 127.976   0.000   0.000   0.000   1.000
E K  1COZA                  2    0.482  99.221   0.000   0.000   0.177   0.823
E K  1COZA                  3    0.254  52.207   0.000   0.000   0.934   0.066
B V  1COZA                  4    0.009   1.419   0.000   0.000   0.998   0.002
B I  1COZA                  5    0.010   1.912   0.000   0.000   0.999   0.001
B T  1COZA                  6    0.006   0.900   0.000   0.000   0.993   0.007
B Y  1COZA                  7    0.049  10.548   0.000   0.000   0.919   0.081
B G  1COZA                  8    0.054   4.226   0.000   0.000   0.515   0.485
B T  1COZA                  9    0.137  19.004   0.000   0.000   0.030   0.970
B F  1COZA                 10    0.122  24.478   0.000   0.003   0.010   0.987
B D  1COZA                 11    0.212  30.553   0.000   0.007   0.007   0.986
B L  1COZA                 12    0.128  23.400   0.000   0.002   0.003   0.995
B L  1COZA                 13    0.049   8.932   0.000   0.002   0.016   0.982
B H  1COZA                 14    0.154  28.048   0.000   0.003   0.011   0.986
E W  1COZA                 15    0.353  84.820   0.000   0.993   0.000   0.007
B G  1COZA                 16    0.080   6.285   0.000   0.998   0.000   0.002
B H  1COZA                 17    0.017   3.147   0.000   0.998   0.000   0.002
B I  1COZA                 18    0.127  23.463   0.000   0.999   0.000   0.001
E K  1COZA                 19    0.417  85.786   0.000   0.999   0.000   0.001
B L  1COZA                 20    0.020   3.644   0.000   0.999   0.000   0.001
B L  1COZA                 21    0.013   2.456   0.000   0.999   0.000   0.001
E E  1COZA                 22    0.455  79.502   0.000   0.998   0.000   0.002
E R  1COZA                 23    0.352  80.523   0.000   0.994   0.000   0.006
B A  1COZA                 24    0.003   0.314   0.000   0.989   0.000   0.011
E K  1COZA                 25    0.358  73.647   0.000   0.898   0.001   0.101
E Q  1COZA                 26    0.759 135.534   0.000   0.741   0.000   0.259
E L  1COZA                 27    0.283  51.852   0.000   0.616   0.000   0.384
E G  1COZA                 28    0.278  21.869   0.000   0.033   0.011   0.956
E D  1COZA                 29    0.671  96.716   0.000   0.008   0.037   0.955
B Y  1COZA                 30    0.245  52.336   0.000   0.011   0.683   0.306
B L  1COZA                 31    0.065  11.873   0.000   0.001   0.926   0.073
B V  1COZA                 32    0.043   6.620   0.000   0.000   0.996   0.004
B V  1COZA                 33    0.003   0.456   0.000   0.000   0.999   0.001
B A  1COZA                 34    0.003   0.324   0.000   0.000   0.997   0.003
B I  1COZA                 35    0.005   0.916   0.000   0.000   0.982   0.018
B S  1COZA                 36    0.018   2.114   0.000   0.000   0.887   0.113
B T  1COZA                 37    0.059   8.182   0.000   0.003   0.551   0.446
B D  1COZA                 38    0.176  25.398   0.000   0.254   0.095   0.651
E E  1COZA                 39    0.474  82.806   0.000   0.679   0.007   0.314
E F  1COZA                 40    0.320  64.198   0.000   0.696   0.026   0.279
B N  1COZA                 41    0.175  25.619   0.000   0.657   0.021   0.322
E L  1COZA                 42    0.385  70.414   0.000   0.532   0.008   0.460
E Q  1COZA                 43    0.666 118.862   0.000   0.403   0.008   0.589
E K  1COZA                 44    0.501 103.002   0.000   0.294   0.012   0.694
E Q  1COZA                 45    0.622 111.031   0.000   0.142   0.005   0.854
E K  1COZA                 46    0.683 140.464   0.000   0.111   0.005   0.885
E K  1COZA                 47    0.577 118.587   0.000   0.129   0.026   0.845
E A  1COZA                 48    0.259  28.541   0.000   0.049   0.067   0.884
E Y  1COZA                 49    0.282  60.304   0.000   0.015   0.063   0.922
B H  1COZA                 50    0.160  29.180   0.000   0.017   0.041   0.942
E S  1COZA                 51    0.403  47.250   0.000   0.008   0.010   0.983
E Y  1COZA                 52    0.318  67.893   0.000   0.979   0.000   0.021
E E  1COZA                 53    0.668 116.777   0.000   0.995   0.000   0.005
E H  1COZA                 54    0.370  67.275   0.000   0.995   0.000   0.005
B R  1COZA                 55    0.060  13.668   0.000   0.998   0.000   0.002
E K  1COZA                 56    0.289  59.545   0.000   0.997   0.000   0.003
E L  1COZA                 57    0.435  79.735   0.000   0.997   0.000   0.003
B I  1COZA                 58    0.112  20.701   0.000   0.998   0.000   0.002
B L  1COZA                 59    0.027   4.882   0.000   0.987   0.000   0.013
E E  1COZA                 60    0.572  99.877   0.000   0.801   0.001   0.199
E T  1COZA                 61    0.503  69.800   0.000   0.561   0.000   0.439
B I  1COZA                 62    0.087  16.054   0.000   0.075   0.002   0.924
E R  1COZA                 63    0.681 155.897   0.000   0.020   0.011   0.969
B Y  1COZA                 64    0.247  52.800   0.000   0.018   0.052   0.931
B V  1COZA                 65    0.094  14.412   0.000   0.001   0.095   0.904
E D  1COZA                 66    0.491  70.702   0.000   0.001   0.111   0.888
E E  1COZA                 67    0.397  69.345   0.000   0.000   0.973   0.027
E V  1COZA                 68    0.274  42.050   0.000   0.000   0.979   0.021
B I  1COZA                 69    0.112  20.721   0.000   0.000   0.807   0.192
E P  1COZA                 70    0.459  65.140   0.000   0.010   0.475   0.515
E E  1COZA                 71    0.387  67.656   0.000   0.111   0.064   0.825
E K  1COZA                 72    0.698 143.524   0.000   0.109   0.007   0.885
E N  1COZA                 73    0.503  73.676   0.000   0.092   0.007   0.901
B W  1COZA                 74    0.229  55.156   0.000   0.805   0.002   0.194
E E  1COZA                 75    0.676 118.116   0.000   0.853   0.001   0.146
E Q  1COZA                 76    0.455  81.190   0.000   0.846   0.003   0.151
B K  1COZA                 77    0.180  37.067   0.000   0.861   0.003   0.136
E K  1COZA                 78    0.300  61.664   0.000   0.968   0.001   0.031
E Q  1COZA                 79    0.571 102.046   0.000   0.987   0.000   0.013
E D  1COZA                 80    0.281  40.510   0.000   0.987   0.000   0.013
B I  1COZA                 81    0.011   2.116   0.000   0.988   0.000   0.012
E I  1COZA                 82    0.336  62.205   0.000   0.962   0.001   0.037
E D  1COZA                 83    0.761 109.661   0.000   0.872   0.000   0.128
E H  1COZA                 84    0.307  55.884   0.000   0.177   0.000   0.822
E N  1COZA                 85    0.798 116.808   0.000   0.002   0.000   0.998
B I  1COZA                 86    0.032   5.936   0.000   0.000   0.016   0.984
E D  1COZA                 87    0.435  62.655   0.000   0.000   0.013   0.987
B V  1COZA                 88    0.056   8.585   0.000   0.000   0.982   0.018
B F  1COZA                 89    0.023   4.601   0.000   0.000   0.999   0.001
B V  1COZA                 90    0.010   1.470   0.000   0.000   0.997   0.003
B M  1COZA                 91    0.023   4.589   0.000   0.000   0.960   0.040
B G  1COZA                 92    0.076   5.943   0.000   0.020   0.559   0.421
E D  1COZA                 93    0.480  69.122   0.000   0.322   0.046   0.631
E D  1COZA                 94    0.554  79.867   0.000   0.191   0.015   0.794
B W  1COZA                 95    0.222  53.438   0.000   0.308   0.020   0.672
E E  1COZA                 96    0.710 124.107   0.000   0.146   0.018   0.836
E G  1COZA                 97    0.593  46.655   0.000   0.113   0.006   0.881
E K  1COZA                 98    0.449  92.383   0.000   0.261   0.016   0.723
B F  1COZA                 99    0.137  27.502   0.000   0.754   0.006   0.239
E D  1COZA                100    0.669  96.364   0.000   0.916   0.001   0.082
E F  1COZA                101    0.395  79.255   0.000   0.937   0.001   0.062
B L  1COZA                102    0.041   7.591   0.000   0.846   0.001   0.152
E K  1COZA                103    0.455  93.604   0.000   0.609   0.004   0.387
E D  1COZA                104    0.896 129.070   0.000   0.396   0.001   0.604
E Q  1COZA                105    0.512  91.368   0.000   0.300   0.001   0.699
B C  1COZA                106    0.068   9.481   0.000   0.002   0.215   0.784
E E  1COZA                107    0.620 108.255   0.000   0.000   0.930   0.069
E V  1COZA                108    0.269  41.318   0.000   0.000   0.990   0.009
B V  1COZA                109    0.248  38.166   0.000   0.000   0.995   0.005
E Y  1COZA                110    0.468  99.962   0.000   0.000   0.976   0.024
B L  1COZA                111    0.081  14.912   0.000   0.001   0.407   0.593
E P  1COZA                112    0.586  83.140   0.000   0.007   0.030   0.963
E R  1COZA                113    0.567 129.930   0.000   0.012   0.027   0.961
E T  1COZA                114    0.443  61.433   0.000   0.021   0.038   0.941
E E  1COZA                115    0.832 145.323   0.000   0.017   0.005   0.978
E G  1COZA                116    0.721  56.752   0.000   0.005   0.002   0.993
B I  1COZA                117    0.213  39.436   0.000   0.003   0.032   0.965
E S  1COZA                118    0.505  59.203   0.000   0.004   0.016   0.980
E T  1COZA                119    0.449  62.271   0.000   0.762   0.000   0.238
E T  1COZA                120    0.693  96.146   0.000   0.649   0.000   0.351
E K  1COZA                121    0.540 111.122   0.000   0.441   0.001   0.558
B I  1COZA                122    0.157  29.076   0.000   0.242   0.000   0.758
E K  1COZA                123    0.507 104.244   0.000   0.220   0.000   0.780
E E  1COZA                124    0.747 130.494   0.000   0.156   0.000   0.844
E E  1COZA                125    0.582 101.681   0.000   0.117   0.001   0.882
E I  1COZA                126    0.290  53.644   0.000   0.039   0.000   0.960
E A  1COZA                127    0.666  73.379   0.000   0.014   0.001   0.985
E G  1COZA                128    0.800  62.943   0.000   0.008   0.000   0.992
E L  1COZA                129    0.686 125.660   0.000   0.000   0.000   1.000
