# For publication of results, please cite:
# ...
# ... Michael Schantz Klausen, Martin Closter Jespersen, Henrik Nielsen, Kamilla Kjærgaard Jensen, 
# ... Vanessa Isabell Jurtz, Casper Kaae Sønderby, Morten Otto Alexander Sommer, Ole Winther, 
# ... Morten Nielsen, Bent Petersen, and Paolo Marcatili. 
# ... NetSurfP-2.0: Improved prediction of protein structural features by integrated deep learning.
# ... Proteins: Structure, Function, and Bioinformatics (Feb. 2019).
# ... https://doi.org/10.1002/prot.25674
# ...
#
# Column 1: Class assignment - B for buried or E for Exposed - Threshold: 25% exposure, but not based on RSA
# Column 2: Amino acid
# Column 3: Sequence name
# Column 4: Amino acid number
# Column 5: Relative Surface Accessibility - RSA
# Column 6: Absolute Surface Accessibility
# Column 7: Not used
# Column 8: Probability for Alpha-Helix
# Column 9: Probability for Beta-strand
# Column 10: Probability for Coil
E Q  3UYUB                  1    0.882 157.548   0.000   0.001   0.000   0.999
E R  3UYUB                  2    0.580 132.744   0.000   0.035   0.037   0.928
E D  3UYUB                  3    0.787 113.473   0.000   0.024   0.067   0.909
E L  3UYUB                  4    0.355  64.933   0.000   0.028   0.179   0.793
E S  3UYUB                  5    0.604  70.818   0.000   0.013   0.272   0.716
B V  3UYUB                  6    0.133  20.489   0.000   0.010   0.415   0.575
E E  3UYUB                  7    0.540  94.344   0.000   0.005   0.445   0.549
B L  3UYUB                  8    0.082  15.075   0.000   0.186   0.207   0.606
B G  3UYUB                  9    0.247  19.453   0.000   0.224   0.441   0.335
E V  3UYUB                 10    0.290  44.520   0.000   0.223   0.261   0.516
B A  3UYUB                 11    0.057   6.235   0.000   0.346   0.189   0.465
E S  3UYUB                 12    0.292  34.190   0.000   0.346   0.050   0.604
E N  3UYUB                 13    0.456  66.786   0.000   0.248   0.060   0.692
B F  3UYUB                 14    0.085  17.119   0.000   0.065   0.516   0.419
B A  3UYUB                 15    0.024   2.659   0.000   0.031   0.871   0.098
B I  3UYUB                 16    0.034   6.258   0.000   0.019   0.933   0.048
B L  3UYUB                 17    0.048   8.710   0.000   0.013   0.919   0.068
B A  3UYUB                 18    0.043   4.741   0.000   0.009   0.692   0.299
E K  3UYUB                 19    0.382  78.583   0.000   0.044   0.131   0.825
E A  3UYUB                 20    0.307  33.876   0.000   0.055   0.141   0.804
B G  3UYUB                 21    0.143  11.247   0.000   0.014   0.756   0.230
B I  3UYUB                 22    0.066  12.293   0.000   0.002   0.909   0.089
B S  3UYUB                 23    0.234  27.422   0.000   0.002   0.866   0.133
B S  3UYUB                 24    0.226  26.476   0.000   0.001   0.534   0.465
E V  3UYUB                 25    0.278  42.779   0.000   0.001   0.251   0.749
E P  3UYUB                 26    0.495  70.262   0.000   0.005   0.026   0.969
E D  3UYUB                 27    0.652  93.950   0.000   0.007   0.047   0.945
B S  3UYUB                 28    0.103  12.034   0.000   0.006   0.389   0.605
E A  3UYUB                 29    0.323  35.636   0.000   0.001   0.947   0.052
B I  3UYUB                 30    0.037   6.912   0.000   0.000   0.936   0.063
E L  3UYUB                 31    0.371  67.984   0.000   0.000   0.668   0.332
B G  3UYUB                 32    0.136  10.725   0.000   0.001   0.474   0.525
B D  3UYUB                 33    0.246  35.434   0.000   0.000   0.594   0.405
B I  3UYUB                 34    0.014   2.636   0.000   0.001   0.881   0.118
B G  3UYUB                 35    0.041   3.209   0.000   0.000   0.846   0.154
B V  3UYUB                 36    0.085  13.111   0.000   0.000   0.737   0.262
B S  3UYUB                 37    0.150  17.638   0.000   0.000   0.128   0.872
E P  3UYUB                 38    0.325  46.164   0.000   0.369   0.017   0.614
E A  3UYUB                 39    0.377  41.504   0.000   0.501   0.025   0.474
B A  3UYUB                 40    0.204  22.530   0.000   0.560   0.034   0.406
B A  3UYUB                 41    0.135  14.893   0.000   0.660   0.044   0.297
E T  3UYUB                 42    0.404  56.072   0.000   0.702   0.047   0.251
E Y  3UYUB                 43    0.300  64.095   0.000   0.567   0.171   0.262
B I  3UYUB                 44    0.049   9.002   0.000   0.220   0.414   0.366
B T  3UYUB                 45    0.186  25.845   0.000   0.113   0.447   0.440
B G  3UYUB                 46    0.142  11.182   0.000   0.010   0.232   0.758
B F  3UYUB                 47    0.120  24.092   0.000   0.017   0.348   0.634
E G  3UYUB                 48    0.265  20.848   0.000   0.012   0.232   0.756
E L  3UYUB                 49    0.253  46.387   0.000   0.025   0.350   0.625
E T  3UYUB                 50    0.341  47.363   0.000   0.018   0.534   0.448
E Q  3UYUB                 51    0.511  91.229   0.000   0.022   0.628   0.350
E D  3UYUB                 52    0.353  50.851   0.000   0.017   0.130   0.853
E S  3UYUB                 53    0.774  90.661   0.000   0.033   0.019   0.948
E S  3UYUB                 54    0.730  85.572   0.000   0.039   0.029   0.932
E T  3UYUB                 55    0.427  59.169   0.000   0.026   0.048   0.927
E T  3UYUB                 56    0.487  67.530   0.000   0.017   0.352   0.631
E Y  3UYUB                 57    0.280  59.810   0.000   0.016   0.614   0.370
B A  3UYUB                 58    0.185  20.427   0.000   0.005   0.319   0.676
E T  3UYUB                 59    0.618  85.709   0.000   0.005   0.157   0.838
E S  3UYUB                 60    0.291  34.134   0.000   0.002   0.052   0.947
E P  3UYUB                 61    0.286  40.582   0.000   0.008   0.072   0.920
E Q  3UYUB                 62    0.366  65.365   0.000   0.008   0.650   0.341
B V  3UYUB                 63    0.092  14.135   0.000   0.004   0.743   0.254
E T  3UYUB                 64    0.469  65.042   0.000   0.001   0.569   0.430
B G  3UYUB                 65    0.195  15.369   0.000   0.001   0.752   0.248
E M  3UYUB                 66    0.328  65.722   0.000   0.000   0.887   0.112
B I  3UYUB                 67    0.056  10.316   0.000   0.000   0.946   0.054
E Y  3UYUB                 68    0.265  56.733   0.000   0.002   0.894   0.104
B A  3UYUB                 69    0.084   9.309   0.000   0.010   0.586   0.404
B A  3UYUB                 70    0.191  21.046   0.000   0.010   0.162   0.828
E D  3UYUB                 71    0.474  68.271   0.000   0.013   0.071   0.916
E Y  3UYUB                 72    0.320  68.402   0.000   0.050   0.033   0.917
E S  3UYUB                 73    0.638  74.797   0.000   0.036   0.028   0.936
E T  3UYUB                 74    0.626  86.770   0.000   0.004   0.014   0.981
E P  3UYUB                 75    0.286  40.531   0.000   0.002   0.020   0.977
E T  3UYUB                 76    0.429  59.516   0.000   0.009   0.003   0.989
E P  3UYUB                 77    0.643  91.262   0.000   0.907   0.001   0.092
E N  3UYUB                 78    0.791 115.733   0.000   0.937   0.002   0.061
B Y  3UYUB                 79    0.221  47.143   0.000   0.974   0.001   0.025
B L  3UYUB                 80    0.054   9.818   0.000   0.992   0.001   0.008
E A  3UYUB                 81    0.481  52.995   0.000   0.997   0.000   0.003
E A  3UYUB                 82    0.383  42.208   0.000   0.998   0.000   0.002
B A  3UYUB                 83    0.004   0.451   0.000   0.999   0.000   0.001
B V  3UYUB                 84    0.166  25.550   0.000   0.999   0.000   0.001
E A  3UYUB                 85    0.511  56.324   0.000   0.998   0.000   0.002
B N  3UYUB                 86    0.170  24.856   0.000   0.998   0.000   0.002
B A  3UYUB                 87    0.006   0.629   0.000   0.999   0.000   0.001
E E  3UYUB                 88    0.411  71.775   0.000   1.000   0.000   0.000
E T  3UYUB                 89    0.475  65.828   0.000   0.999   0.000   0.001
B A  3UYUB                 90    0.016   1.773   0.000   0.999   0.000   0.001
B Y  3UYUB                 91    0.094  20.126   0.000   0.999   0.000   0.001
E N  3UYUB                 92    0.617  90.261   0.000   0.998   0.000   0.002
E Q  3UYUB                 93    0.499  89.135   0.000   0.985   0.000   0.015
B A  3UYUB                 94    0.019   2.144   0.000   0.927   0.001   0.072
E A  3UYUB                 95    0.289  31.880   0.000   0.617   0.004   0.379
E G  3UYUB                 96    0.719  56.548   0.000   0.301   0.002   0.698
E F  3UYUB                 97    0.316  63.390   0.000   0.118   0.008   0.874
E V  3UYUB                 98    0.276  42.396   0.000   0.011   0.343   0.645
E D  3UYUB                 99    0.399  57.426   0.000   0.001   0.048   0.951
E P  3UYUB                100    0.534  75.840   0.000   0.429   0.015   0.555
E D  3UYUB                101    0.749 107.971   0.000   0.434   0.025   0.541
B F  3UYUB                102    0.235  47.072   0.000   0.292   0.151   0.557
B L  3UYUB                103    0.196  35.846   0.000   0.038   0.597   0.366
E E  3UYUB                104    0.583 101.918   0.000   0.022   0.731   0.248
B L  3UYUB                105    0.158  28.838   0.000   0.025   0.525   0.450
E G  3UYUB                106    0.275  21.671   0.000   0.033   0.234   0.733
E A  3UYUB                107    0.418  46.089   0.000   0.081   0.118   0.801
E G  3UYUB                108    0.357  28.065   0.000   0.145   0.248   0.607
E E  3UYUB                109    0.567  99.068   0.000   0.106   0.467   0.427
B L  3UYUB                110    0.047   8.689   0.000   0.162   0.254   0.584
E R  3UYUB                111    0.441 101.000   0.000   0.029   0.022   0.950
E D  3UYUB                112    0.845 121.806   0.000   0.017   0.004   0.979
E Q  3UYUB                113    0.312  55.805   0.000   0.005   0.602   0.393
E T  3UYUB                114    0.391  54.239   0.000   0.000   0.923   0.076
B L  3UYUB                115    0.026   4.742   0.000   0.000   0.774   0.226
E V  3UYUB                116    0.272  41.854   0.000   0.000   0.090   0.910
B P  3UYUB                117    0.184  26.053   0.000   0.000   0.035   0.965
B G  3UYUB                118    0.055   4.330   0.000   0.000   0.791   0.208
B L  3UYUB                119    0.080  14.727   0.000   0.000   0.948   0.052
B Y  3UYUB                120    0.043   9.090   0.000   0.000   0.981   0.019
E K  3UYUB                121    0.303  62.328   0.000   0.000   0.968   0.031
B W  3UYUB                122    0.075  18.118   0.000   0.002   0.719   0.279
E T  3UYUB                123    0.575  79.746   0.000   0.003   0.114   0.883
E S  3UYUB                124    0.415  48.680   0.000   0.002   0.154   0.843
E S  3UYUB                125    0.451  52.842   0.000   0.007   0.307   0.686
B V  3UYUB                126    0.077  11.825   0.000   0.002   0.876   0.121
E S  3UYUB                127    0.518  60.713   0.000   0.000   0.952   0.048
B V  3UYUB                128    0.043   6.539   0.000   0.000   0.586   0.413
E P  3UYUB                129    0.487  69.102   0.000   0.000   0.088   0.912
E T  3UYUB                130    0.291  40.346   0.000   0.000   0.111   0.888
E D  3UYUB                131    0.500  72.113   0.000   0.002   0.320   0.679
B L  3UYUB                132    0.024   4.345   0.000   0.001   0.885   0.114
E T  3UYUB                133    0.315  43.631   0.000   0.000   0.989   0.011
B F  3UYUB                134    0.023   4.675   0.000   0.000   0.964   0.036
E E  3UYUB                135    0.471  82.326   0.000   0.000   0.776   0.224
B G  3UYUB                136    0.135  10.595   0.000   0.001   0.326   0.673
E N  3UYUB                137    0.516  75.589   0.000   0.003   0.138   0.859
E G  3UYUB                138    0.297  23.380   0.000   0.007   0.022   0.971
E D  3UYUB                139    0.607  87.482   0.000   0.009   0.031   0.960
B A  3UYUB                140    0.076   8.357   0.000   0.006   0.112   0.882
B T  3UYUB                141    0.197  27.259   0.000   0.001   0.719   0.280
B W  3UYUB                142    0.036   8.632   0.000   0.000   0.981   0.019
B V  3UYUB                143    0.020   3.072   0.000   0.000   0.995   0.005
B F  3UYUB                144    0.006   1.231   0.000   0.000   0.995   0.005
B Q  3UYUB                145    0.126  22.514   0.000   0.000   0.992   0.008
B I  3UYUB                146    0.015   2.711   0.000   0.000   0.905   0.095
B A  3UYUB                147    0.188  20.741   0.000   0.002   0.199   0.799
E G  3UYUB                148    0.257  20.257   0.000   0.008   0.115   0.877
B G  3UYUB                149    0.235  18.486   0.000   0.008   0.225   0.766
B L  3UYUB                150    0.021   3.897   0.000   0.004   0.612   0.384
E S  3UYUB                151    0.312  36.623   0.000   0.001   0.963   0.036
B M  3UYUB                152    0.101  20.240   0.000   0.000   0.920   0.080
B A  3UYUB                153    0.197  21.715   0.000   0.001   0.147   0.852
E D  3UYUB                154    0.745 107.321   0.000   0.000   0.010   0.990
E G  3UYUB                155    0.562  44.228   0.000   0.002   0.006   0.992
B V  3UYUB                156    0.080  12.327   0.000   0.001   0.122   0.877
E A  3UYUB                157    0.287  31.639   0.000   0.000   0.940   0.060
B F  3UYUB                158    0.019   3.800   0.000   0.000   0.990   0.010
B T  3UYUB                159    0.250  34.635   0.000   0.000   0.996   0.004
B L  3UYUB                160    0.019   3.529   0.000   0.000   0.968   0.032
B A  3UYUB                161    0.205  22.573   0.000   0.003   0.574   0.423
E G  3UYUB                162    0.483  37.998   0.000   0.007   0.071   0.922
E G  3UYUB                163    0.430  33.822   0.000   0.011   0.010   0.979
B A  3UYUB                164    0.056   6.139   0.000   0.007   0.097   0.896
E N  3UYUB                165    0.402  58.843   0.000   0.002   0.321   0.677
B S  3UYUB                166    0.063   7.440   0.000   0.550   0.108   0.343
E T  3UYUB                167    0.312  43.267   0.000   0.687   0.137   0.176
B N  3UYUB                168    0.117  17.160   0.000   0.922   0.014   0.064
B I  3UYUB                169    0.017   3.113   0.000   0.001   0.947   0.051
B A  3UYUB                170    0.073   8.088   0.000   0.000   0.983   0.016
B F  3UYUB                171    0.038   7.672   0.000   0.000   0.986   0.013
B Q  3UYUB                172    0.124  22.100   0.000   0.000   0.971   0.029
B V  3UYUB                173    0.054   8.245   0.000   0.000   0.864   0.136
B G  3UYUB                174    0.187  14.749   0.000   0.001   0.114   0.884
E D  3UYUB                175    0.514  74.036   0.000   0.004   0.042   0.954
E D  3UYUB                176    0.431  62.071   0.000   0.009   0.307   0.685
B V  3UYUB                177    0.033   5.053   0.000   0.003   0.800   0.197
E T  3UYUB                178    0.366  50.717   0.000   0.000   0.972   0.028
B V  3UYUB                179    0.023   3.526   0.000   0.000   0.956   0.044
B G  3UYUB                180    0.159  12.549   0.000   0.000   0.029   0.971
E K  3UYUB                181    0.608 125.097   0.000   0.000   0.002   0.997
E G  3UYUB                182    0.429  33.789   0.000   0.001   0.002   0.997
B A  3UYUB                183    0.035   3.825   0.000   0.000   0.035   0.965
E H  3UYUB                184    0.351  63.792   0.000   0.000   0.978   0.022
B F  3UYUB                185    0.016   3.168   0.000   0.000   0.994   0.006
E E  3UYUB                186    0.364  63.518   0.000   0.000   0.984   0.015
B G  3UYUB                187    0.034   2.676   0.000   0.000   0.933   0.067
B V  3UYUB                188    0.128  19.675   0.000   0.000   0.990   0.010
B L  3UYUB                189    0.008   1.496   0.000   0.000   0.995   0.005
B L  3UYUB                190    0.062  11.354   0.000   0.000   0.974   0.026
B A  3UYUB                191    0.017   1.891   0.000   0.001   0.774   0.225
E K  3UYUB                192    0.390  80.203   0.000   0.002   0.063   0.935
E R  3UYUB                193    0.438 100.245   0.000   0.002   0.056   0.943
E F  3UYUB                194    0.263  52.747   0.000   0.005   0.449   0.546
B V  3UYUB                195    0.021   3.200   0.000   0.001   0.966   0.034
E T  3UYUB                196    0.308  42.664   0.000   0.000   0.983   0.017
B L  3UYUB                197    0.016   2.883   0.000   0.000   0.887   0.113
E Q  3UYUB                198    0.423  75.588   0.000   0.000   0.065   0.935
E T  3UYUB                199    0.462  64.034   0.000   0.001   0.009   0.991
E G  3UYUB                200    0.534  42.000   0.000   0.001   0.005   0.995
B S  3UYUB                201    0.069   8.124   0.000   0.000   0.027   0.973
E S  3UYUB                202    0.370  43.384   0.000   0.000   0.971   0.029
B L  3UYUB                203    0.025   4.602   0.000   0.000   0.986   0.014
E N  3UYUB                204    0.292  42.795   0.000   0.000   0.934   0.066
B G  3UYUB                205    0.034   2.648   0.000   0.001   0.856   0.143
B R  3UYUB                206    0.160  36.609   0.000   0.001   0.965   0.034
B V  3UYUB                207    0.010   1.583   0.000   0.000   0.987   0.012
B L  3UYUB                208    0.042   7.666   0.000   0.001   0.953   0.046
B S  3UYUB                209    0.022   2.547   0.000   0.000   0.862   0.138
B Q  3UYUB                210    0.247  44.103   0.000   0.003   0.182   0.815
B T  3UYUB                211    0.236  32.667   0.000   0.002   0.131   0.867
E E  3UYUB                212    0.378  66.117   0.000   0.010   0.454   0.535
B V  3UYUB                213    0.032   4.906   0.000   0.002   0.915   0.084
B A  3UYUB                214    0.189  20.843   0.000   0.001   0.975   0.024
B L  3UYUB                215    0.070  12.751   0.000   0.003   0.933   0.065
E Q  3UYUB                216    0.430  76.882   0.000   0.003   0.701   0.296
E K  3UYUB                217    0.634 130.332   0.000   0.041   0.088   0.871
E A  3UYUB                218    0.269  29.697   0.000   0.010   0.131   0.860
E T  3UYUB                219    0.370  51.347   0.000   0.002   0.942   0.056
B V  3UYUB                220    0.040   6.086   0.000   0.000   0.979   0.021
E N  3UYUB                221    0.487  71.244   0.000   0.000   0.845   0.155
E S  3UYUB                222    0.320  37.553   0.000   0.001   0.262   0.737
E P  3UYUB                223    0.301  42.646   0.000   0.001   0.171   0.828
E F  3UYUB                224    0.316  63.519   0.000   0.002   0.259   0.739
B V  3UYUB                225    0.211  32.397   0.000   0.001   0.224   0.776
E P  3UYUB                226    0.377  53.533   0.000   0.000   0.106   0.893
E A  3UYUB                227    0.355  39.079   0.000   0.004   0.026   0.970
E P  3UYUB                228    0.251  35.640   0.000   0.016   0.022   0.963
E E  3UYUB                229    0.708 123.673   0.000   0.032   0.185   0.783
E V  3UYUB                230    0.352  54.063   0.000   0.027   0.486   0.487
E V  3UYUB                231    0.317  48.721   0.000   0.024   0.654   0.322
E Q  3UYUB                232    0.514  91.760   0.000   0.019   0.691   0.289
E K  3UYUB                233    0.482  99.171   0.000   0.047   0.513   0.439
E R  3UYUB                234    0.489 111.908   0.000   0.067   0.168   0.765
E S  3UYUB                235    0.642  75.224   0.000   0.158   0.076   0.766
E N  3UYUB                236    0.575  84.126   0.000   0.154   0.041   0.805
E A  3UYUB                237    0.427  47.035   0.000   0.170   0.033   0.797
E R  3UYUB                238    0.618 141.613   0.000   0.140   0.053   0.807
E Q  3UYUB                239    0.645 115.229   0.000   0.164   0.059   0.777
E W  3UYUB                240    0.561 134.971   0.000   0.074   0.029   0.897
E L  3UYUB                241    0.705 129.117   0.000   0.001   0.000   0.999
