# For publication of results, please cite:
# ...
# ... Michael Schantz Klausen, Martin Closter Jespersen, Henrik Nielsen, Kamilla Kjærgaard Jensen, 
# ... Vanessa Isabell Jurtz, Casper Kaae Sønderby, Morten Otto Alexander Sommer, Ole Winther, 
# ... Morten Nielsen, Bent Petersen, and Paolo Marcatili. 
# ... NetSurfP-2.0: Improved prediction of protein structural features by integrated deep learning.
# ... Proteins: Structure, Function, and Bioinformatics (Feb. 2019).
# ... https://doi.org/10.1002/prot.25674
# ...
#
# Column 1: Class assignment - B for buried or E for Exposed - Threshold: 25% exposure, but not based on RSA
# Column 2: Amino acid
# Column 3: Sequence name
# Column 4: Amino acid number
# Column 5: Relative Surface Accessibility - RSA
# Column 6: Absolute Surface Accessibility
# Column 7: Not used
# Column 8: Probability for Alpha-Helix
# Column 9: Probability for Beta-strand
# Column 10: Probability for Coil
E A  2RTBB                  1    0.809  89.184   0.000   0.000   0.000   0.999
E E  2RTBB                  2    0.660 115.361   0.000   0.005   0.403   0.592
B A  2RTBB                  3    0.238  26.273   0.000   0.003   0.538   0.458
E G  2RTBB                  4    0.284  22.315   0.000   0.002   0.689   0.309
B I  2RTBB                  5    0.121  22.467   0.000   0.002   0.828   0.170
E T  2RTBB                  6    0.405  56.182   0.000   0.000   0.928   0.072
B G  2RTBB                  7    0.150  11.790   0.000   0.000   0.990   0.010
E T  2RTBB                  8    0.327  45.422   0.000   0.000   0.994   0.006
B W  2RTBB                  9    0.063  15.256   0.000   0.000   0.987   0.013
E Y  2RTBB                 10    0.400  85.466   0.000   0.000   0.988   0.012
B N  2RTBB                 11    0.042   6.170   0.000   0.000   0.518   0.481
E Q  2RTBB                 12    0.656 117.073   0.000   0.002   0.002   0.996
E L  2RTBB                 13    0.386  70.761   0.000   0.001   0.000   0.999
E G  2RTBB                 14    0.452  35.605   0.000   0.000   0.006   0.993
B S  2RTBB                 15    0.060   6.977   0.000   0.000   0.030   0.970
E T  2RTBB                 16    0.348  48.304   0.000   0.000   0.995   0.005
B F  2RTBB                 17    0.030   6.049   0.000   0.000   0.998   0.002
B I  2RTBB                 18    0.227  41.997   0.000   0.000   0.999   0.001
B V  2RTBB                 19    0.030   4.651   0.000   0.000   0.997   0.003
E T  2RTBB                 20    0.351  48.640   0.000   0.000   0.979   0.021
E A  2RTBB                 21    0.256  28.201   0.000   0.000   0.895   0.105
E G  2RTBB                 22    0.284  22.388   0.000   0.001   0.016   0.982
E A  2RTBB                 23    0.925 101.968   0.000   0.006   0.001   0.993
E D  2RTBB                 24    0.797 114.894   0.000   0.016   0.000   0.983
E G  2RTBB                 25    0.328  25.811   0.000   0.017   0.002   0.981
B A  2RTBB                 26    0.220  24.231   0.000   0.000   0.087   0.912
B L  2RTBB                 27    0.061  11.108   0.000   0.000   0.988   0.012
E T  2RTBB                 28    0.362  50.184   0.000   0.000   0.996   0.004
B G  2RTBB                 29    0.130  10.201   0.000   0.000   0.998   0.002
E T  2RTBB                 30    0.319  44.290   0.000   0.000   0.998   0.002
B Y  2RTBB                 31    0.066  14.097   0.000   0.000   0.997   0.003
E E  2RTBB                 32    0.395  68.972   0.000   0.000   0.989   0.011
B S  2RTBB                 33    0.056   6.508   0.000   0.000   0.747   0.252
E A  2RTBB                 34    0.344  37.904   0.000   0.002   0.167   0.831
B V  2RTBB                 35    0.215  33.120   0.000   0.016   0.068   0.916
E G  2RTBB                 36    0.472  37.169   0.000   0.078   0.104   0.818
E N  2RTBB                 37    0.630  92.173   0.000   0.070   0.086   0.844
E A  2RTBB                 38    0.389  42.859   0.000   0.069   0.043   0.888
E E  2RTBB                 39    0.796 139.111   0.000   0.039   0.034   0.927
E S  2RTBB                 40    0.460  53.958   0.000   0.029   0.146   0.825
E R  2RTBB                 41    0.561 128.574   0.000   0.002   0.421   0.577
B Y  2RTBB                 42    0.199  42.565   0.000   0.000   0.967   0.033
E V  2RTBB                 43    0.449  69.047   0.000   0.000   0.977   0.023
B L  2RTBB                 44    0.061  11.179   0.000   0.000   0.820   0.180
E T  2RTBB                 45    0.371  51.482   0.000   0.000   0.964   0.036
B G  2RTBB                 46    0.134  10.523   0.000   0.000   0.943   0.056
E R  2RTBB                 47    0.351  80.398   0.000   0.000   0.986   0.013
E Y  2RTBB                 48    0.277  59.191   0.000   0.001   0.905   0.094
E D  2RTBB                 49    0.410  59.079   0.000   0.002   0.490   0.508
E S  2RTBB                 50    0.353  41.347   0.000   0.025   0.055   0.919
E A  2RTBB                 51    0.433  47.718   0.000   0.103   0.056   0.842
E P  2RTBB                 52    0.523  74.254   0.000   0.202   0.043   0.755
E A  2RTBB                 53    0.353  38.912   0.000   0.259   0.015   0.726
E T  2RTBB                 54    0.683  94.721   0.000   0.282   0.022   0.695
E D  2RTBB                 55    0.730 105.246   0.000   0.218   0.012   0.769
E G  2RTBB                 56    0.441  34.721   0.000   0.045   0.016   0.939
E S  2RTBB                 57    0.455  53.360   0.000   0.018   0.100   0.883
B G  2RTBB                 58    0.210  16.546   0.000   0.005   0.215   0.779
B T  2RTBB                 59    0.205  28.430   0.000   0.003   0.507   0.490
B A  2RTBB                 60    0.100  11.008   0.000   0.000   0.770   0.229
B L  2RTBB                 61    0.041   7.458   0.000   0.000   0.989   0.011
B G  2RTBB                 62    0.096   7.584   0.000   0.000   0.993   0.007
B W  2RTBB                 63    0.041   9.953   0.000   0.000   0.998   0.002
B T  2RTBB                 64    0.231  32.053   0.000   0.000   0.998   0.002
B V  2RTBB                 65    0.022   3.305   0.000   0.000   0.995   0.005
B A  2RTBB                 66    0.207  22.833   0.000   0.000   0.976   0.024
B W  2RTBB                 67    0.115  27.612   0.000   0.001   0.854   0.145
E K  2RTBB                 68    0.461  94.750   0.000   0.022   0.481   0.497
E N  2RTBB                 69    0.398  58.338   0.000   0.057   0.168   0.774
E N  2RTBB                 70    0.697 101.987   0.000   0.103   0.020   0.877
E Y  2RTBB                 71    0.605 129.186   0.000   0.130   0.019   0.851
E R  2RTBB                 72    0.651 149.079   0.000   0.193   0.031   0.776
E N  2RTBB                 73    0.685 100.326   0.000   0.138   0.054   0.807
B A  2RTBB                 74    0.158  17.455   0.000   0.032   0.229   0.739
E H  2RTBB                 75    0.516  93.803   0.000   0.024   0.296   0.680
B S  2RTBB                 76    0.118  13.844   0.000   0.003   0.740   0.258
E A  2RTBB                 77    0.329  36.279   0.000   0.001   0.848   0.151
B T  2RTBB                 78    0.129  17.915   0.000   0.000   0.961   0.039
E T  2RTBB                 79    0.380  52.759   0.000   0.000   0.983   0.017
B W  2RTBB                 80    0.172  41.307   0.000   0.000   0.997   0.003
E S  2RTBB                 81    0.398  46.657   0.000   0.000   0.997   0.003
B G  2RTBB                 82    0.074   5.808   0.000   0.000   0.997   0.003
E Q  2RTBB                 83    0.417  74.474   0.000   0.000   0.994   0.006
B Y  2RTBB                 84    0.084  17.902   0.000   0.000   0.986   0.014
E V  2RTBB                 85    0.371  57.033   0.000   0.000   0.949   0.051
E G  2RTBB                 86    0.318  25.025   0.000   0.001   0.728   0.271
E G  2RTBB                 87    0.687  54.058   0.000   0.010   0.006   0.984
E A  2RTBB                 88    0.859  94.640   0.000   0.015   0.001   0.984
E E  2RTBB                 89    0.612 106.950   0.000   0.011   0.507   0.482
B A  2RTBB                 90    0.177  19.557   0.000   0.003   0.740   0.257
E R  2RTBB                 91    0.391  89.578   0.000   0.000   0.960   0.040
B I  2RTBB                 92    0.044   8.153   0.000   0.000   0.996   0.004
E N  2RTBB                 93    0.344  50.335   0.000   0.000   0.997   0.003
B T  2RTBB                 94    0.033   4.595   0.000   0.000   0.995   0.005
E Q  2RTBB                 95    0.339  60.550   0.000   0.000   0.986   0.014
B W  2RTBB                 96    0.093  22.444   0.000   0.000   0.994   0.005
B L  2RTBB                 97    0.237  43.400   0.000   0.001   0.994   0.005
B L  2RTBB                 98    0.063  11.618   0.000   0.001   0.988   0.012
B T  2RTBB                 99    0.214  29.735   0.000   0.001   0.978   0.021
E S  2RTBB                100    0.316  37.090   0.000   0.003   0.786   0.211
E G  2RTBB                101    0.428  33.666   0.000   0.008   0.138   0.854
E T  2RTBB                102    0.746 103.516   0.000   0.005   0.013   0.982
E T  2RTBB                103    0.478  66.326   0.000   0.040   0.031   0.929
E E  2RTBB                104    0.665 116.196   0.000   0.611   0.006   0.383
E A  2RTBB                105    0.587  64.674   0.000   0.653   0.009   0.338
E N  2RTBB                106    0.535  78.326   0.000   0.643   0.013   0.344
B A  2RTBB                107    0.245  26.947   0.000   0.533   0.035   0.432
E W  2RTBB                108    0.291  69.928   0.000   0.287   0.119   0.594
E K  2RTBB                109    0.538 110.653   0.000   0.234   0.193   0.573
B S  2RTBB                110    0.149  17.421   0.000   0.041   0.445   0.515
E T  2RTBB                111    0.384  53.296   0.000   0.003   0.925   0.072
E L  2RTBB                112    0.324  59.259   0.000   0.001   0.983   0.016
E V  2RTBB                113    0.369  56.748   0.000   0.001   0.908   0.090
E G  2RTBB                114    0.299  23.501   0.000   0.001   0.922   0.077
E H  2RTBB                115    0.510  92.726   0.000   0.002   0.841   0.157
B D  2RTBB                116    0.246  35.515   0.000   0.003   0.667   0.330
E T  2RTBB                117    0.411  57.045   0.000   0.001   0.929   0.070
B F  2RTBB                118    0.171  34.309   0.000   0.000   0.956   0.043
E T  2RTBB                119    0.453  62.785   0.000   0.000   0.987   0.013
E K  2RTBB                120    0.458  94.286   0.000   0.000   0.931   0.069
E V  2RTBB                121    0.539  82.788   0.000   0.000   0.173   0.827
E K  2RTBB                122    0.862 177.219   0.000   0.000   0.015   0.985
E P  2RTBB                123    0.939 133.279   0.000   0.000   0.000   1.000
